cell_id,cell_type,diameter_um,organelle_count,viability_pct
CELL_88304,Neuron,43.88,30,69.86
CELL_12632,Erythrocyte,10.32,42,89.64
CELL_75739,Neuron,27.39,6,54.73
CELL_26469,Neuron,119.85,42,58.04
CELL_41915,Leukocyte,119.78,38,90.04
CELL_90004,Erythrocyte,80.69,50,60.59
CELL_82539,Leukocyte,77.49,12,97.86
CELL_87824,Fibroblast,27.85,8,73.37
CELL_64296,Erythrocyte,7.3,10,78.79
CELL_75582,Myocyte,73.81,21,60.12
CELL_66349,Leukocyte,99.99,28,99.44
CELL_51222,Stem Cell,81.55,20,96.13
CELL_63783,Erythrocyte,42.61,50,74.47
CELL_15789,Fibroblast,119.66,32,72.26
CELL_24449,Epithelial,29.84,17,90.73
CELL_88885,Neuron,36.75,19,63.48
CELL_19854,Epithelial,94.75,42,68.23
CELL_79959,Stem Cell,54.28,10,96.21
CELL_53111,Myocyte,108.97,45,73.26
CELL_31262,Myocyte,57.18,35,53.16
CELL_86028,Fibroblast,110.3,34,52.69
CELL_68386,Fibroblast,68.21,32,54.04
CELL_60275,Epithelial,112.74,8,99.47
CELL_32939,Leukocyte,6.4,12,67.98
CELL_49990,Stem Cell,37.94,48,93.1
CELL_13414,Erythrocyte,53.31,11,93.84
CELL_54282,Fibroblast,108.52,8,67.87
CELL_72580,Erythrocyte,97.37,11,59.07
CELL_50205,Epithelial,111.24,7,97.57
CELL_68361,Stem Cell,86.37,32,90.56
CELL_22794,Stem Cell,107.28,39,77.27
CELL_52477,Erythrocyte,119.07,38,80.31
CELL_27917,Myocyte,34.11,49,67.3
CELL_72488,Myocyte,92.98,23,82.95
CELL_64785,Fibroblast,45.2,36,60.77
CELL_43601,Neuron,53.33,49,64.91
CELL_37166,Fibroblast,97.52,45,90.57
CELL_64668,Neuron,100.19,48,81.01
CELL_80941,Erythrocyte,88.31,21,51.94
CELL_68750,Neuron,86.41,32,71.7
CELL_91942,Erythrocyte,29.86,42,70.85
CELL_81015,Myocyte,27.58,49,81.55
CELL_55442,Stem Cell,103.29,49,87.93
CELL_28040,Neuron,78.36,27,59.09
CELL_69638,Leukocyte,93.09,29,83.63
CELL_70791,Fibroblast,49.05,33,98.5
CELL_71484,Myocyte,102.71,46,85.14
CELL_79498,Fibroblast,90.52,30,59.57
CELL_44384,Stem Cell,59.43,26,81.0
CELL_16166,Myocyte,114.72,8,81.85
CELL_57405,Stem Cell,118.68,36,55.44
CELL_88242,Myocyte,56.17,11,76.26
CELL_46211,Erythrocyte,90.13,18,67.49
CELL_58959,Epithelial,60.99,12,84.67
CELL_76276,Stem Cell,7.55,33,80.64
CELL_76938,Erythrocyte,17.04,39,75.98
CELL_20042,Erythrocyte,42.16,40,90.15
CELL_51854,Neuron,108.3,41,79.21
CELL_52193,Neuron,19.93,7,78.69
CELL_80786,Erythrocyte,13.73,44,64.68
CELL_19941,Erythrocyte,82.22,36,66.84
CELL_21283,Neuron,41.59,11,90.17
CELL_79222,Fibroblast,96.16,7,96.8
CELL_89315,Stem Cell,16.62,33,87.39
CELL_73738,Stem Cell,105.18,35,61.81
CELL_26093,Neuron,12.21,17,56.1
CELL_37011,Fibroblast,14.61,31,76.09
CELL_53590,Stem Cell,49.1,46,67.39
CELL_13599,Erythrocyte,36.73,23,89.1
CELL_40261,Myocyte,61.2,32,80.19
CELL_51728,Myocyte,29.39,41,67.77
CELL_62163,Stem Cell,66.23,25,66.61
CELL_30409,Stem Cell,31.46,11,81.67
CELL_57072,Neuron,34.7,31,62.17
CELL_95081,Erythrocyte,100.99,38,98.21
CELL_63000,Erythrocyte,23.6,26,90.11
CELL_79807,Erythrocyte,50.51,25,84.34
CELL_36118,Myocyte,32.69,23,67.42
CELL_38528,Myocyte,40.05,5,73.51
CELL_26528,Neuron,59.04,8,67.83
CELL_41331,Stem Cell,119.82,21,98.29
CELL_25682,Myocyte,82.31,26,85.17
CELL_42807,Stem Cell,55.39,16,94.59
CELL_88526,Erythrocyte,34.06,45,91.57
CELL_13121,Erythrocyte,71.27,48,71.4
CELL_29402,Leukocyte,19.18,42,59.3
CELL_37935,Leukocyte,18.83,28,79.36
CELL_77734,Fibroblast,49.12,30,65.09
CELL_52308,Myocyte,95.26,38,59.09
CELL_35513,Neuron,108.12,35,55.09
CELL_44892,Leukocyte,91.57,15,91.45
CELL_96876,Leukocyte,82.5,27,62.49
CELL_25164,Myocyte,112.83,9,84.38
CELL_31175,Stem Cell,44.07,50,54.83
CELL_82085,Fibroblast,44.8,32,86.29
CELL_21061,Fibroblast,5.94,45,60.61
CELL_24344,Stem Cell,102.11,17,60.93
CELL_60501,Epithelial,81.49,11,71.71
CELL_53171,Epithelial,87.85,38,54.58
CELL_30397,Leukocyte,55.84,32,56.67
CELL_73343,Leukocyte,37.98,20,50.2
CELL_35268,Erythrocyte,73.6,47,76.96
CELL_92812,Fibroblast,57.66,29,69.07
CELL_18300,Epithelial,53.53,8,83.94
CELL_75428,Epithelial,22.33,40,89.08
CELL_88207,Erythrocyte,13.21,25,73.11
CELL_62520,Fibroblast,73.64,27,58.09
CELL_10020,Neuron,58.55,6,86.88
CELL_14913,Fibroblast,37.33,37,85.55
CELL_38560,Erythrocyte,50.52,25,70.19
CELL_39599,Erythrocyte,54.65,32,62.25
CELL_66490,Erythrocyte,102.01,19,75.38
CELL_53115,Leukocyte,13.22,29,79.13
CELL_84279,Myocyte,94.47,22,72.46
CELL_13055,Stem Cell,41.47,6,82.99
CELL_75792,Leukocyte,107.92,31,79.59
CELL_60116,Myocyte,44.75,39,72.6
CELL_29268,Leukocyte,86.63,41,94.71
CELL_44910,Fibroblast,15.89,38,80.16
CELL_59686,Fibroblast,75.2,50,55.94
CELL_20392,Epithelial,106.84,36,90.7
CELL_54545,Neuron,18.6,18,98.85
CELL_15459,Neuron,85.17,40,74.28
CELL_25516,Fibroblast,63.19,31,82.06
CELL_74371,Myocyte,63.22,8,78.29
CELL_41910,Erythrocyte,104.33,50,92.0
CELL_94218,Leukocyte,118.58,6,56.65
CELL_56971,Fibroblast,90.69,36,54.62
CELL_87356,Leukocyte,81.61,29,76.57
CELL_19443,Stem Cell,5.09,29,51.62
CELL_40975,Epithelial,71.99,31,99.06
CELL_65805,Leukocyte,20.3,18,83.48
CELL_21260,Leukocyte,25.69,46,63.63
CELL_32622,Myocyte,77.06,34,80.23
CELL_49583,Epithelial,7.94,46,89.18
CELL_81596,Leukocyte,109.18,24,93.48
CELL_34076,Epithelial,75.18,15,63.0
CELL_30630,Epithelial,77.14,37,85.34
CELL_70653,Epithelial,13.34,47,79.84
CELL_15314,Erythrocyte,71.16,45,87.64
CELL_96375,Neuron,45.52,48,92.0
CELL_97097,Stem Cell,37.31,22,61.21
CELL_58805,Neuron,28.47,13,97.05
CELL_48769,Neuron,15.91,24,50.01
CELL_52470,Myocyte,82.15,40,54.53
CELL_77959,Stem Cell,64.4,22,63.51
CELL_50754,Epithelial,18.88,45,86.18
CELL_33571,Leukocyte,87.93,14,73.63
CELL_28991,Stem Cell,78.22,11,86.41
CELL_60876,Myocyte,52.37,34,85.22
CELL_34939,Erythrocyte,43.17,10,97.2
CELL_36495,Leukocyte,97.01,47,56.42
CELL_18209,Leukocyte,43.04,31,90.83
CELL_18774,Stem Cell,82.86,13,59.33
CELL_82106,Erythrocyte,111.51,35,71.22
CELL_22135,Fibroblast,98.78,22,91.31
CELL_61798,Erythrocyte,80.61,43,86.0
CELL_92572,Leukocyte,114.47,35,55.67
CELL_38198,Stem Cell,60.12,22,95.02
CELL_83237,Epithelial,23.46,35,85.86
CELL_18803,Neuron,12.18,45,75.91
CELL_37108,Erythrocyte,80.66,48,69.07
CELL_70963,Leukocyte,23.95,45,52.49
CELL_60547,Epithelial,62.59,8,92.02
CELL_23057,Epithelial,34.5,46,72.69
CELL_49772,Stem Cell,69.04,11,83.57
CELL_76851,Erythrocyte,111.64,13,97.83
CELL_95698,Leukocyte,73.54,14,57.45
CELL_23408,Fibroblast,95.71,6,80.46
CELL_72390,Epithelial,86.67,32,85.86
CELL_27876,Epithelial,91.26,15,90.97
CELL_92469,Leukocyte,21.62,36,81.73
CELL_99183,Leukocyte,53.81,45,50.72
CELL_13035,Epithelial,30.26,10,61.15
CELL_15913,Myocyte,49.41,32,67.27
CELL_66156,Stem Cell,19.95,21,92.48
CELL_37197,Leukocyte,18.18,19,73.84
CELL_71480,Stem Cell,61.75,7,58.78
CELL_94208,Stem Cell,71.18,40,88.76
CELL_11824,Leukocyte,106.05,49,53.35
CELL_90976,Stem Cell,18.12,46,54.58
CELL_73106,Leukocyte,12.89,26,63.12
CELL_50522,Myocyte,50.27,29,79.96
CELL_16767,Stem Cell,42.45,20,61.39
CELL_18865,Epithelial,117.12,46,89.12
CELL_86519,Fibroblast,74.32,28,70.96
CELL_22030,Neuron,96.88,20,99.36
CELL_95577,Stem Cell,44.9,9,96.6
CELL_29931,Myocyte,68.78,41,52.85
CELL_57451,Epithelial,45.6,44,83.68
CELL_97909,Fibroblast,102.8,5,74.27
CELL_32145,Fibroblast,19.36,31,67.33
CELL_89691,Epithelial,29.76,31,77.21
CELL_12664,Erythrocyte,60.48,34,97.38
CELL_28351,Leukocyte,71.64,40,55.24
CELL_52944,Epithelial,109.35,40,75.31
CELL_71428,Epithelial,73.22,13,59.38
CELL_78020,Leukocyte,71.56,43,71.41
CELL_78746,Epithelial,32.26,44,67.33
CELL_67084,Stem Cell,54.42,29,58.54
CELL_20489,Myocyte,79.77,8,94.83
CELL_84235,Neuron,10.51,10,71.01
CELL_75711,Epithelial,70.5,40,76.56
CELL_70551,Epithelial,82.55,24,74.64
CELL_36880,Leukocyte,33.74,46,94.77
CELL_92790,Erythrocyte,62.79,40,81.24
CELL_16857,Leukocyte,25.51,47,87.1
CELL_49230,Erythrocyte,67.23,26,66.81
CELL_41032,Fibroblast,39.54,30,74.21
CELL_18788,Epithelial,100.1,49,87.45
CELL_23190,Fibroblast,52.29,33,65.52
CELL_10480,Erythrocyte,24.37,13,53.96
CELL_35456,Stem Cell,20.81,6,65.53
CELL_77053,Leukocyte,34.53,11,92.97
CELL_36999,Fibroblast,5.68,50,53.09
CELL_88638,Myocyte,99.39,46,80.61
CELL_19857,Stem Cell,86.09,48,68.18
CELL_30989,Epithelial,104.89,44,74.71
CELL_44673,Fibroblast,41.73,39,73.8
CELL_55108,Epithelial,16.56,10,77.85
CELL_47165,Leukocyte,11.28,18,62.85
CELL_46458,Erythrocyte,90.34,12,68.27
CELL_54158,Stem Cell,60.88,11,65.3
CELL_45083,Stem Cell,81.68,39,62.26
CELL_43510,Erythrocyte,7.61,27,93.86
CELL_70489,Leukocyte,43.13,37,86.5
CELL_78920,Erythrocyte,37.39,38,50.52
CELL_74882,Erythrocyte,31.67,21,62.03
CELL_25380,Neuron,60.54,6,93.97
CELL_52445,Neuron,86.3,16,91.12
CELL_27710,Myocyte,29.02,28,84.18
CELL_27267,Erythrocyte,14.41,15,52.14
CELL_88744,Epithelial,15.22,45,95.58
CELL_16871,Epithelial,39.5,20,67.26
CELL_15232,Erythrocyte,74.82,12,74.66
CELL_19300,Erythrocyte,20.33,40,72.09
CELL_79827,Fibroblast,8.6,33,97.19
CELL_77264,Epithelial,76.91,49,71.63
CELL_41670,Neuron,48.09,27,95.14
CELL_41687,Myocyte,60.12,10,75.32
CELL_76072,Myocyte,106.1,43,76.47
CELL_23146,Myocyte,20.95,8,92.51
CELL_13818,Erythrocyte,64.81,16,55.45
CELL_51366,Epithelial,104.59,32,58.42
CELL_88558,Epithelial,44.09,47,80.48
CELL_14841,Neuron,12.43,26,71.13
CELL_14562,Myocyte,83.83,50,93.39
CELL_77689,Erythrocyte,82.32,28,65.12
CELL_97030,Stem Cell,35.23,27,76.55
CELL_90682,Stem Cell,5.88,16,73.04
CELL_33537,Epithelial,23.84,26,99.8
CELL_83845,Epithelial,42.83,29,74.45
CELL_66758,Erythrocyte,13.84,14,75.25
CELL_91731,Stem Cell,82.73,41,53.54
CELL_45575,Fibroblast,89.49,18,55.23
CELL_81477,Stem Cell,113.58,36,51.8
CELL_52523,Epithelial,60.14,13,59.51
CELL_34500,Erythrocyte,117.39,44,66.01
CELL_29073,Epithelial,70.15,45,82.2
CELL_42284,Epithelial,84.92,26,55.74
CELL_56937,Fibroblast,40.04,46,95.54
CELL_30981,Myocyte,112.61,12,95.48
CELL_19371,Neuron,64.32,7,93.65
CELL_12262,Erythrocyte,103.75,21,76.78
CELL_31037,Stem Cell,50.88,17,75.04
CELL_67392,Neuron,7.27,17,86.96
CELL_59207,Stem Cell,24.84,10,78.23
CELL_31202,Stem Cell,73.87,26,71.35
CELL_76483,Fibroblast,97.95,22,76.74
CELL_58693,Leukocyte,32.2,43,83.28
CELL_24884,Myocyte,104.01,13,87.72
CELL_12139,Myocyte,91.33,15,70.27
CELL_21637,Stem Cell,88.79,47,93.07
CELL_42237,Epithelial,20.97,40,57.17
CELL_36583,Epithelial,57.74,26,78.69
CELL_32845,Fibroblast,41.54,35,86.2
CELL_54106,Erythrocyte,30.16,46,71.35
CELL_14185,Myocyte,18.18,49,78.26
CELL_94866,Fibroblast,93.68,13,53.47
CELL_17310,Epithelial,27.79,45,71.35
CELL_88149,Leukocyte,7.38,7,72.51
CELL_94028,Myocyte,74.95,36,79.02
CELL_25706,Stem Cell,24.29,23,78.24
CELL_55674,Leukocyte,18.42,30,70.1
CELL_87160,Erythrocyte,56.73,5,55.79
CELL_65704,Leukocyte,98.23,26,64.29
CELL_81714,Epithelial,10.68,23,88.4
CELL_78946,Neuron,57.73,43,56.76
CELL_84298,Epithelial,11.77,22,74.62
CELL_51589,Myocyte,20.36,9,61.19
CELL_57846,Stem Cell,101.55,36,83.81
CELL_29041,Stem Cell,78.13,47,89.9
CELL_66625,Leukocyte,24.19,23,56.64
CELL_63491,Myocyte,32.81,45,50.24
CELL_95460,Fibroblast,39.03,17,72.29
CELL_66281,Fibroblast,73.33,37,56.92
CELL_24852,Myocyte,83.12,33,65.31
CELL_71093,Neuron,59.57,31,67.76
CELL_65068,Myocyte,5.88,38,70.11
CELL_76022,Erythrocyte,74.03,14,57.79
CELL_27059,Neuron,66.68,18,87.89
CELL_22952,Neuron,62.72,11,56.27
CELL_71128,Erythrocyte,9.18,43,93.14
CELL_26596,Neuron,10.35,26,88.08
CELL_12090,Stem Cell,71.75,28,69.44
CELL_10107,Erythrocyte,49.26,24,63.92
CELL_38150,Stem Cell,108.56,45,61.75
CELL_71137,Myocyte,106.98,34,53.76
CELL_84012,Neuron,79.17,22,55.04
CELL_99292,Leukocyte,72.28,9,93.45
CELL_57928,Myocyte,72.29,34,86.48
CELL_37729,Erythrocyte,117.54,30,79.87
CELL_25652,Stem Cell,86.68,46,57.04
CELL_90426,Erythrocyte,96.03,30,51.91
CELL_64209,Epithelial,93.58,34,62.58
CELL_77980,Neuron,12.64,40,60.56
CELL_54028,Epithelial,39.09,43,92.32
CELL_44402,Myocyte,106.88,20,74.88
CELL_14156,Myocyte,21.4,32,74.43
CELL_35510,Erythrocyte,46.62,48,74.27
CELL_80941,Stem Cell,33.47,11,87.5
CELL_46195,Leukocyte,25.75,32,85.01
CELL_17598,Stem Cell,119.88,15,82.96
CELL_74979,Myocyte,35.09,18,67.18
CELL_33070,Erythrocyte,40.26,46,57.86
CELL_32190,Myocyte,24.75,11,82.84
CELL_24888,Stem Cell,63.65,18,92.54
CELL_79183,Leukocyte,16.02,29,55.86
CELL_34144,Epithelial,110.62,35,68.29
CELL_77657,Epithelial,109.49,9,94.28
CELL_33121,Leukocyte,108.15,15,72.19
CELL_71157,Epithelial,40.68,39,59.45
CELL_83872,Stem Cell,103.8,6,58.71
CELL_48803,Epithelial,108.03,20,85.66
CELL_29399,Myocyte,14.63,32,54.5
CELL_47725,Leukocyte,47.09,33,69.02
CELL_13214,Leukocyte,58.98,44,91.76
CELL_15651,Leukocyte,104.44,50,72.12
CELL_75924,Fibroblast,10.76,45,67.76
CELL_81871,Neuron,53.86,41,72.72
CELL_85657,Stem Cell,39.0,15,50.93
CELL_63635,Myocyte,78.04,24,50.15
CELL_21897,Leukocyte,88.26,28,66.35
CELL_94659,Erythrocyte,55.38,48,78.79
CELL_78975,Epithelial,31.69,32,71.87
CELL_23218,Stem Cell,40.92,20,98.78
CELL_99905,Myocyte,9.15,49,82.09
CELL_10278,Neuron,54.5,23,83.87
CELL_87584,Epithelial,70.92,43,82.31
CELL_93126,Stem Cell,57.45,31,92.84
CELL_72674,Epithelial,94.94,43,56.4
CELL_69800,Fibroblast,100.51,44,84.4
CELL_35212,Epithelial,67.38,16,93.41
CELL_27855,Fibroblast,71.46,48,99.91
CELL_13673,Erythrocyte,69.4,44,96.44
CELL_43668,Erythrocyte,113.2,12,61.19
CELL_37385,Neuron,62.8,42,50.76
CELL_31169,Erythrocyte,26.25,19,70.17
CELL_21394,Epithelial,117.86,6,58.9
CELL_23010,Myocyte,65.14,34,69.41
CELL_55821,Myocyte,80.82,10,76.14
CELL_78430,Erythrocyte,44.93,13,78.31
CELL_14372,Myocyte,73.37,11,94.85
CELL_10331,Stem Cell,65.69,45,66.7
CELL_25030,Fibroblast,65.97,33,87.78
CELL_90132,Erythrocyte,114.64,25,74.93
CELL_85879,Epithelial,38.23,18,67.19
CELL_16273,Stem Cell,19.37,25,95.59
CELL_63828,Stem Cell,109.37,17,72.23
CELL_22986,Neuron,35.36,38,99.58
CELL_75122,Myocyte,102.93,22,88.39
CELL_25309,Myocyte,51.06,16,57.47
CELL_31144,Leukocyte,71.93,28,93.26
CELL_80383,Myocyte,52.16,41,69.67
CELL_90199,Erythrocyte,116.32,43,86.45
CELL_91103,Leukocyte,33.22,10,75.94
CELL_77818,Epithelial,94.94,7,56.02
CELL_36254,Fibroblast,26.69,36,54.99
CELL_71852,Leukocyte,94.01,8,86.53
CELL_20829,Leukocyte,75.83,32,64.32
CELL_65232,Leukocyte,32.14,38,95.71
CELL_38179,Myocyte,63.19,46,85.38
CELL_33798,Stem Cell,67.16,13,91.6
CELL_46058,Stem Cell,20.33,43,80.48
CELL_23234,Fibroblast,89.58,34,72.24
CELL_47809,Leukocyte,51.44,45,96.68
CELL_26703,Epithelial,68.91,6,54.75
CELL_37515,Myocyte,93.93,20,97.13
CELL_19886,Stem Cell,64.34,32,81.85
CELL_46744,Myocyte,105.08,8,65.84
CELL_36398,Fibroblast,60.38,45,68.49
CELL_77275,Erythrocyte,19.13,41,62.17
CELL_22747,Epithelial,90.5,36,97.96
CELL_91007,Stem Cell,43.08,15,96.51
CELL_18261,Myocyte,83.77,23,88.05
CELL_72489,Fibroblast,31.56,25,81.36
CELL_57986,Fibroblast,87.61,41,67.65
CELL_91709,Neuron,6.18,5,93.28
CELL_48023,Erythrocyte,66.97,8,96.33
CELL_29956,Erythrocyte,98.12,17,78.8
CELL_65330,Epithelial,112.34,16,66.23
CELL_38461,Myocyte,17.6,43,85.07
CELL_17370,Erythrocyte,51.95,29,58.32
CELL_42693,Neuron,37.4,19,79.99
CELL_82535,Neuron,71.85,49,95.92
CELL_89162,Erythrocyte,8.88,22,81.9
CELL_86046,Epithelial,89.38,10,72.16
CELL_40887,Erythrocyte,69.76,44,51.4
CELL_39125,Neuron,94.51,7,89.1
CELL_31696,Leukocyte,93.98,25,63.09
CELL_85087,Stem Cell,83.66,38,73.54
CELL_47732,Stem Cell,10.34,19,74.35
CELL_53333,Neuron,39.64,39,80.78
CELL_67202,Fibroblast,17.56,35,83.61
CELL_70081,Fibroblast,19.69,44,77.23
CELL_34200,Stem Cell,13.3,9,98.02
CELL_30713,Erythrocyte,35.98,31,56.59
CELL_12965,Leukocyte,69.26,11,86.92
CELL_86724,Neuron,80.16,15,88.28
CELL_45700,Leukocyte,99.28,21,79.9
CELL_66663,Neuron,74.57,24,78.39
CELL_62857,Stem Cell,47.69,33,56.97
CELL_93297,Epithelial,26.08,42,84.77
CELL_53249,Erythrocyte,37.26,24,52.22
CELL_81142,Myocyte,61.73,16,83.68
CELL_21437,Stem Cell,15.16,48,78.44
CELL_26184,Myocyte,25.92,44,55.53
CELL_35876,Erythrocyte,36.85,15,89.57
CELL_65102,Fibroblast,70.68,47,53.98
CELL_42011,Myocyte,33.63,14,96.07
CELL_78162,Leukocyte,46.18,20,64.0
CELL_41054,Epithelial,30.51,50,51.82
CELL_54707,Myocyte,75.99,38,84.27
CELL_39530,Epithelial,81.73,34,61.39
CELL_54333,Erythrocyte,69.45,7,93.92
CELL_60487,Neuron,27.59,13,60.61
CELL_12226,Fibroblast,108.5,20,65.44
CELL_41658,Epithelial,59.62,33,52.66
CELL_99902,Erythrocyte,67.75,33,69.71
CELL_25811,Erythrocyte,74.13,25,55.85
CELL_70644,Stem Cell,58.88,22,96.62
CELL_85952,Fibroblast,114.86,25,97.72
CELL_32378,Leukocyte,43.1,13,96.77
CELL_30963,Leukocyte,119.08,32,50.34
CELL_81189,Leukocyte,78.32,41,51.6
CELL_62227,Leukocyte,117.13,6,82.15
CELL_53094,Erythrocyte,111.2,31,85.99
CELL_13144,Epithelial,50.84,38,68.53
CELL_50691,Myocyte,98.54,23,94.35
CELL_10274,Fibroblast,65.28,35,57.75
CELL_24887,Neuron,70.13,25,97.89
CELL_77056,Stem Cell,20.75,48,57.81
CELL_16835,Leukocyte,42.15,38,64.04
CELL_43357,Stem Cell,75.4,50,80.51
CELL_84189,Epithelial,38.76,34,74.56
CELL_48295,Erythrocyte,45.91,21,91.56
CELL_80237,Stem Cell,46.35,29,78.91
CELL_27711,Stem Cell,23.03,24,58.1
CELL_80090,Leukocyte,15.82,48,55.07
CELL_89263,Erythrocyte,41.54,32,58.63
CELL_39806,Stem Cell,18.07,14,54.2
CELL_63097,Erythrocyte,78.84,44,98.79
CELL_56889,Erythrocyte,115.2,9,51.15
CELL_31919,Stem Cell,84.5,10,69.54
CELL_90184,Epithelial,40.52,30,60.81
CELL_87870,Erythrocyte,13.61,20,84.97
CELL_67352,Neuron,58.42,6,92.02
CELL_60849,Erythrocyte,12.78,16,90.78
CELL_61518,Fibroblast,65.51,44,74.02
CELL_40398,Erythrocyte,113.76,30,54.13
CELL_53241,Stem Cell,111.7,19,97.16
CELL_10399,Stem Cell,116.61,5,98.23
CELL_80838,Stem Cell,19.06,12,94.4
CELL_84361,Neuron,93.31,47,79.79
CELL_50832,Neuron,33.64,8,83.2
CELL_24401,Myocyte,115.42,20,56.25
CELL_26130,Epithelial,28.87,43,99.44
CELL_62306,Stem Cell,112.41,11,77.04
CELL_86724,Epithelial,30.18,24,68.91
CELL_86381,Fibroblast,97.03,28,91.72
CELL_29799,Neuron,79.47,37,68.79
CELL_29298,Stem Cell,30.06,20,87.42
CELL_46553,Myocyte,119.72,20,73.76
CELL_41366,Myocyte,38.86,20,92.9
CELL_13689,Neuron,35.81,41,92.52
CELL_87241,Myocyte,61.61,12,95.45
CELL_44738,Neuron,64.63,33,52.94
CELL_73505,Erythrocyte,73.87,39,91.02
CELL_36022,Epithelial,21.4,10,94.09
CELL_32445,Leukocyte,54.74,22,80.69
CELL_42502,Leukocyte,42.48,15,86.35
CELL_93436,Fibroblast,32.74,15,78.18
CELL_14936,Leukocyte,9.92,13,81.92
CELL_13222,Fibroblast,118.06,44,92.72
CELL_45101,Myocyte,33.81,39,70.99
CELL_82996,Epithelial,97.05,14,83.24
CELL_43685,Leukocyte,87.4,24,76.95
CELL_98687,Epithelial,99.19,33,78.58
CELL_25769,Myocyte,13.22,19,52.28
CELL_51098,Stem Cell,88.57,29,56.67
CELL_18359,Erythrocyte,72.41,34,87.25
CELL_27771,Erythrocyte,11.79,46,83.27
CELL_13929,Erythrocyte,95.56,25,61.52
CELL_46610,Myocyte,113.56,31,85.78
CELL_40832,Fibroblast,38.74,33,84.59
CELL_95659,Myocyte,96.12,16,74.91
CELL_69205,Myocyte,44.32,18,67.74
CELL_32656,Stem Cell,90.17,49,63.73
CELL_16517,Fibroblast,81.27,47,58.19
CELL_36980,Epithelial,8.93,42,68.61
CELL_80994,Stem Cell,56.69,44,96.32
CELL_44387,Stem Cell,80.07,46,89.21
CELL_60120,Fibroblast,46.15,10,83.0
CELL_62855,Fibroblast,112.33,11,77.8
CELL_38511,Neuron,116.69,21,94.57
CELL_87159,Neuron,102.62,49,67.12
CELL_82889,Fibroblast,82.3,13,81.73
CELL_15341,Myocyte,15.9,14,63.9
CELL_57288,Stem Cell,98.69,48,83.36
CELL_51521,Fibroblast,105.03,43,89.06
CELL_76303,Leukocyte,114.07,38,83.97
CELL_10888,Myocyte,24.66,49,97.08
CELL_22152,Neuron,31.93,47,76.91
CELL_75740,Stem Cell,57.73,33,92.71
CELL_57032,Erythrocyte,81.91,44,62.18
CELL_54981,Erythrocyte,22.03,15,69.94
CELL_22811,Erythrocyte,35.59,5,67.99
CELL_94429,Stem Cell,71.96,10,96.57
CELL_62924,Epithelial,26.88,18,63.71
CELL_61660,Stem Cell,110.21,42,86.34
CELL_82483,Epithelial,12.7,16,93.86
CELL_50286,Epithelial,82.87,21,55.37
CELL_18945,Myocyte,13.24,41,91.25
CELL_27298,Myocyte,92.44,50,78.64
CELL_93661,Erythrocyte,30.99,43,54.72
CELL_92985,Neuron,77.53,23,61.8
CELL_38803,Fibroblast,41.13,41,88.93
CELL_84469,Neuron,53.49,10,57.59
CELL_23526,Leukocyte,63.37,32,98.67
CELL_49908,Leukocyte,30.35,40,86.49
CELL_79424,Neuron,55.21,26,55.47
CELL_65274,Fibroblast,54.89,11,55.18
CELL_13651,Leukocyte,74.64,14,96.03
CELL_71056,Myocyte,5.78,43,81.14
CELL_37426,Epithelial,91.03,6,85.72
CELL_56840,Erythrocyte,13.73,29,88.94
CELL_25602,Fibroblast,72.33,24,89.95
CELL_12629,Epithelial,108.54,45,80.05
CELL_27178,Fibroblast,99.73,31,69.23
CELL_64317,Epithelial,43.79,11,99.81
CELL_45237,Stem Cell,52.55,21,58.63
CELL_52571,Myocyte,15.78,12,97.53
CELL_17632,Fibroblast,23.31,38,96.85
CELL_44949,Erythrocyte,6.0,15,92.48
CELL_74299,Erythrocyte,115.75,39,88.97
CELL_55075,Leukocyte,105.31,12,87.29
CELL_37793,Erythrocyte,85.86,12,79.22
CELL_28082,Epithelial,104.72,43,88.1
CELL_60527,Erythrocyte,22.86,17,90.37
CELL_11354,Epithelial,16.3,13,99.24
CELL_11307,Erythrocyte,35.72,44,71.74
CELL_70585,Neuron,50.3,28,84.09
CELL_22019,Leukocyte,74.7,40,78.65
CELL_44904,Neuron,20.91,24,55.98
CELL_87939,Epithelial,57.67,25,57.38
CELL_68690,Leukocyte,53.44,43,89.73
CELL_34786,Stem Cell,27.98,22,66.79
CELL_78219,Fibroblast,49.12,5,64.27
CELL_26051,Myocyte,37.04,40,96.33
CELL_74990,Leukocyte,46.67,17,83.62
CELL_36751,Stem Cell,78.13,46,73.06
CELL_24617,Epithelial,105.09,38,94.92
CELL_61099,Fibroblast,41.19,44,53.66
CELL_63153,Stem Cell,111.41,23,83.84
CELL_60413,Stem Cell,103.03,37,98.52
CELL_75959,Myocyte,87.68,16,85.63
CELL_40835,Erythrocyte,44.05,49,98.98
CELL_27394,Epithelial,62.32,11,62.67
CELL_47522,Stem Cell,14.38,12,83.42
CELL_73956,Epithelial,33.84,10,87.68
CELL_20664,Fibroblast,104.8,36,81.51
CELL_35892,Fibroblast,87.75,11,84.85
CELL_29331,Epithelial,86.06,24,56.71
CELL_79432,Leukocyte,24.5,50,99.95
CELL_82013,Myocyte,96.07,29,60.44
CELL_85819,Leukocyte,53.77,30,58.75
CELL_86215,Stem Cell,55.4,30,94.25
CELL_18075,Myocyte,68.12,43,74.33
CELL_43145,Epithelial,97.32,26,61.44
CELL_67245,Neuron,99.16,21,52.5
CELL_92798,Stem Cell,21.45,38,57.75
CELL_43471,Myocyte,100.45,28,74.53
CELL_49568,Epithelial,48.38,33,57.29
CELL_98037,Myocyte,108.62,20,64.71
CELL_95437,Leukocyte,50.69,33,74.79
CELL_49891,Neuron,58.3,38,84.36
CELL_61259,Erythrocyte,36.95,9,59.26
CELL_70085,Stem Cell,56.55,10,57.35
CELL_29370,Epithelial,7.77,31,94.27
CELL_51923,Leukocyte,38.64,27,91.83
CELL_54032,Neuron,12.32,46,74.28
CELL_55455,Erythrocyte,53.52,31,77.23
CELL_73633,Erythrocyte,109.99,19,60.27
CELL_23093,Neuron,74.92,6,78.5
CELL_72537,Myocyte,77.74,47,54.41
CELL_80716,Stem Cell,58.63,13,73.64
CELL_14763,Myocyte,114.45,38,66.21
CELL_53316,Erythrocyte,52.25,25,55.3
CELL_16393,Epithelial,27.42,47,99.5
CELL_50355,Neuron,32.52,33,81.74
CELL_15001,Erythrocyte,11.5,44,89.29
CELL_41108,Erythrocyte,77.74,14,92.75
CELL_89127,Erythrocyte,85.88,44,87.67
CELL_78025,Stem Cell,26.6,15,64.28
CELL_15420,Erythrocyte,93.12,9,99.09
CELL_78855,Fibroblast,12.21,25,83.34
CELL_16328,Leukocyte,44.86,48,56.19
CELL_72927,Leukocyte,29.8,20,56.79
CELL_94058,Fibroblast,7.98,18,68.02
CELL_77085,Leukocyte,74.13,25,90.69
CELL_61726,Stem Cell,105.87,18,55.15
CELL_17601,Erythrocyte,5.81,24,86.52
CELL_94582,Myocyte,44.92,5,91.09
CELL_57950,Epithelial,86.11,11,58.07
CELL_82905,Leukocyte,84.56,31,95.96
CELL_76869,Leukocyte,46.15,8,59.37
CELL_70594,Myocyte,72.59,5,79.05
CELL_41988,Myocyte,28.54,22,84.24
CELL_49382,Leukocyte,53.56,34,55.63
CELL_45853,Fibroblast,107.55,8,71.42
CELL_26696,Neuron,46.37,41,69.97
CELL_51463,Epithelial,54.09,45,71.25
CELL_45076,Epithelial,101.88,11,67.85
CELL_93960,Myocyte,112.19,19,97.07
CELL_92569,Fibroblast,109.18,10,70.84
CELL_36185,Epithelial,62.43,46,87.62
CELL_80647,Neuron,56.17,29,93.53
CELL_97404,Stem Cell,110.44,37,51.16
CELL_68580,Myocyte,18.09,7,88.74
CELL_36234,Epithelial,51.93,21,92.42
CELL_47180,Leukocyte,40.49,29,79.8
CELL_78744,Stem Cell,34.9,25,97.53
CELL_93128,Fibroblast,78.71,44,60.81
CELL_93827,Leukocyte,9.33,26,65.34
CELL_39744,Myocyte,77.6,44,56.12
CELL_42903,Neuron,12.78,10,95.52
CELL_62885,Myocyte,10.88,26,74.18
CELL_79810,Leukocyte,73.0,50,59.0
CELL_12467,Fibroblast,35.38,17,98.74
CELL_31566,Epithelial,29.97,22,71.09
CELL_58266,Myocyte,8.6,37,98.64
CELL_75914,Myocyte,98.82,37,83.27
CELL_55106,Neuron,98.54,39,78.72
CELL_71435,Epithelial,109.79,42,66.82
CELL_30884,Epithelial,89.7,28,69.41
CELL_19764,Fibroblast,79.5,39,93.89
CELL_80263,Stem Cell,102.48,7,56.27
CELL_22176,Epithelial,22.85,32,64.23
CELL_58900,Myocyte,70.57,6,50.92
CELL_76258,Stem Cell,48.38,29,91.58
CELL_56364,Erythrocyte,70.18,37,89.66
CELL_55371,Leukocyte,109.42,42,88.28
CELL_33918,Myocyte,82.8,9,86.21
CELL_33307,Neuron,19.08,12,63.06
CELL_46982,Myocyte,68.45,11,99.8
CELL_17183,Stem Cell,72.87,11,99.48
CELL_96739,Myocyte,87.92,18,64.53
CELL_68256,Fibroblast,103.41,35,57.96
CELL_54422,Fibroblast,18.55,35,97.67
CELL_38213,Epithelial,52.22,12,91.34
CELL_34663,Fibroblast,68.09,27,67.12
CELL_40723,Myocyte,79.31,48,62.15
CELL_77607,Leukocyte,58.89,21,60.35
CELL_58117,Myocyte,68.49,37,66.97
CELL_21614,Neuron,99.04,6,61.0
CELL_78728,Erythrocyte,40.13,24,77.48
CELL_10342,Erythrocyte,97.11,46,71.04
CELL_80889,Neuron,105.14,29,63.12
CELL_80517,Leukocyte,111.14,6,90.93
CELL_84149,Stem Cell,111.66,31,68.73
CELL_20998,Myocyte,21.15,42,64.97
CELL_73406,Erythrocyte,36.84,26,90.78
CELL_84629,Fibroblast,25.14,33,74.74
CELL_82977,Stem Cell,52.69,31,96.1
CELL_74399,Stem Cell,66.88,19,99.9
CELL_63529,Neuron,20.13,17,99.82
CELL_80496,Epithelial,39.52,40,85.58
CELL_95585,Myocyte,83.56,43,87.34
CELL_96180,Leukocyte,76.2,14,92.4
CELL_29922,Stem Cell,22.6,25,75.09
CELL_35935,Stem Cell,92.52,39,88.93
CELL_37654,Erythrocyte,110.43,43,70.86
CELL_54268,Myocyte,12.61,31,99.83
CELL_39277,Epithelial,35.31,24,92.55
CELL_33010,Neuron,80.58,32,65.64
CELL_48340,Myocyte,49.74,25,85.45
CELL_96476,Stem Cell,33.31,18,72.0
CELL_71370,Epithelial,29.88,45,50.06
CELL_21400,Erythrocyte,23.57,35,58.54
CELL_39953,Erythrocyte,51.72,38,90.06
CELL_70552,Epithelial,93.2,12,78.69
CELL_65032,Myocyte,59.82,25,78.37
CELL_60577,Myocyte,6.46,18,50.63
CELL_73517,Epithelial,26.8,17,87.42
CELL_94111,Fibroblast,37.23,13,52.64
CELL_64784,Epithelial,20.49,40,85.89
CELL_77808,Epithelial,12.61,26,78.0
CELL_87033,Fibroblast,22.31,18,73.44
CELL_23340,Leukocyte,89.54,22,73.77
CELL_60485,Stem Cell,93.92,46,88.63
CELL_26086,Neuron,42.06,42,60.42
CELL_51198,Erythrocyte,119.31,7,55.75
CELL_31954,Erythrocyte,38.3,6,64.0
CELL_40150,Erythrocyte,119.04,17,68.51
CELL_23134,Myocyte,94.23,50,84.02
CELL_14631,Erythrocyte,48.37,39,96.51
CELL_52525,Epithelial,20.97,6,54.54
CELL_59961,Leukocyte,9.8,16,51.6
CELL_73177,Leukocyte,14.24,49,97.87
CELL_35112,Neuron,8.4,32,71.77
CELL_61490,Fibroblast,17.4,28,61.67
CELL_33413,Leukocyte,5.72,25,91.06
CELL_69366,Neuron,108.24,13,66.68
CELL_55262,Stem Cell,86.49,26,85.21
CELL_31554,Erythrocyte,105.27,15,69.71
CELL_82883,Stem Cell,101.9,5,79.91
CELL_39153,Leukocyte,73.81,14,57.54
CELL_20944,Erythrocyte,91.18,46,67.19
CELL_64580,Erythrocyte,33.97,32,74.52
CELL_86074,Fibroblast,101.72,11,86.8
CELL_22632,Fibroblast,6.71,18,56.21
CELL_49607,Stem Cell,103.32,33,60.02
CELL_19013,Stem Cell,71.82,23,89.36
CELL_95530,Erythrocyte,30.29,12,62.48
CELL_32674,Fibroblast,48.54,42,76.9
CELL_35727,Epithelial,75.25,30,64.25
CELL_48757,Stem Cell,93.42,7,52.07
CELL_22703,Stem Cell,93.78,36,65.08
CELL_16015,Neuron,76.45,41,50.67
CELL_80811,Neuron,41.48,28,79.3
CELL_46682,Erythrocyte,23.77,11,94.83
CELL_12489,Myocyte,19.81,31,92.15
CELL_50466,Stem Cell,10.38,25,61.63
CELL_29370,Erythrocyte,95.32,43,60.39
CELL_58800,Stem Cell,44.17,46,67.73
CELL_19361,Leukocyte,13.85,49,58.48
CELL_17683,Neuron,23.59,32,50.61
CELL_92582,Erythrocyte,93.05,44,92.42
CELL_69167,Stem Cell,95.5,22,50.92
CELL_85096,Epithelial,77.45,21,88.14
CELL_65394,Fibroblast,12.0,27,79.54
CELL_44273,Stem Cell,34.01,27,50.07
CELL_18981,Erythrocyte,39.51,49,57.13
CELL_43277,Fibroblast,63.67,11,56.81
CELL_62479,Neuron,38.64,46,57.81
CELL_47325,Myocyte,85.9,48,59.12
CELL_49875,Fibroblast,86.67,50,96.26
CELL_27149,Epithelial,113.94,14,86.63
CELL_76568,Leukocyte,41.7,49,75.32
CELL_96712,Stem Cell,113.43,43,80.91
CELL_48734,Epithelial,35.85,32,68.18
CELL_94568,Fibroblast,92.81,9,86.52
CELL_37421,Myocyte,37.35,39,62.85
CELL_70972,Erythrocyte,46.15,23,59.11
CELL_38070,Stem Cell,53.4,45,75.16
CELL_35667,Leukocyte,21.83,25,88.66
CELL_98191,Fibroblast,104.78,17,72.53
CELL_48459,Fibroblast,13.44,35,65.71
CELL_11321,Leukocyte,96.65,38,51.66
CELL_84923,Neuron,5.3,13,74.26
CELL_23961,Stem Cell,23.05,37,91.41
CELL_51124,Fibroblast,118.4,31,62.59
CELL_74014,Stem Cell,27.33,30,85.44
CELL_42688,Myocyte,71.25,6,96.57
CELL_69342,Erythrocyte,25.27,40,80.21
CELL_85025,Erythrocyte,10.21,7,97.85
CELL_26422,Erythrocyte,28.46,42,61.88
CELL_32789,Erythrocyte,27.64,6,80.99
CELL_70074,Stem Cell,90.68,27,80.72
CELL_38482,Fibroblast,79.98,48,75.75
CELL_51543,Erythrocyte,116.95,42,61.65
CELL_51622,Neuron,80.64,15,71.93
CELL_26852,Erythrocyte,56.5,46,90.25
CELL_20661,Epithelial,55.5,27,86.24
CELL_65193,Leukocyte,75.22,44,79.88
CELL_16386,Fibroblast,14.01,10,89.26
CELL_62696,Myocyte,22.3,21,92.08
CELL_50244,Neuron,36.43,48,74.33
CELL_48484,Myocyte,37.03,46,59.79
CELL_74157,Leukocyte,118.09,30,66.56
CELL_61976,Fibroblast,7.93,26,96.83
CELL_13762,Neuron,21.33,28,98.65
CELL_85330,Epithelial,84.51,14,78.45
CELL_12548,Epithelial,91.46,24,90.38
CELL_70511,Epithelial,37.75,29,52.72
CELL_41855,Myocyte,53.0,50,72.73
CELL_36649,Myocyte,54.81,14,99.92
CELL_66314,Leukocyte,70.64,24,66.1
CELL_93919,Erythrocyte,23.25,39,98.14
CELL_62759,Epithelial,87.7,17,74.28
CELL_36554,Leukocyte,26.37,13,75.86
CELL_80624,Myocyte,31.15,14,96.1
CELL_65035,Neuron,15.55,38,85.45
CELL_16134,Leukocyte,119.46,35,60.18
CELL_26046,Epithelial,9.56,30,53.55
CELL_26091,Epithelial,38.08,22,85.38
CELL_44623,Epithelial,50.07,12,74.2
CELL_28144,Fibroblast,18.45,38,72.55
CELL_80576,Fibroblast,100.07,13,66.94
CELL_75328,Fibroblast,73.74,48,56.95
CELL_88101,Myocyte,39.14,50,81.11
CELL_17137,Epithelial,81.86,50,51.56
CELL_52391,Myocyte,115.25,46,83.76
CELL_79369,Leukocyte,31.01,37,80.83
CELL_87173,Myocyte,88.9,28,87.31
CELL_18642,Neuron,24.21,33,79.72
CELL_13364,Myocyte,116.33,9,52.0
CELL_19669,Myocyte,113.3,39,63.24
CELL_86272,Fibroblast,38.35,12,67.46
CELL_16969,Fibroblast,80.05,31,96.66
CELL_80352,Myocyte,54.71,46,64.26
CELL_18105,Neuron,28.75,40,66.06
CELL_78830,Neuron,75.27,42,82.5
CELL_98578,Myocyte,33.45,34,66.99
CELL_37888,Epithelial,105.28,45,87.75
CELL_24827,Stem Cell,93.98,45,61.71
CELL_60420,Leukocyte,107.34,20,91.94
CELL_12712,Fibroblast,9.83,6,64.49
CELL_77013,Myocyte,92.47,32,62.71
CELL_51347,Erythrocyte,29.06,11,63.64
CELL_96573,Myocyte,11.34,28,57.89
CELL_77858,Stem Cell,19.59,5,70.3
CELL_29004,Stem Cell,16.78,50,86.09
CELL_41507,Fibroblast,82.51,16,51.26
CELL_81704,Epithelial,72.59,34,91.81
CELL_63132,Myocyte,14.22,30,72.22
CELL_19769,Fibroblast,52.35,33,84.44
CELL_69443,Myocyte,106.89,29,86.72
CELL_23048,Fibroblast,49.79,44,89.66
CELL_47901,Fibroblast,66.02,25,88.58
CELL_75936,Neuron,31.46,50,54.33
CELL_71139,Leukocyte,74.22,10,76.65
CELL_77510,Erythrocyte,115.09,30,99.03
CELL_96946,Neuron,106.1,13,70.65
CELL_56266,Fibroblast,91.85,34,77.01
CELL_98720,Leukocyte,44.51,27,87.92
CELL_40831,Myocyte,37.94,38,70.84
CELL_65870,Neuron,8.76,14,63.73
CELL_40938,Epithelial,93.68,44,50.72
CELL_41855,Fibroblast,11.15,18,96.59
CELL_77471,Myocyte,101.52,19,94.09
CELL_71857,Myocyte,54.27,47,59.16
CELL_93861,Erythrocyte,113.58,50,88.31
CELL_66134,Fibroblast,77.36,13,64.09
CELL_56574,Epithelial,49.85,19,91.01
CELL_49320,Leukocyte,49.84,40,61.21
CELL_44690,Leukocyte,70.86,14,74.7
CELL_64239,Erythrocyte,112.54,24,95.71
CELL_41505,Stem Cell,18.48,27,54.23
CELL_75592,Fibroblast,53.05,17,58.38
CELL_93782,Neuron,76.47,20,73.29
CELL_15593,Leukocyte,118.95,9,75.57
CELL_22260,Stem Cell,47.22,30,84.31
CELL_33829,Epithelial,86.29,16,94.87
CELL_72752,Myocyte,45.07,7,92.5
CELL_33094,Epithelial,18.9,27,82.67
CELL_69811,Neuron,59.48,44,86.35
CELL_50325,Epithelial,30.54,19,78.4
CELL_16803,Fibroblast,93.94,17,63.39
CELL_75432,Fibroblast,49.66,29,69.11
CELL_80644,Fibroblast,20.91,27,68.87
CELL_82841,Fibroblast,54.42,14,78.37
CELL_34936,Neuron,110.34,36,74.8
CELL_14401,Myocyte,116.92,12,63.68
CELL_39407,Fibroblast,79.49,40,99.75
CELL_24269,Leukocyte,49.55,6,92.91
CELL_11140,Leukocyte,100.77,26,55.64
CELL_99528,Fibroblast,23.09,23,75.53
CELL_31812,Erythrocyte,114.92,45,68.05
CELL_62266,Stem Cell,69.99,41,84.56
CELL_89273,Erythrocyte,119.06,32,93.65
CELL_13197,Fibroblast,93.28,41,83.29
CELL_33297,Neuron,100.43,22,89.1
CELL_72434,Leukocyte,63.62,35,69.67
CELL_85306,Erythrocyte,58.94,37,94.57
CELL_23643,Epithelial,101.21,18,50.47
CELL_83912,Erythrocyte,34.23,47,80.71
CELL_16456,Stem Cell,76.8,10,73.57
CELL_35207,Myocyte,63.45,5,73.86
CELL_34862,Myocyte,19.96,19,82.15
CELL_10047,Epithelial,61.47,43,98.84
CELL_73425,Epithelial,23.98,25,75.32
CELL_25952,Neuron,41.72,47,81.87
CELL_62798,Myocyte,34.67,38,69.12
CELL_43594,Epithelial,9.8,41,62.95
CELL_86515,Leukocyte,61.27,50,89.81
CELL_39605,Stem Cell,115.06,27,77.32
CELL_53651,Stem Cell,20.13,15,93.46
CELL_26284,Erythrocyte,45.71,41,55.64
CELL_85103,Epithelial,113.16,19,66.85
CELL_75959,Myocyte,89.05,13,66.33
CELL_86734,Erythrocyte,22.29,40,54.59
CELL_89811,Erythrocyte,76.17,18,71.42
CELL_53644,Erythrocyte,67.31,43,91.81
CELL_29470,Stem Cell,20.99,7,64.09
CELL_33078,Epithelial,15.83,49,69.35
CELL_20928,Erythrocyte,74.23,21,78.43
CELL_15846,Erythrocyte,34.91,47,70.75
CELL_60526,Erythrocyte,115.94,30,87.46
CELL_64308,Epithelial,68.31,15,78.3
CELL_15543,Neuron,10.42,11,59.32
CELL_81742,Epithelial,111.19,38,91.24
CELL_88938,Myocyte,79.96,27,50.19
CELL_81717,Fibroblast,106.0,17,74.92
CELL_97670,Epithelial,75.65,12,97.68
CELL_34342,Myocyte,38.8,34,79.44
CELL_76002,Myocyte,33.11,25,89.98
CELL_59174,Erythrocyte,16.06,48,85.01
CELL_28012,Fibroblast,91.42,20,73.94
CELL_28596,Erythrocyte,24.34,8,77.58
CELL_18220,Myocyte,119.98,16,83.58
CELL_88046,Erythrocyte,50.4,5,70.24
CELL_22754,Leukocyte,77.51,23,51.0
CELL_67312,Leukocyte,97.95,25,83.12
CELL_62007,Myocyte,31.86,16,50.75
CELL_99363,Fibroblast,7.94,23,66.91
CELL_20807,Neuron,34.52,33,56.11
CELL_41451,Neuron,60.37,42,93.68
CELL_38569,Leukocyte,99.76,17,70.74
CELL_33221,Myocyte,35.2,22,90.75
CELL_93237,Stem Cell,73.0,43,73.44
CELL_92272,Neuron,58.43,22,95.57
CELL_34779,Stem Cell,39.22,23,70.53
CELL_58958,Epithelial,95.16,12,57.42
CELL_33593,Leukocyte,89.46,16,78.85
CELL_45016,Leukocyte,60.21,49,77.89
CELL_76447,Erythrocyte,86.61,14,69.9
CELL_71217,Myocyte,87.49,8,72.69
CELL_86824,Stem Cell,91.31,7,81.38
CELL_62276,Leukocyte,74.1,25,70.91
CELL_81490,Epithelial,80.86,5,63.32
CELL_90928,Epithelial,60.16,17,51.81
CELL_66813,Leukocyte,59.31,17,84.54
CELL_88366,Neuron,51.6,49,90.67
CELL_26616,Myocyte,20.8,44,67.98
CELL_54659,Epithelial,56.04,8,97.18
CELL_62966,Fibroblast,6.19,34,75.12
CELL_67630,Stem Cell,119.72,6,93.38
CELL_67829,Erythrocyte,100.44,12,85.02
CELL_17899,Epithelial,74.75,47,59.96
CELL_40899,Neuron,34.38,33,83.73
CELL_67833,Neuron,115.0,17,97.65
CELL_24869,Epithelial,40.81,31,92.74
CELL_40346,Fibroblast,55.19,26,93.99
CELL_70840,Epithelial,23.27,12,73.27
CELL_87931,Erythrocyte,99.69,23,53.17
CELL_13820,Myocyte,119.11,49,95.62
CELL_23825,Myocyte,100.53,14,59.64
CELL_65558,Erythrocyte,87.24,13,63.61
CELL_16050,Neuron,117.31,25,76.69
CELL_15724,Fibroblast,108.68,5,91.7
CELL_36591,Fibroblast,109.38,39,81.46
CELL_74510,Myocyte,12.21,50,70.56
CELL_16361,Myocyte,61.83,35,57.91
CELL_95806,Neuron,11.9,41,73.07
CELL_71707,Fibroblast,7.75,47,94.14
CELL_25601,Leukocyte,63.21,38,90.75
CELL_93792,Leukocyte,21.44,34,60.66
CELL_41998,Fibroblast,74.03,24,79.1
CELL_44919,Fibroblast,88.07,11,69.19
CELL_94113,Neuron,96.98,26,95.59
CELL_44869,Epithelial,68.62,30,87.85
CELL_33844,Fibroblast,76.24,43,51.48
CELL_24486,Fibroblast,22.08,25,90.49
CELL_45898,Epithelial,5.12,36,97.06
CELL_73694,Stem Cell,103.8,38,67.95
CELL_17383,Stem Cell,34.13,12,72.51
CELL_74050,Fibroblast,22.56,42,58.73
CELL_92449,Myocyte,45.66,9,75.17
CELL_17213,Leukocyte,18.26,27,76.55
CELL_92700,Myocyte,60.13,32,97.82
CELL_73741,Myocyte,75.25,49,97.82
CELL_83622,Erythrocyte,80.6,28,63.27
CELL_42893,Epithelial,102.86,30,59.88
CELL_14055,Neuron,30.34,14,58.54
CELL_40276,Neuron,34.7,28,72.31
CELL_48782,Erythrocyte,28.09,41,89.4
CELL_32419,Fibroblast,72.11,48,98.51
CELL_80406,Neuron,48.25,43,83.19
CELL_69008,Leukocyte,115.31,11,70.3
CELL_98288,Myocyte,114.17,36,73.15
CELL_38174,Epithelial,109.83,29,86.69
CELL_80887,Neuron,46.19,13,74.32
CELL_23706,Leukocyte,93.28,16,65.49
CELL_53526,Erythrocyte,118.51,32,83.63
CELL_50377,Stem Cell,46.63,31,93.03
CELL_41294,Leukocyte,84.19,16,51.53
CELL_64162,Leukocyte,104.85,32,50.09
CELL_78884,Erythrocyte,34.33,42,88.06
CELL_55373,Epithelial,99.27,45,92.15
CELL_38007,Fibroblast,35.38,25,73.64
CELL_22311,Neuron,56.48,8,91.54
CELL_57131,Stem Cell,30.78,38,64.01
CELL_14128,Fibroblast,43.87,40,79.92
CELL_88699,Epithelial,16.0,6,73.2
CELL_57932,Leukocyte,69.84,5,55.69
CELL_36995,Stem Cell,44.08,20,63.46
CELL_47275,Erythrocyte,43.71,32,81.61
CELL_17213,Fibroblast,57.98,45,89.29
CELL_49362,Myocyte,26.31,44,52.63
CELL_98932,Neuron,31.61,42,55.64
CELL_66404,Erythrocyte,66.92,50,76.06
CELL_12657,Neuron,87.1,46,57.71
CELL_54458,Fibroblast,52.59,22,60.81
CELL_30221,Neuron,41.21,38,64.26
CELL_64349,Epithelial,86.86,15,86.88
CELL_55273,Myocyte,36.17,46,73.82
CELL_32828,Fibroblast,114.15,33,93.49
CELL_16053,Erythrocyte,104.01,8,55.49
CELL_80086,Erythrocyte,68.45,5,56.94
CELL_34561,Epithelial,65.45,43,82.78
CELL_43057,Neuron,113.1,16,97.41
CELL_58934,Erythrocyte,50.29,15,74.11
CELL_78370,Myocyte,24.14,47,91.55
CELL_45459,Stem Cell,12.19,31,96.86
CELL_18780,Neuron,26.38,5,54.58
CELL_68857,Neuron,27.5,27,94.32
CELL_52441,Stem Cell,89.58,38,92.71
CELL_52951,Leukocyte,89.24,31,98.72
CELL_87634,Erythrocyte,12.86,41,87.53
CELL_84221,Neuron,53.98,43,86.05
CELL_57935,Epithelial,40.59,35,58.14
CELL_42288,Epithelial,49.49,19,82.2
CELL_80099,Myocyte,20.4,37,97.23
CELL_45316,Myocyte,104.9,7,99.01
CELL_22300,Neuron,21.86,31,55.29
CELL_15175,Erythrocyte,60.4,26,61.0
CELL_40597,Stem Cell,8.93,47,70.12
CELL_98846,Myocyte,110.78,30,92.33
CELL_29245,Erythrocyte,92.39,40,50.7
CELL_15830,Stem Cell,84.02,45,75.88
CELL_65384,Erythrocyte,110.77,17,63.8
CELL_72603,Leukocyte,49.7,27,64.73
CELL_22841,Fibroblast,50.92,36,68.25
CELL_46231,Fibroblast,97.5,43,66.41
CELL_10820,Myocyte,87.27,10,78.98
CELL_66679,Fibroblast,34.41,11,60.54
CELL_69345,Myocyte,84.0,13,85.62
CELL_40045,Erythrocyte,70.2,38,88.09
CELL_46087,Fibroblast,37.2,22,50.23
CELL_35340,Neuron,16.82,40,54.97
CELL_10001,Myocyte,47.69,18,96.15
CELL_32664,Erythrocyte,7.06,20,79.58
CELL_57555,Erythrocyte,105.34,32,56.62
CELL_70087,Fibroblast,113.65,8,90.54
CELL_44528,Stem Cell,112.1,18,74.63
CELL_89820,Stem Cell,7.3,31,59.52
CELL_47856,Myocyte,101.95,35,93.68
CELL_38423,Erythrocyte,42.42,35,56.13
CELL_45131,Stem Cell,23.06,8,55.34
CELL_77373,Myocyte,80.35,43,90.77
CELL_70324,Epithelial,43.29,5,64.62
CELL_35634,Myocyte,94.66,24,63.94
CELL_20958,Epithelial,83.37,35,79.08
CELL_92334,Epithelial,69.6,33,67.69
CELL_25144,Myocyte,12.38,42,63.44
CELL_27163,Neuron,89.27,13,51.83
CELL_58995,Myocyte,90.8,17,61.01
CELL_22335,Stem Cell,70.9,41,88.17
CELL_21203,Leukocyte,119.95,13,86.44
CELL_30070,Fibroblast,104.11,13,82.42
CELL_95200,Fibroblast,95.49,21,95.42
CELL_26767,Erythrocyte,12.05,22,83.16
CELL_43428,Neuron,5.07,21,63.7
CELL_33595,Neuron,108.42,44,51.37
CELL_52683,Epithelial,21.98,11,54.44
CELL_99871,Fibroblast,87.35,8,93.0
CELL_64982,Epithelial,59.5,10,85.34
CELL_67145,Leukocyte,20.66,14,55.73
CELL_85393,Stem Cell,39.48,24,56.46
CELL_28577,Erythrocyte,15.36,33,73.65
CELL_73960,Myocyte,34.15,17,79.8
CELL_68364,Leukocyte,39.01,7,94.09
CELL_88572,Leukocyte,107.43,13,72.46
CELL_29018,Epithelial,108.13,16,70.72
CELL_21537,Stem Cell,94.73,25,69.11
CELL_50472,Erythrocyte,69.16,31,77.52
CELL_97448,Epithelial,44.51,16,99.86
CELL_45805,Fibroblast,23.73,39,61.29
CELL_81727,Neuron,84.27,40,88.97
CELL_46446,Myocyte,87.67,20,50.11
CELL_52423,Fibroblast,49.18,32,77.61
CELL_56214,Neuron,100.13,21,78.29
CELL_74791,Epithelial,17.85,30,58.39
CELL_15724,Stem Cell,40.12,29,78.79
CELL_21197,Leukocyte,102.91,26,63.6
CELL_41451,Fibroblast,117.69,8,71.41
CELL_84626,Erythrocyte,68.57,42,54.1
CELL_31581,Neuron,49.9,34,92.45
CELL_42387,Erythrocyte,81.52,26,91.84
CELL_58449,Erythrocyte,66.13,9,60.36
CELL_66769,Neuron,42.86,22,59.86
CELL_99798,Erythrocyte,5.24,25,88.17
CELL_69542,Erythrocyte,98.29,33,86.99
CELL_90276,Fibroblast,51.82,46,54.5
CELL_56353,Myocyte,38.38,22,54.6
CELL_10240,Stem Cell,69.97,45,55.61
CELL_45235,Fibroblast,94.34,40,87.95
CELL_52375,Epithelial,61.45,30,97.48
CELL_43399,Neuron,33.4,26,97.32
CELL_14844,Stem Cell,55.98,21,84.4
CELL_41200,Neuron,15.45,19,89.92
CELL_53650,Leukocyte,109.99,37,58.53
CELL_65357,Erythrocyte,19.78,30,91.58
CELL_35689,Myocyte,43.39,30,85.14
CELL_94987,Stem Cell,55.22,29,67.47
CELL_27966,Erythrocyte,90.17,29,63.49
CELL_14985,Fibroblast,82.53,17,59.56
CELL_46874,Epithelial,96.72,43,86.78
CELL_14744,Myocyte,76.3,33,62.03
CELL_51807,Leukocyte,58.59,35,92.19
CELL_60220,Erythrocyte,29.12,6,73.92
CELL_31984,Myocyte,89.43,30,53.16
CELL_79752,Stem Cell,100.18,49,51.93
CELL_94949,Myocyte,94.59,16,56.15
CELL_77882,Epithelial,117.16,12,81.47
CELL_62235,Stem Cell,106.36,20,85.22
CELL_64767,Epithelial,17.16,36,53.5
CELL_40692,Epithelial,53.09,45,79.34
CELL_97235,Fibroblast,53.63,42,60.34
CELL_73609,Erythrocyte,94.65,13,73.78
CELL_71014,Stem Cell,119.38,31,95.92
CELL_99634,Leukocyte,56.21,21,63.71
CELL_71470,Leukocyte,49.43,20,81.05
CELL_73729,Myocyte,21.58,31,75.54
CELL_25382,Epithelial,67.03,45,60.81
CELL_82440,Stem Cell,40.4,19,82.81
CELL_84626,Epithelial,105.05,36,56.5
CELL_68910,Leukocyte,76.31,16,92.44
CELL_29888,Fibroblast,50.18,7,89.45
CELL_43246,Leukocyte,19.41,45,94.7
CELL_77060,Erythrocyte,90.85,29,53.46
CELL_59350,Myocyte,29.16,22,89.6
CELL_32553,Neuron,24.32,20,65.34
CELL_13685,Erythrocyte,98.47,22,53.15
CELL_86576,Fibroblast,70.27,11,52.28
CELL_12790,Leukocyte,70.05,37,59.04
CELL_16649,Myocyte,20.73,26,57.67
CELL_83853,Leukocyte,49.11,6,56.68
CELL_95521,Myocyte,104.5,21,97.05
CELL_26616,Erythrocyte,56.39,31,68.67
CELL_87091,Neuron,13.8,18,93.19
CELL_61934,Erythrocyte,98.59,10,63.67
CELL_50339,Leukocyte,14.2,42,99.92
CELL_56319,Fibroblast,30.19,24,86.03
CELL_65230,Epithelial,53.13,31,87.69
CELL_42247,Leukocyte,39.19,27,66.98
CELL_62673,Myocyte,110.98,7,80.62
CELL_72888,Epithelial,93.48,44,89.66
CELL_38635,Erythrocyte,29.16,49,59.13
CELL_62959,Neuron,63.78,46,50.96
CELL_73157,Erythrocyte,97.37,5,78.43
CELL_93582,Stem Cell,59.66,32,57.14
CELL_90240,Myocyte,17.88,27,79.79
CELL_36574,Fibroblast,110.75,7,97.48
CELL_62890,Neuron,19.22,16,85.22
CELL_33042,Neuron,85.74,22,65.83
CELL_70631,Stem Cell,117.59,39,64.57
CELL_20463,Epithelial,100.0,44,68.46
CELL_65845,Stem Cell,55.3,22,87.12
CELL_12918,Erythrocyte,97.33,29,81.21
CELL_47930,Leukocyte,65.17,15,62.29
CELL_78966,Erythrocyte,92.14,20,54.69
CELL_35144,Leukocyte,21.45,26,98.48
CELL_99641,Erythrocyte,7.88,45,95.66
CELL_50222,Erythrocyte,28.92,37,99.84
CELL_31644,Leukocyte,25.14,49,51.58
CELL_37542,Leukocyte,98.07,21,80.53
CELL_82055,Epithelial,66.97,37,67.16
CELL_27275,Leukocyte,73.06,14,81.12
CELL_91462,Erythrocyte,105.53,8,53.59
CELL_64448,Neuron,103.82,25,76.79
CELL_27579,Neuron,78.67,47,92.87
CELL_55289,Leukocyte,7.1,50,64.68
CELL_41243,Fibroblast,53.32,31,68.03
CELL_54839,Leukocyte,7.48,35,76.32
CELL_90132,Myocyte,65.39,31,89.53
CELL_88027,Myocyte,59.49,10,74.16
CELL_45888,Myocyte,93.43,8,54.16
CELL_45572,Leukocyte,38.56,28,67.83
CELL_92378,Fibroblast,48.13,7,87.24
CELL_45019,Stem Cell,80.23,46,91.87
CELL_12783,Leukocyte,102.97,19,71.72
CELL_81806,Erythrocyte,78.35,40,88.76
CELL_66453,Leukocyte,33.06,23,55.09
CELL_75160,Epithelial,47.79,38,75.36
CELL_52274,Myocyte,50.38,9,50.38
CELL_29802,Neuron,39.45,42,58.94
CELL_41949,Myocyte,108.51,43,86.13
CELL_14438,Fibroblast,69.82,19,78.33
CELL_74792,Erythrocyte,15.77,40,62.34
CELL_62942,Fibroblast,8.24,44,59.26
CELL_18292,Neuron,6.92,7,92.76
CELL_47610,Epithelial,117.91,43,63.44
CELL_76537,Stem Cell,115.42,18,85.75
CELL_61715,Stem Cell,88.28,8,92.86
CELL_42960,Fibroblast,69.09,30,67.53
CELL_75773,Myocyte,92.12,33,57.2
CELL_58064,Erythrocyte,100.12,14,78.91
CELL_41416,Leukocyte,31.7,18,69.73
CELL_41958,Neuron,45.22,11,81.36
CELL_47073,Neuron,93.0,5,61.94
CELL_81806,Stem Cell,78.61,25,74.99
CELL_84044,Epithelial,101.11,34,90.59
CELL_67160,Myocyte,91.36,37,93.11
CELL_12868,Fibroblast,8.94,35,58.37
CELL_67205,Erythrocyte,81.28,19,55.81
CELL_59385,Myocyte,25.22,21,60.79
CELL_63697,Leukocyte,52.24,35,78.69
CELL_89567,Epithelial,13.41,45,90.26
CELL_21409,Leukocyte,63.04,18,85.47
CELL_43088,Stem Cell,103.63,36,93.53
CELL_95553,Myocyte,92.13,27,88.63
CELL_17989,Stem Cell,30.64,29,56.42
CELL_24854,Leukocyte,116.9,6,76.65
CELL_75503,Erythrocyte,88.25,37,60.28
CELL_26484,Leukocyte,94.25,49,54.52
CELL_37469,Stem Cell,72.12,27,86.65
CELL_78037,Leukocyte,31.63,21,99.19
CELL_91410,Stem Cell,65.37,49,88.17
CELL_29899,Myocyte,17.82,41,93.48
CELL_36989,Myocyte,19.7,19,88.07
CELL_62571,Fibroblast,97.31,23,84.97
CELL_95695,Neuron,21.22,15,69.0
CELL_55876,Fibroblast,108.79,27,50.52
CELL_18456,Epithelial,16.66,49,95.41
CELL_84551,Leukocyte,15.96,21,98.73
CELL_78968,Leukocyte,96.66,10,63.81
CELL_60322,Erythrocyte,26.26,38,52.64
CELL_91473,Erythrocyte,41.36,28,84.14
CELL_69311,Epithelial,81.64,8,93.79
CELL_61634,Leukocyte,10.43,22,57.19
CELL_44534,Leukocyte,99.42,42,58.73
CELL_43290,Fibroblast,80.41,48,79.2
CELL_30352,Erythrocyte,106.01,44,68.2
CELL_66990,Myocyte,18.57,7,84.99
CELL_64357,Leukocyte,81.74,41,67.09
CELL_97346,Myocyte,39.98,21,68.74
CELL_54758,Fibroblast,74.01,24,64.67
CELL_27164,Neuron,74.91,32,61.06
CELL_68996,Erythrocyte,60.62,24,54.27
CELL_63188,Myocyte,12.68,39,76.81
CELL_55104,Myocyte,57.5,33,85.22
CELL_72867,Myocyte,93.33,5,71.66
CELL_70961,Leukocyte,81.83,17,59.69
CELL_22743,Leukocyte,64.94,25,76.22
CELL_35380,Epithelial,32.88,13,50.64
CELL_35673,Stem Cell,5.87,19,56.53
CELL_62432,Erythrocyte,106.5,43,65.42
CELL_84627,Stem Cell,118.85,40,77.89
CELL_94743,Myocyte,70.04,12,87.44
CELL_38891,Epithelial,23.14,30,76.68
CELL_48807,Erythrocyte,5.76,50,69.3
CELL_97485,Epithelial,47.99,31,90.85
CELL_11489,Erythrocyte,98.96,41,85.15
CELL_26048,Stem Cell,78.61,34,68.01
CELL_48433,Stem Cell,67.92,7,79.0
CELL_13652,Myocyte,24.95,47,65.41
CELL_87452,Epithelial,39.19,14,58.55
CELL_98358,Epithelial,82.37,41,96.57
CELL_46316,Myocyte,70.85,50,94.48
CELL_84815,Myocyte,82.81,22,80.62
CELL_55540,Stem Cell,104.63,7,83.15
CELL_75135,Erythrocyte,19.3,25,70.59
CELL_65443,Epithelial,18.41,50,84.15
CELL_16546,Fibroblast,39.15,8,57.95
CELL_80012,Stem Cell,54.68,26,98.76
CELL_35780,Erythrocyte,12.52,42,80.78
CELL_25610,Stem Cell,114.59,32,68.33
CELL_65618,Myocyte,53.15,39,60.49
CELL_97130,Fibroblast,102.77,17,92.1
CELL_17155,Erythrocyte,13.9,17,75.15
CELL_82675,Neuron,78.08,24,99.88
CELL_92087,Leukocyte,27.01,7,59.08
CELL_73617,Fibroblast,16.15,9,60.38
CELL_65213,Erythrocyte,41.68,35,77.2
CELL_68304,Leukocyte,47.19,22,90.27
CELL_22553,Epithelial,113.01,39,50.71
CELL_43774,Erythrocyte,110.7,30,61.27
CELL_63931,Erythrocyte,111.51,33,98.16
CELL_52247,Stem Cell,72.32,35,74.44
CELL_78841,Epithelial,108.57,28,73.57
CELL_28631,Fibroblast,68.23,20,54.27
CELL_52476,Myocyte,6.42,18,62.63
CELL_36823,Epithelial,112.85,46,76.87
CELL_74220,Erythrocyte,14.77,40,96.14
CELL_68323,Myocyte,33.63,12,68.38
CELL_19262,Leukocyte,42.68,49,92.15
CELL_43653,Fibroblast,75.78,41,80.72
CELL_65742,Leukocyte,91.43,46,66.76
CELL_15027,Erythrocyte,71.48,19,90.15
CELL_41406,Neuron,8.27,23,98.35
CELL_53205,Stem Cell,73.26,18,69.51
CELL_96234,Fibroblast,30.5,47,72.82
CELL_24837,Fibroblast,57.58,17,90.87
CELL_77468,Epithelial,90.75,19,85.39
CELL_83768,Erythrocyte,33.72,5,67.7
CELL_36499,Fibroblast,67.96,16,56.94
CELL_30361,Myocyte,8.06,43,95.4
CELL_39804,Neuron,104.21,43,85.83
CELL_29436,Myocyte,71.47,49,84.86
CELL_33665,Epithelial,6.95,24,65.8
CELL_18936,Leukocyte,40.96,26,83.41
CELL_56465,Myocyte,13.99,41,67.02
CELL_12600,Fibroblast,100.84,26,71.03
CELL_88945,Erythrocyte,44.89,25,60.6
CELL_60264,Erythrocyte,71.58,46,84.12
CELL_95633,Fibroblast,99.12,5,51.97
CELL_94006,Myocyte,42.75,7,63.76
CELL_13918,Erythrocyte,32.7,32,96.5
CELL_54298,Epithelial,80.85,13,67.64
CELL_80630,Epithelial,79.5,47,85.99
CELL_38095,Erythrocyte,115.39,20,66.34
CELL_67246,Myocyte,74.94,16,83.78
CELL_61607,Neuron,29.8,22,99.5
CELL_39178,Fibroblast,57.04,9,78.49
CELL_91470,Leukocyte,112.0,36,59.92
CELL_54297,Epithelial,115.18,5,79.24
CELL_88852,Myocyte,119.71,47,97.6
CELL_90067,Fibroblast,69.13,32,58.06
CELL_53389,Neuron,31.49,33,89.17
CELL_89673,Myocyte,45.92,15,73.62
CELL_79583,Stem Cell,70.19,44,51.55
CELL_32451,Myocyte,36.28,9,97.97
CELL_11119,Erythrocyte,11.8,26,69.01
CELL_41417,Erythrocyte,93.15,5,56.57
CELL_96268,Myocyte,34.4,28,87.07
CELL_64482,Neuron,91.9,37,61.37
CELL_91850,Fibroblast,60.0,9,88.79
CELL_40000,Stem Cell,8.67,40,51.42
CELL_82323,Neuron,61.39,48,64.45
CELL_34666,Neuron,117.57,22,78.04
CELL_59690,Fibroblast,100.63,29,51.23
CELL_55483,Myocyte,87.46,45,51.69
CELL_74959,Erythrocyte,109.0,36,71.24
CELL_61149,Stem Cell,24.81,11,69.75
CELL_18808,Myocyte,90.99,11,88.19
CELL_51614,Fibroblast,33.03,28,57.17
CELL_50488,Stem Cell,115.48,14,64.82
CELL_41306,Fibroblast,84.89,41,58.01
CELL_78001,Myocyte,83.42,6,93.05
CELL_70590,Neuron,55.45,8,56.68
CELL_36494,Neuron,45.49,31,90.65
CELL_94670,Neuron,41.24,7,56.76
CELL_11272,Myocyte,53.58,31,53.7
CELL_69399,Leukocyte,72.86,37,72.76
CELL_43300,Erythrocyte,27.84,27,57.48
CELL_55280,Erythrocyte,39.2,11,99.35
CELL_65699,Leukocyte,76.58,39,73.2
CELL_19353,Neuron,23.63,42,95.39
CELL_37572,Neuron,7.85,46,69.86
CELL_41267,Epithelial,32.8,44,71.86
CELL_38344,Epithelial,14.7,46,79.32
CELL_32394,Stem Cell,64.16,44,62.35
CELL_30728,Epithelial,79.76,26,89.55
CELL_96459,Erythrocyte,22.09,8,70.97
CELL_85757,Leukocyte,92.82,21,91.75
CELL_89392,Neuron,61.01,32,54.31
CELL_83754,Epithelial,98.99,27,87.2
CELL_89479,Erythrocyte,49.48,36,84.65
CELL_10990,Neuron,66.07,24,51.91
CELL_33320,Erythrocyte,13.75,39,88.41
CELL_47439,Neuron,116.3,9,95.62
CELL_26864,Erythrocyte,9.23,30,76.77
CELL_91349,Stem Cell,113.8,45,83.11
CELL_34881,Stem Cell,79.29,50,66.81
CELL_66033,Erythrocyte,6.57,46,52.96
CELL_52539,Leukocyte,21.27,9,58.12
CELL_85248,Epithelial,100.63,21,63.93
CELL_56402,Neuron,42.09,15,88.22
CELL_40979,Leukocyte,84.94,24,54.3
CELL_62524,Epithelial,79.36,22,93.67
CELL_67652,Neuron,118.24,28,98.08
CELL_69409,Epithelial,79.11,7,98.75
CELL_24260,Erythrocyte,83.87,12,71.66
CELL_60469,Myocyte,21.45,28,55.71
CELL_88521,Neuron,110.11,43,73.03
CELL_25636,Epithelial,108.15,12,52.37
CELL_78264,Stem Cell,118.75,45,92.78
CELL_36179,Myocyte,10.45,16,92.67
CELL_72595,Myocyte,105.1,5,76.84
CELL_26834,Neuron,119.69,6,91.28
CELL_74943,Leukocyte,42.18,18,76.48
CELL_74271,Stem Cell,24.64,34,79.73
CELL_61541,Stem Cell,16.32,50,85.09
CELL_87865,Epithelial,9.18,9,58.35
CELL_22563,Erythrocyte,22.0,48,94.3
CELL_94994,Stem Cell,77.84,47,74.85
CELL_76181,Stem Cell,59.83,33,56.52
CELL_16423,Neuron,100.09,36,86.0
CELL_89524,Neuron,110.35,50,68.01
CELL_79638,Erythrocyte,34.8,39,50.1
CELL_47633,Epithelial,40.04,7,84.66
CELL_99952,Neuron,98.35,10,84.99
CELL_12879,Myocyte,58.21,40,97.43
CELL_80703,Leukocyte,68.16,28,83.1
CELL_67690,Leukocyte,85.22,15,51.89
CELL_96552,Stem Cell,76.81,44,97.04
CELL_89817,Stem Cell,31.29,12,61.05
CELL_67259,Neuron,25.23,41,94.42
CELL_40875,Leukocyte,13.46,29,96.79
CELL_58177,Neuron,63.63,25,71.98
CELL_98807,Myocyte,51.96,50,51.18
CELL_13883,Epithelial,66.43,32,64.1
CELL_62045,Stem Cell,29.07,39,97.72
CELL_66783,Fibroblast,64.83,45,53.6
CELL_64843,Myocyte,112.99,38,67.82
CELL_59686,Myocyte,42.83,16,83.38
CELL_43668,Stem Cell,25.18,35,98.45
CELL_92948,Leukocyte,102.43,25,61.43
CELL_86615,Neuron,23.88,27,73.23
CELL_23536,Stem Cell,78.94,18,71.75
CELL_79558,Erythrocyte,108.54,12,98.92
CELL_21292,Epithelial,97.12,9,52.89
CELL_14160,Erythrocyte,10.34,49,85.2
CELL_94614,Myocyte,116.46,42,50.79
CELL_25922,Epithelial,117.3,10,57.79
CELL_94098,Neuron,10.97,9,67.02
CELL_81125,Stem Cell,28.18,38,95.3
CELL_61200,Epithelial,108.15,39,95.21
CELL_63199,Fibroblast,6.26,46,68.39
CELL_96693,Erythrocyte,63.68,37,68.81
CELL_34352,Stem Cell,77.18,19,50.11
CELL_87905,Neuron,100.12,21,95.22
CELL_12267,Erythrocyte,79.07,30,61.85
CELL_29195,Myocyte,113.51,32,83.24
CELL_85558,Myocyte,32.55,15,73.39
CELL_42155,Erythrocyte,115.57,37,90.01
CELL_98761,Stem Cell,22.69,45,60.4
CELL_84489,Leukocyte,16.74,45,57.65
CELL_77666,Myocyte,101.08,41,67.05
CELL_64932,Neuron,38.42,15,79.59
CELL_53625,Neuron,60.62,31,77.39
CELL_78530,Stem Cell,21.06,31,84.12
CELL_26605,Neuron,78.7,14,74.23
CELL_54953,Stem Cell,13.26,29,69.85
CELL_53623,Fibroblast,25.48,44,92.4
CELL_38880,Erythrocyte,13.05,40,89.36
CELL_99948,Epithelial,119.56,44,71.19
CELL_72710,Neuron,84.1,29,69.81
CELL_72344,Epithelial,59.68,33,80.64
CELL_96802,Neuron,45.77,48,62.69
CELL_13218,Erythrocyte,32.78,23,57.98
CELL_92340,Myocyte,47.52,6,55.51
CELL_77384,Erythrocyte,115.65,31,74.19
CELL_66541,Neuron,52.84,35,69.13
CELL_66606,Leukocyte,119.3,46,61.58
CELL_59365,Myocyte,8.6,5,76.76
CELL_12559,Stem Cell,21.27,38,57.59
CELL_36320,Fibroblast,63.54,36,62.65
CELL_75448,Myocyte,62.94,13,89.25
CELL_26169,Stem Cell,28.86,21,53.85
CELL_35704,Stem Cell,55.46,20,84.25
CELL_87414,Erythrocyte,73.26,26,88.25
CELL_80974,Erythrocyte,24.12,25,86.65
CELL_24177,Erythrocyte,73.92,34,57.71
CELL_25318,Leukocyte,24.22,12,83.98
CELL_67625,Neuron,57.72,20,60.54
CELL_98912,Myocyte,6.61,34,85.66
CELL_63047,Neuron,87.49,21,67.43
CELL_46436,Leukocyte,81.71,37,75.96
CELL_25706,Stem Cell,75.53,20,53.31
CELL_26109,Leukocyte,17.38,28,53.66
CELL_18660,Fibroblast,63.83,40,70.56
CELL_95530,Stem Cell,8.02,25,92.25
CELL_89298,Epithelial,27.51,21,77.62
CELL_81389,Fibroblast,78.12,13,64.38
CELL_43244,Leukocyte,6.81,49,62.45
CELL_10456,Stem Cell,75.38,30,60.84
CELL_78753,Leukocyte,119.26,38,96.39
CELL_12977,Stem Cell,67.92,39,51.33
CELL_46423,Erythrocyte,96.06,24,91.97
CELL_24927,Myocyte,103.88,27,65.39
CELL_14884,Erythrocyte,47.69,33,53.93
CELL_96548,Fibroblast,105.31,39,65.64
CELL_34457,Neuron,62.7,38,99.69
CELL_67896,Fibroblast,70.88,22,95.43
CELL_24645,Stem Cell,53.09,7,68.28
CELL_71485,Fibroblast,111.5,33,80.85
CELL_76027,Neuron,25.26,22,75.45
CELL_97236,Leukocyte,29.21,19,75.93
CELL_78056,Epithelial,38.36,5,60.38
CELL_87547,Stem Cell,87.26,36,74.78
CELL_94559,Fibroblast,107.14,26,87.82
CELL_85619,Epithelial,13.18,12,64.09
CELL_53411,Neuron,70.82,10,78.6
CELL_50996,Erythrocyte,25.31,37,95.48
CELL_95741,Stem Cell,88.71,39,55.09
CELL_21702,Myocyte,99.73,37,96.61
CELL_49966,Neuron,112.06,50,69.89
CELL_46207,Erythrocyte,30.55,38,59.68
CELL_73505,Leukocyte,94.74,41,58.62
CELL_94854,Fibroblast,78.89,12,61.11
CELL_17980,Stem Cell,73.47,27,64.46
CELL_68537,Stem Cell,45.06,18,82.03
CELL_70360,Fibroblast,19.8,7,64.65
CELL_20981,Fibroblast,50.62,33,59.0
CELL_42272,Epithelial,53.71,39,55.04
CELL_81134,Epithelial,36.37,23,87.95
CELL_91182,Fibroblast,103.09,21,96.09
CELL_29066,Epithelial,66.14,46,57.83
CELL_34248,Fibroblast,94.92,50,59.84
CELL_49683,Myocyte,44.91,50,64.38
CELL_78062,Fibroblast,16.05,33,50.25
CELL_69899,Stem Cell,30.76,9,92.68
CELL_22915,Leukocyte,69.15,9,64.98
CELL_40906,Epithelial,90.54,15,83.54
CELL_98808,Fibroblast,12.77,14,61.22
CELL_25828,Myocyte,26.68,46,91.85
CELL_71084,Myocyte,116.79,20,69.05
CELL_76992,Myocyte,80.55,47,54.9
CELL_25132,Stem Cell,27.45,16,66.78
CELL_59126,Neuron,112.56,30,95.28
CELL_49176,Fibroblast,37.92,46,77.91
CELL_18168,Epithelial,115.2,12,85.18
CELL_89429,Fibroblast,16.88,43,77.34
CELL_49759,Fibroblast,69.13,16,92.39
CELL_18297,Neuron,118.24,37,88.23
CELL_12182,Stem Cell,34.24,24,78.12
CELL_59392,Leukocyte,29.92,13,73.61
CELL_41985,Epithelial,107.19,49,77.73
CELL_42576,Epithelial,52.37,21,80.54
CELL_13172,Myocyte,8.24,42,76.54
CELL_85444,Myocyte,109.51,45,62.63
CELL_34935,Neuron,81.34,50,74.38
CELL_18602,Epithelial,55.0,16,55.58
CELL_64918,Myocyte,89.47,26,62.16
CELL_11441,Leukocyte,100.95,20,98.51
CELL_21987,Stem Cell,72.23,39,79.57
CELL_31299,Myocyte,54.26,37,73.25
CELL_80676,Stem Cell,10.26,34,61.2
CELL_71540,Myocyte,29.83,34,85.92
CELL_49871,Stem Cell,100.48,5,69.03
CELL_27757,Erythrocyte,90.42,35,88.32
CELL_72273,Leukocyte,87.93,15,65.44
CELL_27335,Stem Cell,94.07,8,68.91
CELL_37998,Stem Cell,44.71,31,57.67
CELL_82779,Fibroblast,7.12,23,93.46
CELL_86929,Erythrocyte,84.04,46,76.92
CELL_75788,Stem Cell,27.77,30,91.89
CELL_71836,Epithelial,82.51,21,75.24
CELL_25105,Leukocyte,51.95,24,58.43
CELL_79893,Epithelial,5.5,19,83.06
CELL_12400,Stem Cell,85.22,35,97.31
CELL_28872,Myocyte,27.62,37,57.31
CELL_61036,Erythrocyte,118.9,39,84.62
CELL_62339,Fibroblast,93.26,49,95.05
CELL_71231,Neuron,69.85,46,60.18
CELL_51722,Epithelial,115.86,12,63.32
CELL_30548,Stem Cell,26.65,13,59.73
CELL_58011,Erythrocyte,42.93,34,82.61
CELL_74228,Myocyte,38.66,8,78.28
CELL_86576,Stem Cell,39.56,40,64.92
CELL_99123,Erythrocyte,35.89,15,61.75
CELL_35756,Erythrocyte,85.4,28,65.07
CELL_17820,Stem Cell,10.27,35,77.93
CELL_75117,Epithelial,119.7,14,56.59
CELL_92841,Stem Cell,58.4,13,56.27
CELL_14383,Fibroblast,39.88,24,82.84
CELL_87153,Epithelial,111.17,29,80.52
CELL_37731,Stem Cell,45.79,16,54.96
CELL_45251,Epithelial,18.29,9,89.38
CELL_32767,Leukocyte,48.9,5,81.91
CELL_35431,Erythrocyte,10.4,23,57.96
CELL_58730,Epithelial,109.81,36,91.98
CELL_26101,Fibroblast,72.6,45,95.47
CELL_31023,Fibroblast,95.92,43,88.76
CELL_51247,Neuron,75.31,41,95.0
CELL_38980,Erythrocyte,104.62,18,81.81
CELL_28914,Stem Cell,95.04,36,62.3
CELL_75105,Myocyte,6.46,50,86.5
CELL_72535,Stem Cell,38.01,35,50.93
CELL_48038,Erythrocyte,70.76,46,88.9
CELL_23736,Myocyte,111.76,29,89.17
CELL_40237,Fibroblast,105.79,24,94.72
CELL_16803,Epithelial,58.42,47,52.51
CELL_32214,Erythrocyte,18.85,47,80.59
CELL_10063,Epithelial,14.65,15,80.12
CELL_76793,Neuron,115.33,10,97.27
CELL_81542,Neuron,9.25,38,55.36
CELL_21760,Leukocyte,108.69,14,66.0
CELL_57385,Stem Cell,26.67,13,99.17
CELL_64624,Myocyte,74.76,16,83.89
CELL_37021,Fibroblast,109.73,44,86.94
CELL_34662,Epithelial,82.44,19,55.33
CELL_70777,Fibroblast,57.31,36,97.22
CELL_74969,Stem Cell,63.07,46,55.84
CELL_92284,Epithelial,12.25,43,60.08
CELL_94463,Fibroblast,49.55,31,97.59
CELL_49974,Myocyte,36.78,18,79.58
CELL_76098,Neuron,44.0,39,97.28
CELL_78094,Stem Cell,18.23,19,51.67
CELL_82090,Stem Cell,16.13,35,99.77
CELL_98018,Myocyte,58.52,14,61.12
CELL_70462,Erythrocyte,67.72,14,51.95
CELL_40862,Stem Cell,100.64,15,86.17
CELL_88246,Erythrocyte,71.42,32,54.08
CELL_82168,Myocyte,51.02,10,89.83
CELL_26171,Fibroblast,84.98,43,99.09
CELL_18488,Stem Cell,77.66,14,93.3
CELL_56913,Stem Cell,68.18,40,74.52
CELL_61563,Stem Cell,46.86,15,62.84
CELL_66366,Erythrocyte,91.47,22,58.48
CELL_84342,Myocyte,27.0,23,65.37
CELL_89008,Stem Cell,31.06,37,89.74
CELL_82594,Stem Cell,53.6,15,89.42
CELL_98424,Erythrocyte,93.62,36,81.53
CELL_87268,Stem Cell,57.94,5,50.14
CELL_25335,Neuron,64.94,20,93.69
CELL_63693,Fibroblast,116.19,22,94.07
CELL_10244,Erythrocyte,39.73,13,75.47
CELL_43538,Leukocyte,5.42,38,94.37
CELL_89974,Fibroblast,115.93,5,57.04
CELL_30013,Fibroblast,87.82,45,75.14
CELL_12988,Stem Cell,35.83,25,62.86
CELL_74948,Myocyte,19.93,7,97.81
CELL_47545,Myocyte,57.91,11,91.57
CELL_40839,Epithelial,22.49,15,62.16
CELL_92144,Neuron,107.01,15,68.83
CELL_85988,Epithelial,110.74,37,53.06
CELL_77560,Neuron,109.04,18,91.36
CELL_16203,Erythrocyte,85.84,35,53.29
CELL_53458,Stem Cell,106.07,32,74.19
CELL_19357,Fibroblast,54.31,48,60.62
CELL_20342,Stem Cell,28.02,10,64.69
CELL_38850,Erythrocyte,9.69,32,68.95
CELL_14076,Leukocyte,84.55,46,91.54
CELL_59986,Epithelial,53.9,26,51.26
CELL_37106,Erythrocyte,117.24,35,51.33
CELL_45320,Leukocyte,110.87,50,99.79
CELL_32488,Myocyte,112.64,30,53.31
CELL_26369,Leukocyte,10.56,28,84.22
CELL_79432,Myocyte,9.18,16,60.33
CELL_81353,Erythrocyte,9.54,47,68.9
CELL_38610,Erythrocyte,12.97,9,76.54
CELL_30490,Fibroblast,72.46,21,77.76
CELL_13560,Erythrocyte,87.74,48,50.5
CELL_92066,Stem Cell,28.6,49,92.28
CELL_25916,Erythrocyte,64.34,45,69.77
CELL_97605,Neuron,52.2,45,65.24
CELL_51965,Epithelial,18.39,14,62.68
CELL_12820,Leukocyte,84.18,18,52.18
CELL_49024,Neuron,103.67,17,77.85
CELL_83880,Fibroblast,5.22,49,87.85
CELL_11180,Leukocyte,9.22,25,80.05
CELL_51607,Epithelial,6.43,21,99.74
CELL_98414,Leukocyte,67.36,12,90.24
CELL_17274,Epithelial,55.0,11,57.88
CELL_82274,Neuron,100.7,10,51.96
CELL_57799,Stem Cell,107.8,32,86.87
CELL_62462,Erythrocyte,14.73,38,51.5
CELL_96133,Myocyte,92.14,29,88.63
CELL_66220,Epithelial,94.93,8,61.08
CELL_58258,Myocyte,117.52,38,78.06
CELL_10732,Myocyte,109.66,22,66.52
CELL_42600,Stem Cell,108.11,35,65.68
CELL_52856,Fibroblast,112.38,40,55.11
CELL_57681,Stem Cell,42.06,20,80.09
CELL_96334,Neuron,51.88,12,79.69
CELL_51322,Fibroblast,96.67,23,58.28
CELL_35943,Stem Cell,20.87,36,94.88
CELL_38072,Fibroblast,97.47,22,57.1
CELL_39544,Leukocyte,103.47,14,66.18
CELL_15387,Myocyte,76.22,13,94.77
CELL_33452,Myocyte,61.01,37,57.92
CELL_28480,Myocyte,24.05,23,80.15
CELL_21948,Stem Cell,95.96,50,82.79
CELL_27625,Myocyte,109.46,12,50.11
CELL_26746,Stem Cell,88.61,7,64.91
CELL_83581,Neuron,45.94,50,81.3
CELL_30934,Stem Cell,16.18,26,71.84
CELL_63298,Myocyte,112.79,13,57.1
CELL_68830,Stem Cell,51.88,16,89.96
CELL_50221,Stem Cell,14.97,16,70.59
CELL_14293,Myocyte,117.4,36,86.22
CELL_21626,Fibroblast,15.63,19,70.71
CELL_42603,Fibroblast,36.9,5,50.68
CELL_89004,Epithelial,28.78,37,50.17
CELL_39192,Neuron,96.91,34,75.22
CELL_97428,Neuron,14.85,39,91.72
CELL_18727,Erythrocyte,93.85,26,86.63
CELL_39447,Fibroblast,30.25,45,78.94
CELL_66864,Epithelial,27.5,8,76.61
CELL_28797,Fibroblast,37.23,31,62.16
CELL_28869,Epithelial,12.36,40,93.89
CELL_44636,Neuron,45.86,32,88.54
CELL_37705,Erythrocyte,73.01,43,51.18
CELL_94204,Leukocyte,87.68,49,79.16
CELL_29059,Myocyte,116.47,33,58.93
CELL_28233,Epithelial,20.41,7,83.7
CELL_95848,Epithelial,27.41,16,71.01
CELL_56211,Fibroblast,108.54,40,77.18
CELL_23999,Myocyte,27.1,8,86.35
CELL_57267,Neuron,84.28,21,89.51
CELL_85778,Epithelial,34.59,9,99.13
CELL_38061,Stem Cell,53.14,18,85.62
CELL_17550,Erythrocyte,101.69,46,69.74
CELL_14204,Neuron,61.86,50,66.42
CELL_43429,Stem Cell,7.47,11,81.68
CELL_70562,Stem Cell,98.45,19,63.63
CELL_93764,Epithelial,9.23,17,55.9
CELL_39551,Myocyte,40.2,41,51.48
CELL_62166,Myocyte,17.42,35,51.34
CELL_34190,Neuron,40.08,35,81.22
CELL_37366,Fibroblast,109.13,38,73.74
CELL_60698,Epithelial,107.81,26,67.2
CELL_35430,Myocyte,20.36,50,66.33
CELL_54008,Fibroblast,10.12,23,95.62
CELL_66529,Epithelial,31.55,15,82.97
CELL_67119,Fibroblast,58.92,49,77.3
CELL_85461,Stem Cell,88.46,40,57.77
CELL_72605,Stem Cell,68.91,24,87.87
CELL_92424,Fibroblast,108.57,9,91.46
CELL_30898,Neuron,56.78,34,61.88
CELL_38114,Epithelial,63.92,27,82.42
CELL_29315,Leukocyte,102.44,40,65.77
CELL_85047,Leukocyte,96.41,7,70.84
CELL_61992,Fibroblast,106.02,40,87.23
CELL_55171,Leukocyte,18.43,29,81.97
CELL_27851,Erythrocyte,109.95,13,89.19
CELL_73970,Leukocyte,79.47,37,62.99
CELL_18073,Leukocyte,66.98,31,60.49
CELL_72893,Neuron,100.9,40,65.47
CELL_16419,Epithelial,7.9,14,73.82
CELL_33850,Myocyte,105.93,38,71.97
CELL_99457,Epithelial,95.93,16,92.21
CELL_75646,Neuron,9.39,11,77.19
CELL_82790,Neuron,103.51,39,77.36
CELL_92740,Neuron,13.79,32,53.79
CELL_50259,Leukocyte,115.95,38,79.25
CELL_62949,Fibroblast,68.96,15,91.22
CELL_51242,Leukocyte,70.36,27,84.83
CELL_63077,Neuron,71.26,20,83.93
CELL_99487,Leukocyte,42.93,13,60.26
CELL_95875,Fibroblast,77.1,32,65.72
CELL_86653,Leukocyte,111.82,20,75.59
CELL_57082,Stem Cell,82.74,6,75.91
CELL_63754,Neuron,8.46,29,94.0
CELL_29220,Myocyte,116.55,6,81.71
CELL_68224,Stem Cell,72.84,44,53.05
CELL_72448,Epithelial,115.35,37,51.92
CELL_83465,Neuron,98.5,12,56.58
CELL_27664,Leukocyte,36.48,22,92.04
CELL_33333,Leukocyte,80.9,17,83.93
CELL_84375,Stem Cell,10.55,28,77.59
CELL_21586,Neuron,11.92,12,69.62
CELL_76764,Leukocyte,98.48,41,61.38
CELL_64160,Epithelial,109.32,7,73.95
CELL_90521,Neuron,79.35,13,78.24
CELL_89622,Neuron,97.4,16,67.4
CELL_91941,Leukocyte,43.34,44,58.43
CELL_81990,Neuron,45.07,18,60.05
CELL_29219,Fibroblast,79.29,17,96.39
CELL_89444,Erythrocyte,88.5,37,77.15
CELL_81464,Leukocyte,117.41,43,85.3
CELL_59024,Fibroblast,13.52,31,60.94
CELL_82042,Neuron,94.24,26,69.18
CELL_43304,Fibroblast,68.66,12,50.93
CELL_64894,Stem Cell,54.83,18,50.19
CELL_34027,Fibroblast,105.49,43,78.6
CELL_17218,Erythrocyte,105.22,14,79.3
CELL_75162,Neuron,112.65,47,81.27
CELL_15081,Fibroblast,115.35,26,92.07
CELL_12654,Neuron,19.02,37,97.7
CELL_50521,Erythrocyte,86.87,26,93.4
CELL_82266,Neuron,57.12,27,54.53
CELL_56870,Erythrocyte,72.32,41,95.86
CELL_63209,Stem Cell,23.59,27,71.47
CELL_96617,Epithelial,86.87,13,98.55
CELL_32134,Leukocyte,110.95,8,51.19
CELL_26479,Epithelial,8.84,12,86.53
CELL_23209,Epithelial,28.99,46,94.98
CELL_27445,Leukocyte,7.66,47,52.27
CELL_26924,Fibroblast,40.28,42,74.29
CELL_67211,Leukocyte,106.28,37,77.43
CELL_89634,Fibroblast,80.36,15,52.14
CELL_47673,Leukocyte,14.86,46,91.79
CELL_44517,Erythrocyte,33.81,43,99.89
CELL_17089,Erythrocyte,32.99,44,90.2
CELL_88066,Neuron,90.78,38,65.45
CELL_33637,Fibroblast,90.17,44,80.6
CELL_46773,Leukocyte,119.37,35,66.84
CELL_53697,Erythrocyte,94.74,24,97.79
CELL_84085,Neuron,86.27,27,85.4
CELL_48785,Erythrocyte,79.99,24,88.13
CELL_49074,Leukocyte,28.96,39,99.75
CELL_88175,Myocyte,39.27,25,73.69
CELL_68148,Erythrocyte,27.25,37,77.09
CELL_29008,Myocyte,12.58,50,96.24
CELL_90001,Neuron,118.12,25,68.48
CELL_68354,Fibroblast,24.84,13,58.67
CELL_34435,Epithelial,69.8,40,93.64
CELL_90745,Stem Cell,15.47,5,82.05
CELL_91634,Leukocyte,59.81,39,66.7
CELL_54997,Fibroblast,88.13,41,85.74
CELL_65374,Epithelial,70.35,26,54.64
CELL_26640,Erythrocyte,85.29,22,66.3
CELL_20635,Neuron,20.35,23,97.11
CELL_93494,Myocyte,40.74,23,59.87
CELL_17497,Leukocyte,100.62,46,74.27
CELL_94762,Stem Cell,103.41,20,55.57
CELL_58063,Epithelial,36.85,45,85.27
CELL_29250,Neuron,83.52,27,96.82
CELL_87026,Erythrocyte,73.03,5,97.73
CELL_38214,Leukocyte,43.5,32,60.24
CELL_33318,Erythrocyte,105.44,26,63.6
CELL_83014,Epithelial,40.35,42,93.74
CELL_23188,Neuron,29.3,48,74.79
CELL_18304,Neuron,97.0,38,86.73
CELL_24259,Neuron,60.35,31,72.69
CELL_28377,Epithelial,27.21,30,54.67
CELL_33419,Stem Cell,112.53,39,71.28
CELL_92875,Myocyte,97.94,42,87.78
CELL_88312,Fibroblast,50.3,16,86.6
CELL_20655,Stem Cell,67.88,15,79.77
CELL_52737,Epithelial,87.58,9,77.39
CELL_91978,Neuron,24.32,22,88.96
CELL_39627,Stem Cell,108.55,47,70.4
CELL_67731,Stem Cell,40.21,43,94.75
CELL_60133,Leukocyte,46.38,33,88.05
CELL_39262,Erythrocyte,75.58,6,61.22
CELL_20213,Erythrocyte,50.12,49,88.7
CELL_35467,Neuron,61.56,16,97.14
CELL_53728,Fibroblast,7.76,19,85.13
CELL_65509,Erythrocyte,75.4,36,85.55
CELL_20628,Fibroblast,86.2,13,69.65
CELL_19255,Erythrocyte,6.02,14,73.7
CELL_29114,Epithelial,93.7,11,55.47
CELL_30966,Myocyte,71.87,47,93.86
CELL_13701,Myocyte,112.31,14,77.35
CELL_43174,Myocyte,98.38,41,67.41
CELL_72078,Leukocyte,48.51,46,84.69
CELL_16227,Neuron,77.22,45,67.06
CELL_28126,Stem Cell,15.88,32,64.29
CELL_75981,Epithelial,7.99,27,68.76
CELL_69974,Leukocyte,6.61,44,81.32
CELL_78429,Stem Cell,40.19,6,67.44
CELL_80560,Fibroblast,28.31,33,68.43
CELL_12136,Erythrocyte,52.0,33,68.46
CELL_84856,Epithelial,96.73,21,72.65
CELL_88715,Neuron,40.4,42,52.43
CELL_33950,Leukocyte,111.06,5,97.2
CELL_58982,Neuron,88.83,50,67.77
CELL_68358,Stem Cell,30.32,41,64.81
CELL_64713,Fibroblast,108.69,36,76.86
CELL_46395,Neuron,111.56,5,60.45
CELL_85660,Epithelial,34.74,45,61.11
CELL_67309,Erythrocyte,76.62,10,95.61
CELL_53735,Leukocyte,51.38,46,61.07
CELL_39441,Fibroblast,99.8,49,57.38
CELL_56066,Neuron,25.83,33,57.52
CELL_93916,Leukocyte,49.67,24,86.26
CELL_89025,Myocyte,19.33,24,76.31
CELL_94564,Stem Cell,12.44,19,87.56
CELL_98362,Stem Cell,57.67,6,71.24
CELL_98400,Epithelial,38.35,36,63.02
CELL_30322,Leukocyte,87.37,10,99.82
CELL_78330,Fibroblast,93.6,34,56.2
CELL_40262,Erythrocyte,116.03,38,58.23
CELL_61138,Fibroblast,37.96,41,64.85
CELL_18161,Leukocyte,55.29,8,71.94
CELL_46920,Fibroblast,35.75,14,97.91
CELL_21292,Neuron,106.32,23,74.7
CELL_59374,Epithelial,51.01,28,87.05
CELL_93738,Erythrocyte,57.67,40,54.9
CELL_16052,Myocyte,102.11,12,96.1
CELL_60703,Neuron,61.63,24,53.31
CELL_81206,Erythrocyte,36.24,6,84.46
CELL_37230,Fibroblast,51.45,11,92.76
CELL_97063,Erythrocyte,15.21,45,79.18
CELL_44750,Stem Cell,81.16,14,96.45
CELL_40343,Epithelial,42.73,11,92.22
CELL_14718,Erythrocyte,21.87,18,89.85
CELL_46397,Neuron,90.23,38,77.84
CELL_68340,Erythrocyte,28.56,22,81.11
CELL_86454,Fibroblast,24.11,49,58.61
CELL_13007,Myocyte,106.28,27,68.79
CELL_71689,Fibroblast,73.24,32,83.78
CELL_34222,Leukocyte,19.94,7,94.35
CELL_84508,Stem Cell,61.91,31,99.87
CELL_66308,Stem Cell,66.33,33,51.18
CELL_71997,Erythrocyte,52.34,48,59.48
CELL_67193,Neuron,29.7,18,77.82
CELL_94904,Myocyte,6.05,14,88.34
CELL_56264,Stem Cell,100.55,15,91.76
CELL_41141,Stem Cell,86.55,27,59.44
CELL_96496,Stem Cell,75.9,16,74.17
CELL_88533,Myocyte,77.66,20,65.9
CELL_78563,Leukocyte,102.35,31,93.84
CELL_80792,Leukocyte,86.95,29,77.36
CELL_83802,Leukocyte,29.87,18,90.24
CELL_85014,Myocyte,93.53,36,92.26
CELL_39103,Neuron,91.67,31,77.87
CELL_32896,Epithelial,108.85,30,83.42
CELL_12598,Leukocyte,98.67,15,80.41
CELL_49417,Erythrocyte,102.0,23,97.66
CELL_84816,Epithelial,86.7,38,86.03
CELL_35379,Fibroblast,91.09,25,83.78
CELL_62794,Neuron,69.46,23,65.05
CELL_36643,Leukocyte,60.41,35,75.04
CELL_26083,Myocyte,17.54,50,76.99
CELL_68397,Leukocyte,21.29,44,56.98
CELL_64345,Neuron,58.34,36,51.43
CELL_52504,Myocyte,47.81,10,83.06
CELL_83103,Epithelial,80.68,22,97.38
CELL_25950,Fibroblast,44.49,13,93.36
CELL_52736,Erythrocyte,33.73,17,57.95
CELL_32542,Myocyte,115.67,37,76.24
CELL_59477,Fibroblast,85.2,46,58.63
CELL_68443,Fibroblast,32.37,26,56.71
CELL_95422,Myocyte,81.38,46,86.73
CELL_24337,Myocyte,80.61,44,74.63
CELL_92543,Fibroblast,18.81,44,52.69
CELL_21447,Leukocyte,53.38,21,100.0
CELL_60143,Epithelial,105.88,37,74.0
CELL_33465,Fibroblast,36.76,16,78.91
CELL_70865,Leukocyte,86.58,6,62.88
CELL_36123,Neuron,42.92,33,85.07
CELL_19506,Fibroblast,20.55,33,89.62
CELL_59703,Erythrocyte,30.7,31,61.07
CELL_70130,Stem Cell,6.28,40,55.25
CELL_43289,Stem Cell,28.78,22,93.97
CELL_75266,Leukocyte,119.87,42,63.85
CELL_99184,Leukocyte,85.75,14,91.0
CELL_16254,Neuron,73.28,26,75.73
CELL_61783,Neuron,97.94,41,84.34
CELL_34029,Myocyte,95.37,10,58.29
CELL_41570,Leukocyte,82.04,8,64.13
CELL_26185,Epithelial,37.98,42,68.8
CELL_39079,Leukocyte,72.73,9,99.23
CELL_93824,Myocyte,13.63,29,54.28
CELL_23281,Epithelial,113.02,32,85.69
CELL_11328,Fibroblast,114.27,28,96.01
CELL_75222,Leukocyte,109.72,12,98.9
CELL_87126,Stem Cell,117.52,13,55.94
CELL_99892,Neuron,7.9,36,98.0
CELL_38821,Neuron,79.47,9,96.69
CELL_55676,Fibroblast,92.89,32,95.83
CELL_72889,Stem Cell,23.35,13,67.97
CELL_63322,Epithelial,114.66,42,77.02
CELL_72036,Myocyte,21.22,19,55.33
CELL_73489,Erythrocyte,54.33,34,63.72
CELL_38647,Stem Cell,37.11,11,79.31
CELL_40935,Epithelial,98.42,6,96.06
CELL_61931,Myocyte,72.61,5,71.99
CELL_36009,Erythrocyte,65.77,38,95.03
CELL_77921,Epithelial,102.52,6,52.31
CELL_20922,Neuron,83.98,7,74.63
CELL_20906,Myocyte,5.69,6,53.53
CELL_20891,Myocyte,59.93,37,50.25
CELL_99817,Epithelial,82.29,10,85.43
CELL_37232,Leukocyte,22.0,48,71.1
CELL_86822,Erythrocyte,93.98,38,88.99
CELL_95436,Myocyte,51.51,30,83.38
CELL_71925,Stem Cell,23.6,32,63.39
CELL_19594,Fibroblast,70.08,37,87.84
CELL_18455,Stem Cell,119.59,31,94.46
CELL_69865,Stem Cell,9.48,20,69.52
CELL_99153,Stem Cell,77.48,24,97.69
CELL_63701,Epithelial,21.38,15,72.76
CELL_38561,Epithelial,81.59,36,64.55
CELL_50722,Epithelial,113.35,40,71.69
CELL_81961,Epithelial,116.33,13,86.66
CELL_39190,Myocyte,45.65,11,94.71
CELL_38194,Leukocyte,91.59,14,65.76
CELL_15769,Erythrocyte,44.28,9,83.88
CELL_64554,Fibroblast,76.53,18,69.48
CELL_81738,Myocyte,16.15,10,88.08
CELL_32853,Leukocyte,44.86,38,98.38
CELL_44474,Neuron,31.1,18,83.95
CELL_52502,Stem Cell,6.03,24,90.68
CELL_11365,Leukocyte,51.19,6,98.94
CELL_50090,Myocyte,80.38,11,83.74
CELL_81896,Epithelial,31.88,6,94.73
CELL_20747,Epithelial,85.43,9,50.62
CELL_92400,Erythrocyte,17.15,42,99.97
CELL_74666,Myocyte,42.18,42,83.52
CELL_74865,Fibroblast,62.28,12,90.29
CELL_99493,Leukocyte,44.03,14,69.8
CELL_50660,Stem Cell,5.32,44,92.56
CELL_76482,Fibroblast,98.58,37,64.2
CELL_44590,Leukocyte,69.87,22,64.84
CELL_15790,Erythrocyte,22.56,16,80.87
CELL_62452,Fibroblast,70.58,49,56.3
CELL_36272,Myocyte,75.36,26,68.91
CELL_22006,Erythrocyte,67.51,38,74.85
CELL_24696,Epithelial,5.96,13,69.32
CELL_66877,Epithelial,118.21,27,53.12
CELL_31755,Epithelial,88.75,20,92.02
CELL_25602,Leukocyte,31.6,5,54.56
CELL_43780,Fibroblast,42.03,15,73.8
CELL_17379,Neuron,100.23,33,60.54
CELL_50511,Myocyte,11.2,11,80.43
CELL_42857,Myocyte,48.36,6,77.82
CELL_67785,Epithelial,88.48,17,58.94
CELL_57054,Myocyte,76.42,22,91.12
CELL_53560,Fibroblast,80.95,45,73.17
CELL_54784,Leukocyte,98.86,11,73.29
CELL_15897,Erythrocyte,66.84,8,64.51
CELL_51206,Erythrocyte,72.74,34,54.22
CELL_65034,Erythrocyte,86.37,29,79.08
CELL_84725,Fibroblast,26.71,6,59.73
CELL_55964,Erythrocyte,117.7,34,73.05
CELL_63487,Erythrocyte,13.87,50,57.03
CELL_63857,Leukocyte,59.75,5,90.58
CELL_34629,Neuron,99.18,31,84.34
CELL_28745,Stem Cell,98.47,31,51.01
CELL_52724,Leukocyte,12.89,50,59.71
CELL_60250,Myocyte,102.02,43,81.65
CELL_72424,Leukocyte,82.3,33,97.68
CELL_41274,Erythrocyte,97.96,40,91.04
CELL_60641,Stem Cell,30.71,30,69.05
CELL_12974,Epithelial,26.71,12,67.07
CELL_54648,Epithelial,98.72,23,92.15
CELL_33061,Epithelial,63.48,44,55.68
CELL_95312,Leukocyte,76.66,37,56.46
CELL_65513,Myocyte,58.07,39,88.14
CELL_57801,Epithelial,10.42,11,72.0
CELL_66545,Leukocyte,36.12,19,56.67
CELL_28675,Erythrocyte,60.37,5,84.49
CELL_52377,Neuron,95.91,29,84.29
CELL_51231,Leukocyte,84.31,48,75.19
CELL_23516,Erythrocyte,94.41,27,52.82
CELL_69070,Fibroblast,56.41,48,66.02
CELL_68548,Leukocyte,5.67,28,85.68
CELL_52433,Neuron,82.99,34,96.05
CELL_96756,Myocyte,37.49,40,52.92
CELL_88937,Epithelial,32.59,45,65.96
CELL_93316,Neuron,55.59,13,61.94
CELL_17322,Stem Cell,102.51,47,98.33
CELL_64524,Stem Cell,52.26,9,56.89
CELL_35288,Myocyte,49.74,48,88.02
CELL_94764,Epithelial,49.49,18,66.3
CELL_52792,Neuron,101.78,45,82.6
CELL_16315,Leukocyte,19.33,27,90.13
CELL_31559,Epithelial,46.25,47,75.23
CELL_51877,Myocyte,69.28,43,95.59
CELL_93503,Epithelial,67.75,35,64.14
CELL_24574,Fibroblast,46.07,37,84.84
CELL_23492,Myocyte,102.94,20,71.5
CELL_10432,Fibroblast,76.94,14,87.83
CELL_97646,Stem Cell,42.84,43,53.7
CELL_38908,Epithelial,99.05,7,53.02
CELL_19580,Neuron,25.41,6,72.73
CELL_56983,Myocyte,26.29,5,87.96
CELL_37072,Erythrocyte,31.67,6,81.12
CELL_11476,Erythrocyte,39.39,29,75.18
CELL_77912,Myocyte,60.07,6,58.85
CELL_28767,Epithelial,91.23,29,71.28
CELL_87588,Erythrocyte,18.93,16,86.79
CELL_48680,Fibroblast,94.89,11,51.9
CELL_12270,Epithelial,34.88,43,98.05
CELL_36947,Leukocyte,23.39,28,95.55
CELL_73551,Erythrocyte,104.63,6,93.13
CELL_63056,Leukocyte,49.0,7,76.91
CELL_46373,Epithelial,58.26,30,85.25
CELL_82884,Stem Cell,110.96,5,89.68
CELL_16706,Fibroblast,52.55,39,88.47
CELL_74894,Epithelial,83.01,30,68.36
CELL_90620,Neuron,48.99,40,92.59
CELL_50991,Myocyte,66.77,15,59.51
CELL_85194,Epithelial,5.84,31,99.71
CELL_89909,Fibroblast,113.59,26,82.21
CELL_19070,Fibroblast,82.51,25,87.29
CELL_54624,Epithelial,17.96,48,57.65
CELL_39559,Myocyte,12.86,34,71.89
CELL_81205,Leukocyte,41.92,44,65.02
CELL_30766,Stem Cell,46.5,22,86.97
CELL_33631,Fibroblast,28.09,34,88.3
CELL_29701,Myocyte,100.32,16,55.87
CELL_82540,Myocyte,73.22,47,71.89
CELL_10062,Erythrocyte,89.85,8,64.09
CELL_13299,Myocyte,46.58,32,95.79
CELL_75465,Myocyte,7.84,13,56.09
CELL_72623,Neuron,73.08,42,75.39
CELL_57842,Neuron,98.5,33,97.74
CELL_42170,Epithelial,19.21,46,69.34
CELL_74825,Stem Cell,103.62,41,82.89
CELL_85529,Erythrocyte,30.54,30,66.73
CELL_29187,Erythrocyte,8.3,5,55.45
CELL_57478,Neuron,67.29,10,60.32
CELL_91745,Stem Cell,43.09,9,88.86
CELL_52057,Neuron,91.81,30,93.91
CELL_90496,Erythrocyte,42.02,38,99.35
CELL_82189,Leukocyte,35.06,9,95.76
CELL_97290,Neuron,55.58,19,51.86
CELL_88812,Myocyte,22.66,29,80.86
CELL_59573,Leukocyte,30.38,11,89.58
CELL_91844,Fibroblast,59.56,9,78.41
CELL_92962,Stem Cell,8.43,25,53.04
CELL_20391,Fibroblast,109.25,17,94.71
CELL_94347,Stem Cell,31.1,5,92.44
CELL_94006,Leukocyte,44.52,43,86.36
CELL_34779,Fibroblast,32.8,15,89.75
CELL_99609,Neuron,41.54,36,54.75
CELL_69380,Stem Cell,77.87,8,88.97
CELL_66920,Epithelial,103.58,12,94.49
CELL_71164,Fibroblast,5.96,25,84.31
CELL_89680,Erythrocyte,31.1,41,94.08
CELL_91249,Erythrocyte,78.62,47,83.41
CELL_43302,Myocyte,72.7,49,91.1
CELL_62327,Erythrocyte,11.3,44,67.23
CELL_99758,Fibroblast,107.97,32,83.32
CELL_68452,Myocyte,53.41,35,67.77
CELL_52078,Myocyte,22.01,20,94.91
CELL_42206,Epithelial,108.5,13,94.18
CELL_98834,Epithelial,97.47,23,72.59
CELL_15185,Fibroblast,114.23,24,92.64
CELL_43521,Leukocyte,106.85,16,87.21
CELL_90011,Leukocyte,24.87,8,97.08
CELL_90862,Leukocyte,24.81,9,74.28
CELL_39410,Leukocyte,33.76,13,71.44
CELL_87217,Neuron,105.95,36,66.92
CELL_86905,Myocyte,110.64,18,57.41
CELL_19161,Fibroblast,7.8,44,78.92
CELL_86847,Neuron,107.07,21,87.31
CELL_35731,Epithelial,95.96,45,65.54
CELL_20607,Fibroblast,68.23,24,88.85
CELL_89383,Myocyte,83.55,20,61.4
CELL_47314,Neuron,52.95,32,84.95
CELL_58933,Erythrocyte,101.45,7,95.16
CELL_81933,Stem Cell,15.2,16,81.82
CELL_47724,Epithelial,6.99,15,83.39
CELL_89857,Myocyte,78.89,27,63.04
CELL_16817,Myocyte,35.43,36,89.35
CELL_98904,Neuron,89.25,46,64.77
CELL_44422,Leukocyte,108.59,26,72.33
CELL_28218,Erythrocyte,46.2,39,91.38
CELL_41317,Epithelial,49.81,41,90.1
CELL_19622,Stem Cell,19.31,37,79.55
CELL_92308,Fibroblast,86.13,23,87.62
CELL_80512,Epithelial,19.13,50,56.35
CELL_64584,Erythrocyte,52.67,19,92.24
CELL_44047,Erythrocyte,107.29,22,65.32
CELL_98468,Fibroblast,11.57,6,66.0
CELL_96133,Leukocyte,117.92,32,55.03
CELL_67700,Leukocyte,90.87,28,78.98
CELL_48536,Erythrocyte,53.34,33,89.19
CELL_45910,Erythrocyte,75.01,15,53.13
CELL_24266,Epithelial,31.47,21,80.9
CELL_11644,Stem Cell,63.03,40,65.71
CELL_12819,Stem Cell,94.34,42,79.47
CELL_80146,Stem Cell,94.32,32,81.73
CELL_49138,Leukocyte,115.0,24,81.85
CELL_24689,Neuron,89.42,46,82.38
CELL_99807,Epithelial,23.51,30,75.31
CELL_91967,Neuron,13.41,43,98.76
CELL_18641,Neuron,84.73,20,58.01
CELL_30888,Epithelial,53.87,40,62.06
CELL_43626,Myocyte,86.34,33,83.08
CELL_83938,Fibroblast,56.01,23,53.52
CELL_26312,Myocyte,77.89,37,92.9
CELL_32102,Stem Cell,57.53,37,86.65
CELL_90323,Epithelial,21.57,14,89.35
CELL_12266,Myocyte,95.73,35,82.28
CELL_75316,Neuron,44.45,38,92.62
CELL_12153,Leukocyte,46.93,30,99.3
CELL_28096,Myocyte,78.76,11,57.41
CELL_25960,Leukocyte,113.18,11,59.03
CELL_13613,Erythrocyte,47.71,7,55.66
CELL_26979,Epithelial,82.27,11,93.82
CELL_59912,Fibroblast,58.16,8,97.39
CELL_26890,Neuron,64.28,25,62.41
CELL_18397,Stem Cell,73.57,32,92.01
CELL_24284,Erythrocyte,100.06,24,89.48
CELL_48954,Epithelial,113.04,16,70.8
CELL_15407,Neuron,106.34,25,80.71
CELL_86988,Epithelial,105.67,26,54.57
CELL_26955,Epithelial,63.6,24,51.18
CELL_70869,Erythrocyte,28.66,7,69.92
CELL_52911,Epithelial,41.04,25,88.16
CELL_80375,Neuron,103.36,15,63.24
CELL_14835,Erythrocyte,80.47,36,77.89
CELL_67473,Erythrocyte,6.19,23,82.96
CELL_57516,Leukocyte,99.17,45,74.4
CELL_69556,Leukocyte,117.91,47,58.45
CELL_24289,Stem Cell,19.49,50,76.22
CELL_42894,Leukocyte,107.82,48,84.07
CELL_27773,Erythrocyte,75.36,49,53.22
CELL_62666,Stem Cell,105.24,21,95.61
CELL_36736,Erythrocyte,6.49,19,54.78
CELL_98991,Stem Cell,67.05,35,50.1
CELL_67603,Erythrocyte,80.01,15,96.63
CELL_39239,Myocyte,76.54,41,79.9
CELL_31944,Leukocyte,113.61,39,97.96
CELL_45660,Erythrocyte,69.86,27,83.02
CELL_28581,Neuron,75.29,38,98.29
CELL_68373,Myocyte,108.66,23,90.56
CELL_65471,Erythrocyte,88.41,21,52.11
CELL_73038,Epithelial,75.9,30,94.11
CELL_30797,Leukocyte,95.53,24,57.67
CELL_45212,Leukocyte,108.17,50,86.2
CELL_61712,Epithelial,21.84,12,53.0
CELL_84619,Leukocyte,76.64,6,96.14
CELL_36685,Neuron,44.21,28,97.2
CELL_47462,Neuron,52.15,14,52.71
CELL_43382,Epithelial,95.69,38,60.3
CELL_26153,Fibroblast,101.8,45,97.93
CELL_22308,Neuron,47.26,35,68.42
CELL_60160,Neuron,72.07,20,89.19
CELL_44608,Stem Cell,89.13,22,54.9
CELL_69300,Epithelial,24.36,30,87.27
CELL_48749,Neuron,29.35,32,96.08
CELL_65407,Myocyte,103.27,41,79.41
CELL_96593,Epithelial,47.96,23,87.8
CELL_31829,Erythrocyte,56.22,26,95.43
CELL_23218,Leukocyte,72.93,25,68.39
CELL_27931,Leukocyte,21.54,28,62.99
CELL_69101,Neuron,82.04,42,65.49
CELL_69835,Stem Cell,15.98,13,64.18
CELL_60776,Neuron,92.89,30,56.02
CELL_62069,Fibroblast,15.01,23,76.47
CELL_37923,Erythrocyte,99.19,37,58.08
CELL_72713,Epithelial,89.74,21,58.05
CELL_86069,Neuron,79.59,22,97.08
CELL_65006,Neuron,59.77,27,88.54
CELL_79044,Fibroblast,69.63,46,91.74
CELL_56577,Neuron,75.32,16,60.79
CELL_77315,Epithelial,27.7,46,81.86
CELL_19096,Erythrocyte,30.9,27,67.23
CELL_65968,Epithelial,113.56,22,85.17
CELL_18520,Erythrocyte,51.49,12,56.49
CELL_44665,Myocyte,64.72,19,56.83
CELL_20179,Epithelial,93.98,22,84.65
CELL_82348,Leukocyte,77.74,22,53.85
CELL_95519,Stem Cell,26.44,35,94.34
CELL_37280,Epithelial,41.18,34,97.01
CELL_50634,Leukocyte,115.4,13,54.39
CELL_23928,Fibroblast,32.26,12,87.12
CELL_24552,Erythrocyte,52.66,47,85.48
CELL_86229,Neuron,41.42,40,69.11
CELL_26025,Epithelial,15.85,24,58.63
CELL_60381,Fibroblast,32.19,14,83.17
CELL_19068,Erythrocyte,75.49,29,78.23
CELL_47377,Myocyte,9.51,33,64.61
CELL_77280,Stem Cell,20.54,43,76.4
CELL_52114,Fibroblast,78.27,40,71.58
CELL_55601,Erythrocyte,80.01,24,55.4
CELL_33150,Fibroblast,27.3,26,80.93
CELL_11036,Epithelial,91.2,38,50.32
CELL_26762,Erythrocyte,65.58,29,98.81
CELL_96330,Stem Cell,64.83,17,98.3
CELL_97034,Neuron,50.67,7,89.73
CELL_83998,Neuron,37.03,26,68.44
CELL_46467,Stem Cell,51.7,47,53.85
CELL_45435,Leukocyte,73.35,8,62.45
CELL_92668,Fibroblast,61.61,14,83.42
CELL_44680,Fibroblast,44.93,33,87.45
CELL_10287,Neuron,100.18,40,59.99
CELL_18666,Epithelial,64.42,28,66.23
CELL_36485,Stem Cell,24.5,22,93.58
CELL_89732,Fibroblast,78.05,48,95.87
CELL_82348,Stem Cell,36.56,40,56.83
CELL_26872,Leukocyte,55.6,48,76.17
CELL_36299,Myocyte,27.99,44,64.52
CELL_35340,Leukocyte,67.03,12,78.45
CELL_65930,Neuron,114.17,9,64.78
CELL_18923,Stem Cell,30.68,24,82.39
CELL_64041,Leukocyte,13.16,40,79.14
CELL_56519,Neuron,91.54,22,67.81
CELL_10628,Fibroblast,36.51,5,60.61
CELL_14180,Fibroblast,112.87,27,82.63
CELL_39535,Erythrocyte,87.99,30,76.47
CELL_96745,Fibroblast,114.64,11,83.47
CELL_62307,Fibroblast,96.05,34,99.81
CELL_50375,Neuron,57.7,49,93.08
CELL_39527,Neuron,6.25,25,60.1
CELL_12611,Fibroblast,100.44,41,68.07
CELL_92057,Neuron,77.93,40,63.42
CELL_17298,Fibroblast,105.67,37,99.67
CELL_99003,Fibroblast,105.75,29,76.67
CELL_23861,Myocyte,70.73,42,89.06
CELL_15303,Fibroblast,24.58,9,70.78
CELL_44155,Epithelial,67.45,20,83.4
CELL_28681,Fibroblast,97.11,30,90.7
CELL_98695,Leukocyte,42.03,50,74.67
CELL_47595,Myocyte,89.12,7,99.25
CELL_91935,Leukocyte,112.82,29,86.53
CELL_65978,Fibroblast,94.46,23,87.65
CELL_23803,Epithelial,79.48,47,75.8
CELL_39520,Neuron,71.57,26,95.22
CELL_74659,Stem Cell,46.62,26,61.24
CELL_21622,Epithelial,11.68,45,81.02
CELL_80264,Neuron,110.11,18,52.02
CELL_89592,Stem Cell,107.74,30,75.56
CELL_23831,Epithelial,33.55,31,72.64
CELL_36404,Leukocyte,94.47,5,80.92
CELL_82934,Neuron,15.13,41,69.52
CELL_40834,Epithelial,42.65,9,79.35
CELL_58454,Myocyte,51.78,22,68.05
CELL_70624,Erythrocyte,94.91,8,68.47
CELL_48699,Myocyte,20.48,49,94.88
CELL_63185,Epithelial,60.5,42,91.49
CELL_45573,Epithelial,17.97,8,51.86
CELL_69583,Erythrocyte,9.11,5,85.75
CELL_18458,Erythrocyte,114.67,8,86.86
CELL_15955,Myocyte,109.61,48,75.16
CELL_73331,Fibroblast,51.41,33,66.55
CELL_85126,Leukocyte,56.79,41,61.18
CELL_43001,Epithelial,10.66,24,57.39
CELL_44311,Neuron,27.88,11,61.19
CELL_77414,Myocyte,76.1,49,54.8
CELL_31742,Neuron,105.38,20,53.54
CELL_43152,Neuron,19.5,33,74.77
CELL_95056,Myocyte,31.35,38,63.95
CELL_29356,Stem Cell,57.75,39,96.75
CELL_26258,Neuron,112.59,25,54.65
CELL_62657,Myocyte,95.15,32,75.9
CELL_31004,Myocyte,27.25,17,84.94
CELL_59246,Erythrocyte,118.76,34,76.62
CELL_96013,Myocyte,77.7,26,82.78
CELL_86528,Stem Cell,15.6,50,57.42
CELL_18427,Myocyte,47.36,6,60.18
CELL_20245,Erythrocyte,61.16,19,71.35
CELL_27182,Fibroblast,29.2,20,67.25
CELL_17722,Erythrocyte,30.68,47,61.08
CELL_70883,Fibroblast,95.95,13,72.22
CELL_90459,Fibroblast,54.69,48,99.7
CELL_13078,Erythrocyte,73.37,24,51.24
CELL_37990,Myocyte,9.68,42,53.35
CELL_85366,Stem Cell,99.66,43,70.59
CELL_70378,Neuron,16.5,34,86.69
CELL_67282,Leukocyte,8.65,10,69.44
CELL_85975,Fibroblast,26.02,15,71.32
CELL_66795,Fibroblast,83.15,16,53.87
CELL_47230,Myocyte,15.85,5,53.83
CELL_26199,Neuron,59.64,25,93.93
CELL_74798,Neuron,92.11,27,75.41
CELL_62328,Myocyte,118.46,25,68.76
CELL_46379,Stem Cell,18.32,35,96.75
CELL_53648,Epithelial,16.83,43,57.21
CELL_50551,Stem Cell,25.18,48,69.1
CELL_92941,Epithelial,45.93,9,69.93
CELL_19674,Myocyte,110.57,27,97.39
CELL_93973,Leukocyte,114.87,13,91.3
CELL_12826,Leukocyte,90.08,32,59.04
CELL_10890,Erythrocyte,76.6,32,58.36
CELL_47551,Myocyte,25.52,23,96.73
CELL_79669,Leukocyte,36.58,20,65.06
CELL_65949,Leukocyte,104.48,15,58.3
CELL_26844,Epithelial,73.88,13,88.94
CELL_97338,Erythrocyte,96.74,9,91.02
CELL_75001,Neuron,33.08,19,74.65
CELL_33581,Erythrocyte,36.08,8,67.36
CELL_48458,Fibroblast,21.51,38,83.02
CELL_41983,Fibroblast,66.9,21,74.56
CELL_18002,Epithelial,112.03,24,57.3
CELL_52081,Neuron,95.8,32,75.14
CELL_53599,Leukocyte,80.57,29,90.43
CELL_88277,Erythrocyte,95.99,20,71.57
CELL_10931,Myocyte,34.89,8,58.14
CELL_40493,Myocyte,76.93,50,53.11
CELL_30337,Stem Cell,28.54,8,52.29
CELL_18306,Fibroblast,47.03,47,90.79
CELL_35150,Erythrocyte,60.43,17,87.48
CELL_59541,Erythrocyte,119.65,24,52.69
CELL_69271,Stem Cell,13.78,49,58.15
CELL_53312,Leukocyte,23.87,6,83.74
CELL_75484,Stem Cell,114.49,10,92.05
CELL_59018,Stem Cell,58.05,9,51.12
CELL_91085,Myocyte,31.0,11,81.97
CELL_89097,Neuron,103.53,20,88.96
CELL_61638,Fibroblast,57.15,46,91.3
CELL_74989,Erythrocyte,118.99,7,96.2
CELL_16641,Leukocyte,25.0,22,64.86
CELL_18215,Stem Cell,54.87,18,68.48
CELL_65478,Leukocyte,70.75,9,57.0
CELL_87356,Epithelial,75.11,36,73.61
CELL_85917,Erythrocyte,30.62,10,80.98
CELL_48252,Leukocyte,37.29,37,52.73
CELL_14331,Epithelial,36.3,43,91.35
CELL_74954,Epithelial,49.01,27,53.2
CELL_43719,Neuron,24.79,45,72.53
CELL_90614,Leukocyte,60.58,14,51.5
CELL_75325,Epithelial,40.67,16,55.49
CELL_45348,Fibroblast,106.85,11,97.5
CELL_28294,Epithelial,109.31,9,76.54
CELL_17136,Neuron,99.09,43,90.62
CELL_92735,Myocyte,87.52,17,58.37
CELL_37479,Erythrocyte,83.09,45,60.0
CELL_99960,Neuron,9.25,32,89.38
CELL_67901,Myocyte,116.32,19,58.0
CELL_79964,Stem Cell,69.37,11,71.21
CELL_85131,Leukocyte,29.86,18,53.03
CELL_55507,Erythrocyte,59.78,19,89.8
CELL_46058,Fibroblast,39.23,28,54.43
CELL_31465,Neuron,36.45,22,75.98
CELL_48160,Fibroblast,15.91,49,71.23
CELL_99210,Epithelial,106.11,42,50.04
CELL_49182,Leukocyte,99.92,38,72.98
CELL_92084,Erythrocyte,82.56,35,83.27
CELL_95650,Leukocyte,89.51,30,56.88
CELL_96111,Epithelial,42.84,28,69.37
CELL_83973,Neuron,78.0,50,64.44
CELL_81828,Erythrocyte,101.52,23,83.66
CELL_97107,Myocyte,25.04,17,94.38
CELL_38237,Fibroblast,103.53,12,56.42
CELL_46577,Stem Cell,82.18,6,79.06
CELL_15709,Neuron,87.47,12,81.41
CELL_34883,Fibroblast,54.61,49,56.16
CELL_58862,Myocyte,75.26,50,61.0
CELL_99477,Fibroblast,17.08,46,87.49
CELL_95542,Myocyte,36.58,31,69.94
CELL_74274,Fibroblast,115.72,30,98.7
CELL_95596,Neuron,113.96,5,87.71
CELL_89142,Myocyte,101.54,22,76.01
CELL_59001,Epithelial,6.21,28,59.63
CELL_18994,Stem Cell,44.97,41,73.19
CELL_63245,Fibroblast,28.23,8,65.53
CELL_34375,Fibroblast,25.65,9,55.02
CELL_50823,Neuron,76.97,23,70.52
CELL_48392,Neuron,55.05,42,68.64
CELL_19645,Leukocyte,47.12,46,93.01
CELL_10679,Neuron,88.86,34,83.15
CELL_61144,Neuron,40.22,39,92.3
CELL_11778,Fibroblast,116.16,17,50.22
CELL_65776,Leukocyte,104.74,32,70.48
CELL_35714,Stem Cell,85.0,11,82.24
CELL_13243,Neuron,83.67,22,73.25
CELL_81106,Myocyte,11.97,34,65.57
CELL_86551,Stem Cell,69.66,5,50.83
CELL_53531,Erythrocyte,74.52,32,54.13
CELL_16088,Stem Cell,43.06,7,50.25
CELL_57978,Erythrocyte,65.14,22,89.85
CELL_11288,Fibroblast,98.15,44,59.96
CELL_24262,Myocyte,36.19,33,90.89
CELL_62030,Myocyte,110.79,36,91.44
CELL_17387,Leukocyte,50.85,45,66.64
CELL_57948,Myocyte,66.85,39,53.66
CELL_50544,Epithelial,13.15,13,98.22
CELL_32350,Neuron,60.28,50,66.67
CELL_49876,Myocyte,64.96,13,59.39
CELL_22810,Epithelial,79.3,31,52.17
CELL_62225,Erythrocyte,43.35,43,95.8
CELL_46022,Stem Cell,105.07,27,96.86
CELL_20597,Myocyte,78.11,18,70.46
CELL_99753,Erythrocyte,105.83,27,97.84
CELL_14919,Stem Cell,115.02,32,87.8
CELL_38616,Myocyte,116.17,35,73.71
CELL_82116,Myocyte,119.52,26,96.82
CELL_96086,Erythrocyte,38.3,12,52.13
CELL_75001,Stem Cell,69.97,34,75.61
CELL_29488,Leukocyte,99.47,23,90.65
CELL_67878,Stem Cell,22.15,50,73.99
CELL_32262,Epithelial,18.4,41,54.8
CELL_73152,Myocyte,41.05,35,56.1
CELL_54883,Fibroblast,102.18,21,76.99
CELL_26146,Neuron,11.35,32,63.68
CELL_74297,Erythrocyte,53.24,22,85.43
CELL_46674,Stem Cell,54.93,24,67.3
CELL_95970,Myocyte,115.24,8,93.62
CELL_94483,Myocyte,29.92,43,98.51
CELL_31209,Neuron,48.17,38,85.44
CELL_45726,Myocyte,45.6,37,71.03
CELL_37218,Neuron,52.85,17,81.36
CELL_55879,Myocyte,68.28,45,69.78
CELL_94415,Erythrocyte,103.91,19,62.47
CELL_72228,Neuron,93.76,20,81.75
CELL_86164,Neuron,63.21,44,71.3
CELL_10189,Myocyte,7.51,27,75.38
CELL_46566,Leukocyte,46.52,19,99.02
CELL_78154,Epithelial,33.44,9,91.1
CELL_82124,Epithelial,110.84,16,82.53
CELL_63876,Epithelial,95.09,27,75.14
CELL_56768,Fibroblast,93.72,24,78.93
CELL_46068,Erythrocyte,56.54,35,68.64
CELL_82260,Neuron,93.43,38,72.35
CELL_83015,Erythrocyte,5.8,28,61.67
CELL_58756,Leukocyte,61.52,46,96.18
CELL_92673,Epithelial,6.48,9,89.97
CELL_10082,Fibroblast,50.61,18,86.74
CELL_77642,Epithelial,6.42,29,71.18
CELL_77662,Neuron,51.72,42,97.02
CELL_64517,Myocyte,52.85,24,65.75
CELL_13979,Neuron,61.12,48,89.44
CELL_72522,Erythrocyte,23.97,30,67.39
CELL_51920,Erythrocyte,26.94,11,84.1
CELL_23162,Neuron,91.5,36,83.78
CELL_85493,Leukocyte,25.35,13,94.2
CELL_54065,Myocyte,78.75,47,94.88
CELL_47090,Neuron,21.71,36,66.34
CELL_70073,Erythrocyte,10.06,37,51.57
CELL_62693,Fibroblast,19.95,31,92.26
CELL_33928,Neuron,32.99,49,57.35
CELL_40964,Neuron,69.75,35,80.52
CELL_79559,Neuron,45.45,15,93.52
CELL_13544,Epithelial,109.43,38,95.88
CELL_84278,Neuron,79.39,40,77.75
CELL_51851,Epithelial,99.59,22,94.7
CELL_83298,Neuron,101.59,18,69.06
CELL_95165,Erythrocyte,70.32,41,81.64
CELL_95084,Erythrocyte,20.62,44,60.56
CELL_65260,Myocyte,98.91,32,68.01
CELL_35942,Neuron,58.33,21,53.51
CELL_73620,Stem Cell,76.61,28,70.98
CELL_71158,Stem Cell,76.79,10,67.53
CELL_66975,Neuron,100.62,11,60.51
CELL_11817,Leukocyte,102.6,50,55.42
CELL_90386,Stem Cell,11.03,12,69.53
CELL_53468,Neuron,42.8,47,51.76
CELL_63545,Leukocyte,38.12,10,97.65
CELL_50950,Neuron,73.83,13,75.22
CELL_39177,Epithelial,6.87,25,58.18
CELL_94684,Fibroblast,104.96,31,95.22
CELL_61330,Erythrocyte,19.99,42,58.27
CELL_17515,Myocyte,8.83,7,88.95
CELL_34742,Leukocyte,95.27,36,75.95
CELL_55755,Erythrocyte,27.44,12,75.85
CELL_40913,Fibroblast,27.33,30,94.86
CELL_42864,Neuron,72.96,41,87.34
CELL_58411,Epithelial,98.54,6,64.75
CELL_68228,Myocyte,83.08,6,56.26
CELL_33751,Neuron,44.35,39,63.11
CELL_78036,Fibroblast,114.45,5,54.68
CELL_44291,Stem Cell,9.58,30,97.16
CELL_92770,Epithelial,80.08,38,56.88
CELL_20725,Myocyte,114.42,29,70.84
CELL_44157,Leukocyte,104.39,15,75.47
CELL_24941,Neuron,5.81,31,78.21
CELL_20703,Epithelial,45.82,16,63.37
CELL_61854,Leukocyte,18.55,30,55.03
CELL_46195,Neuron,107.48,50,66.8
CELL_29116,Erythrocyte,111.63,43,69.01
CELL_35564,Fibroblast,93.13,42,99.09
CELL_50883,Erythrocyte,16.18,42,95.4
CELL_37051,Fibroblast,18.76,21,79.45
CELL_79570,Neuron,7.63,32,85.24
CELL_12893,Fibroblast,22.46,12,63.05
CELL_53866,Epithelial,119.2,8,79.48
CELL_45118,Neuron,28.88,11,66.55
CELL_47339,Stem Cell,89.35,29,82.82
CELL_63205,Fibroblast,68.96,48,84.41
CELL_56166,Fibroblast,103.9,25,89.15
CELL_96410,Fibroblast,85.45,41,77.72
CELL_48597,Leukocyte,92.76,43,66.41
CELL_27287,Stem Cell,34.84,20,73.56
CELL_51258,Stem Cell,69.09,9,66.09
CELL_39992,Leukocyte,56.04,5,82.11
CELL_90577,Myocyte,8.83,13,52.73
CELL_15939,Myocyte,25.39,8,72.71
CELL_92496,Erythrocyte,103.13,36,96.32
CELL_30887,Epithelial,91.52,26,80.64
CELL_43746,Epithelial,76.39,40,56.62
CELL_30069,Fibroblast,41.91,22,52.96
CELL_79200,Neuron,100.87,28,57.19
CELL_22925,Myocyte,99.0,12,73.4
CELL_90013,Myocyte,54.57,50,53.99
CELL_51308,Leukocyte,62.28,36,68.56
CELL_60470,Fibroblast,54.7,28,63.76
CELL_24622,Neuron,70.93,47,94.86
CELL_45890,Epithelial,6.81,5,77.72
CELL_27765,Fibroblast,94.9,10,75.31
CELL_47217,Neuron,61.19,6,70.42
CELL_17054,Stem Cell,100.09,21,84.94
CELL_98931,Neuron,42.53,32,76.91
CELL_10665,Neuron,15.63,49,95.52
CELL_44848,Fibroblast,60.62,36,99.6
CELL_63234,Epithelial,113.53,27,91.82
CELL_19651,Neuron,90.38,30,64.41
CELL_96882,Leukocyte,93.77,15,86.36
CELL_37261,Fibroblast,61.1,13,65.32
CELL_99948,Stem Cell,12.26,11,69.09
CELL_68926,Fibroblast,26.71,37,72.89
CELL_63479,Neuron,40.06,19,67.88
CELL_94605,Fibroblast,102.05,23,73.59
CELL_92961,Leukocyte,6.95,9,69.11
CELL_21903,Neuron,119.25,8,50.83
CELL_80006,Stem Cell,95.57,25,97.22
CELL_86401,Fibroblast,118.59,31,93.52
CELL_73885,Erythrocyte,17.03,28,90.23
CELL_11093,Leukocyte,83.71,19,92.26
CELL_17147,Stem Cell,85.87,50,62.26
CELL_79281,Erythrocyte,84.89,24,60.48
CELL_97040,Leukocyte,99.8,28,71.84
CELL_20793,Erythrocyte,22.15,37,97.03
CELL_89194,Erythrocyte,118.77,41,63.65
CELL_22910,Epithelial,109.13,50,97.5
CELL_79808,Myocyte,67.01,12,66.98
CELL_17888,Myocyte,38.39,41,97.68
CELL_22918,Myocyte,17.58,14,70.17
CELL_28532,Stem Cell,45.89,37,50.81
CELL_33083,Fibroblast,88.45,44,72.02
CELL_33262,Erythrocyte,93.12,35,86.09
CELL_35218,Fibroblast,111.2,45,54.11
CELL_49330,Myocyte,115.92,9,97.57
CELL_22611,Myocyte,36.62,25,52.23
CELL_91876,Neuron,49.3,21,78.82
CELL_89397,Fibroblast,29.03,48,93.18
CELL_59652,Fibroblast,48.87,45,58.56
CELL_84210,Myocyte,31.59,30,88.31
CELL_11890,Leukocyte,95.25,22,57.7
CELL_93323,Stem Cell,72.81,26,51.17
CELL_69996,Fibroblast,101.5,19,77.53
CELL_68322,Stem Cell,114.61,46,97.44
CELL_52610,Leukocyte,39.1,7,75.89
CELL_20489,Epithelial,39.12,47,72.09
CELL_82833,Leukocyte,100.44,35,66.11
CELL_62205,Neuron,15.16,37,62.83
CELL_80018,Epithelial,110.61,49,95.83
CELL_44843,Erythrocyte,92.17,18,75.81
CELL_70891,Erythrocyte,59.85,11,60.43
CELL_50011,Erythrocyte,34.83,29,94.25
CELL_41137,Epithelial,76.85,29,85.43
CELL_74117,Erythrocyte,7.35,34,95.38
CELL_91239,Epithelial,69.07,21,75.04
CELL_43474,Fibroblast,6.01,50,97.23
CELL_82434,Myocyte,48.68,5,78.29
CELL_55200,Myocyte,69.08,48,87.3
CELL_91534,Fibroblast,91.13,21,91.74
CELL_22629,Epithelial,16.02,14,60.94
CELL_97733,Fibroblast,112.57,21,91.82
CELL_57068,Stem Cell,24.43,25,82.34
CELL_14470,Neuron,49.23,21,84.92
CELL_75322,Neuron,9.08,32,83.6
CELL_51242,Epithelial,75.16,33,74.08
CELL_86086,Leukocyte,62.89,21,89.67
CELL_22122,Erythrocyte,93.83,34,50.47
CELL_41712,Leukocyte,41.78,42,63.66
CELL_83140,Stem Cell,70.72,5,69.94
CELL_36348,Erythrocyte,94.84,11,55.07
CELL_79545,Erythrocyte,84.8,8,91.87
CELL_80584,Leukocyte,111.83,35,88.39
CELL_14467,Erythrocyte,99.54,20,54.19
CELL_91724,Leukocyte,37.13,10,83.19
CELL_79827,Neuron,57.42,19,56.41
CELL_22417,Epithelial,45.45,47,62.18
CELL_34599,Neuron,111.75,27,94.31
CELL_66290,Stem Cell,40.62,41,82.87
CELL_12528,Leukocyte,55.63,25,53.73
CELL_29769,Leukocyte,80.77,28,84.91
CELL_28183,Fibroblast,112.31,46,86.33
CELL_99724,Neuron,78.46,37,72.65
CELL_53539,Myocyte,75.34,50,68.4
CELL_82121,Neuron,43.41,24,89.77
CELL_80612,Leukocyte,68.85,42,77.99
CELL_35005,Fibroblast,104.04,12,87.17
CELL_80704,Stem Cell,17.49,24,96.71
CELL_34373,Leukocyte,27.19,24,56.88
CELL_19967,Fibroblast,84.72,38,52.77
CELL_73143,Fibroblast,33.46,48,86.46
CELL_68014,Leukocyte,64.65,15,68.96
CELL_32415,Leukocyte,13.18,44,98.07
CELL_61168,Epithelial,56.18,42,93.99
CELL_23053,Stem Cell,72.44,20,59.19
CELL_53379,Stem Cell,51.16,37,95.96
CELL_81166,Neuron,41.0,8,58.63
CELL_70151,Leukocyte,107.3,26,79.28
CELL_53560,Erythrocyte,49.54,44,59.07
CELL_31195,Erythrocyte,69.71,7,59.97
CELL_85039,Stem Cell,92.75,35,91.82
CELL_65831,Stem Cell,69.04,46,98.9
CELL_55028,Leukocyte,67.26,9,80.84
CELL_59638,Stem Cell,9.57,35,70.8
CELL_43263,Fibroblast,6.93,30,85.43
CELL_18028,Leukocyte,38.69,44,69.57
CELL_42337,Stem Cell,5.16,35,81.33
CELL_71107,Neuron,80.92,18,94.74
CELL_55193,Leukocyte,94.21,24,52.64
CELL_61295,Stem Cell,116.7,33,95.72
CELL_64450,Fibroblast,24.94,21,52.43
CELL_10138,Epithelial,95.59,36,79.56
CELL_96708,Erythrocyte,10.71,47,65.82
CELL_49925,Leukocyte,9.46,30,53.81
CELL_28161,Leukocyte,80.91,41,50.46
CELL_79886,Myocyte,100.21,36,93.78
CELL_80718,Erythrocyte,104.29,35,51.47
CELL_96119,Neuron,106.67,49,98.64
CELL_87560,Leukocyte,12.04,21,93.96
CELL_78854,Stem Cell,30.7,8,78.48
CELL_20450,Fibroblast,20.58,50,95.59
CELL_88440,Fibroblast,32.6,15,61.17
CELL_96972,Epithelial,14.01,23,85.22
CELL_17646,Epithelial,53.6,34,82.8
CELL_25388,Myocyte,107.66,37,67.63
CELL_73032,Leukocyte,44.88,16,67.5
CELL_59435,Myocyte,92.33,48,86.66
CELL_84363,Myocyte,31.42,9,86.46
CELL_20443,Fibroblast,96.45,5,77.99
CELL_77261,Erythrocyte,60.77,50,77.88
CELL_88576,Neuron,17.74,27,73.19
CELL_86223,Epithelial,109.28,30,84.85
CELL_51226,Stem Cell,45.6,16,51.77
CELL_74052,Stem Cell,53.75,33,87.77
CELL_25434,Epithelial,101.26,39,68.3
CELL_57877,Erythrocyte,11.97,44,76.17
CELL_81628,Epithelial,105.9,34,52.91
CELL_86873,Neuron,36.91,7,55.36
CELL_18065,Stem Cell,23.39,39,72.04
CELL_51592,Fibroblast,55.0,6,56.27
CELL_17910,Leukocyte,24.9,48,89.38
CELL_94286,Leukocyte,72.98,32,75.24
CELL_23216,Epithelial,46.71,31,50.07
CELL_24304,Neuron,37.13,43,88.67
CELL_25163,Neuron,85.07,30,55.47
CELL_36857,Neuron,47.44,43,99.53
CELL_77742,Stem Cell,119.2,25,74.29
CELL_90318,Erythrocyte,18.67,6,60.83
CELL_35718,Neuron,116.24,10,51.28
CELL_39169,Neuron,92.77,5,84.08
CELL_65113,Myocyte,86.73,40,89.19
CELL_53365,Neuron,92.64,21,59.91
CELL_94608,Leukocyte,53.51,17,55.31
CELL_64201,Neuron,52.34,37,96.24
CELL_28481,Erythrocyte,55.92,25,90.83
CELL_95717,Myocyte,95.35,5,57.77
CELL_78255,Fibroblast,88.53,16,63.05
CELL_58310,Fibroblast,41.52,23,82.95
CELL_66840,Myocyte,61.38,8,92.62
CELL_88354,Myocyte,65.2,47,53.91
CELL_31615,Erythrocyte,109.04,38,88.4
CELL_29605,Fibroblast,16.36,34,84.91
CELL_89968,Erythrocyte,38.99,19,71.2
CELL_89058,Neuron,17.57,49,76.2
CELL_92212,Leukocyte,94.81,37,57.75
CELL_34628,Erythrocyte,71.36,14,81.53
CELL_55274,Leukocyte,79.17,35,72.82
CELL_17290,Epithelial,66.63,30,50.28
CELL_88824,Epithelial,91.57,29,64.59
CELL_51490,Myocyte,89.49,11,70.19
CELL_29702,Myocyte,25.33,16,84.2
CELL_70754,Fibroblast,16.78,5,93.28
CELL_62892,Erythrocyte,36.52,34,70.45
CELL_89988,Stem Cell,91.41,35,52.49
CELL_56426,Stem Cell,66.15,46,51.22
CELL_72510,Stem Cell,112.6,6,88.81
CELL_31269,Stem Cell,91.34,42,61.17
CELL_12869,Leukocyte,51.63,13,56.66
CELL_11857,Erythrocyte,79.59,22,73.85
CELL_70935,Erythrocyte,5.41,27,99.81
CELL_35559,Myocyte,50.71,17,86.54
CELL_98071,Erythrocyte,99.71,10,63.25
CELL_76643,Epithelial,17.79,16,56.28
CELL_86601,Erythrocyte,104.92,48,63.05
CELL_94018,Myocyte,61.78,28,60.1
CELL_92696,Fibroblast,55.41,22,87.98
CELL_56497,Fibroblast,94.52,21,79.09
CELL_86058,Epithelial,101.8,17,78.77
CELL_83555,Leukocyte,85.76,14,99.15
CELL_32388,Neuron,9.83,16,63.49
CELL_80941,Leukocyte,67.01,23,84.88
CELL_98336,Erythrocyte,78.67,20,82.03
CELL_21629,Leukocyte,52.66,48,70.08
CELL_31003,Myocyte,5.81,42,56.76
CELL_76369,Epithelial,109.62,29,69.41
CELL_27502,Leukocyte,102.07,13,73.56
CELL_48687,Erythrocyte,103.04,29,89.42
CELL_28378,Erythrocyte,100.96,35,59.19
CELL_59121,Myocyte,8.9,31,91.86
CELL_96623,Neuron,56.86,12,60.65
CELL_33397,Fibroblast,55.67,38,93.79
CELL_45485,Stem Cell,119.07,15,50.25
CELL_95171,Neuron,81.28,39,54.76
CELL_44083,Erythrocyte,103.03,9,86.26
CELL_23283,Leukocyte,113.16,5,54.61
CELL_24003,Fibroblast,63.98,34,51.77
CELL_96139,Erythrocyte,112.72,23,52.59
CELL_82972,Fibroblast,57.07,23,55.93
CELL_62741,Leukocyte,21.16,25,67.94
CELL_77682,Stem Cell,48.82,21,81.59
CELL_27398,Leukocyte,93.72,7,69.52
CELL_29520,Neuron,118.12,5,82.31
CELL_93202,Erythrocyte,21.61,22,74.51
CELL_86867,Epithelial,31.32,31,57.84
CELL_38966,Myocyte,22.17,13,87.86
CELL_56023,Leukocyte,49.47,50,57.35
CELL_82428,Erythrocyte,71.15,6,63.45
CELL_61869,Erythrocyte,99.88,48,74.05
CELL_69952,Erythrocyte,47.54,5,77.21
CELL_44515,Fibroblast,110.56,28,89.18
CELL_67855,Leukocyte,65.69,15,56.59
CELL_96932,Neuron,114.64,11,61.3
CELL_37611,Leukocyte,102.69,22,68.08
CELL_61022,Erythrocyte,47.14,32,54.07
CELL_62421,Myocyte,104.57,11,72.1
CELL_45030,Myocyte,46.59,40,62.58
CELL_94492,Leukocyte,29.78,16,85.73
CELL_88520,Myocyte,20.93,48,69.11
CELL_99714,Erythrocyte,14.84,6,56.99
CELL_81644,Stem Cell,118.29,17,80.63
CELL_50912,Myocyte,26.34,12,96.21
CELL_14351,Epithelial,69.1,12,96.93
CELL_86523,Leukocyte,100.49,28,92.56
CELL_98956,Stem Cell,10.14,24,59.16
CELL_10799,Leukocyte,21.29,12,70.4
CELL_49926,Neuron,11.53,9,84.55
CELL_71219,Fibroblast,39.49,18,78.37
CELL_69483,Leukocyte,98.43,24,86.77
CELL_73256,Myocyte,92.63,10,91.96
CELL_11107,Leukocyte,23.24,17,93.58
CELL_60296,Stem Cell,75.52,8,99.45
CELL_29351,Erythrocyte,59.5,32,95.77
CELL_70462,Epithelial,104.56,26,68.95
CELL_71788,Myocyte,40.81,39,91.59
CELL_13155,Myocyte,104.4,14,95.41
CELL_76744,Myocyte,92.07,7,84.55
CELL_52959,Leukocyte,84.95,15,69.48
CELL_46976,Leukocyte,107.01,13,60.99
CELL_80204,Neuron,57.32,47,90.81
CELL_58518,Myocyte,10.47,17,73.16
CELL_22751,Leukocyte,28.99,31,82.99
CELL_50874,Leukocyte,52.63,8,73.17
CELL_58200,Erythrocyte,98.79,33,86.23
CELL_50854,Epithelial,40.92,41,54.83
CELL_97035,Erythrocyte,119.12,37,53.0
CELL_63489,Leukocyte,12.73,30,88.44
CELL_57110,Neuron,81.98,31,62.21
CELL_46541,Fibroblast,100.58,39,53.4
CELL_94656,Neuron,81.76,45,94.24
CELL_25088,Fibroblast,113.98,42,65.21
CELL_44280,Erythrocyte,65.5,42,74.19
CELL_37084,Stem Cell,102.0,46,57.31
CELL_97873,Erythrocyte,61.21,33,87.16
CELL_49517,Epithelial,86.14,48,80.95
CELL_10715,Epithelial,84.94,23,97.76
CELL_30964,Fibroblast,56.96,12,97.2
CELL_78806,Neuron,77.58,36,50.78
CELL_49135,Fibroblast,101.96,28,53.59
CELL_81475,Neuron,54.17,29,78.36
CELL_91309,Erythrocyte,74.46,20,97.25
CELL_92822,Epithelial,66.56,13,51.77
CELL_26261,Leukocyte,107.46,39,79.3
CELL_39450,Erythrocyte,30.22,27,58.43
CELL_37936,Stem Cell,25.65,27,76.76
CELL_43330,Fibroblast,34.64,22,91.79
CELL_41134,Leukocyte,76.98,19,60.45
CELL_73651,Stem Cell,10.99,7,64.51
CELL_40426,Leukocyte,21.41,43,57.87
CELL_82767,Epithelial,15.17,42,66.04
CELL_57191,Myocyte,21.05,8,93.32
CELL_95250,Fibroblast,78.1,47,74.59
CELL_93986,Erythrocyte,119.28,45,59.64
CELL_44331,Leukocyte,35.76,34,79.51
CELL_76304,Epithelial,23.29,50,90.9
CELL_80843,Stem Cell,90.08,20,71.58
CELL_14049,Fibroblast,46.61,37,74.5
CELL_79685,Epithelial,103.97,36,57.76
CELL_34157,Neuron,13.21,23,85.35
CELL_49419,Leukocyte,108.38,19,65.09
CELL_65371,Neuron,24.68,41,62.24
CELL_41576,Leukocyte,103.52,22,57.56
CELL_21011,Stem Cell,117.58,26,95.26
CELL_47579,Fibroblast,107.91,39,52.01
CELL_91312,Neuron,81.54,46,58.27
CELL_89584,Fibroblast,42.32,38,56.98
CELL_53568,Stem Cell,97.01,13,91.8
CELL_54432,Erythrocyte,57.08,19,62.29
CELL_94363,Stem Cell,24.65,11,89.83
CELL_60671,Stem Cell,28.68,14,51.67
CELL_88318,Neuron,79.65,11,63.93
CELL_54798,Myocyte,78.27,13,86.09
CELL_25141,Myocyte,89.87,44,58.96
CELL_37825,Epithelial,17.58,34,68.51
CELL_81275,Epithelial,44.08,31,99.62
CELL_42247,Neuron,7.85,22,87.7
CELL_12566,Epithelial,15.47,8,53.12
CELL_87806,Leukocyte,42.71,20,86.31
CELL_67900,Neuron,64.86,8,79.72
CELL_59199,Erythrocyte,104.54,15,54.88
CELL_20747,Epithelial,32.2,34,90.36
CELL_97857,Erythrocyte,32.41,37,65.01
CELL_79327,Neuron,20.52,22,87.65
CELL_52146,Stem Cell,100.06,48,60.4
CELL_74409,Neuron,96.94,45,70.18
CELL_53531,Epithelial,58.52,35,98.99
CELL_50515,Epithelial,74.76,24,52.47
CELL_81572,Erythrocyte,25.47,32,80.76
CELL_33932,Stem Cell,71.87,47,99.92
CELL_27627,Erythrocyte,83.66,7,78.28
CELL_18935,Neuron,89.73,15,62.9
CELL_60054,Neuron,73.95,12,72.65
CELL_19471,Stem Cell,84.83,27,88.99
CELL_93107,Stem Cell,73.86,23,50.33
CELL_91700,Erythrocyte,18.87,21,92.75
CELL_21990,Stem Cell,86.04,36,80.8
CELL_68669,Epithelial,50.98,27,63.67
CELL_19780,Stem Cell,43.67,17,94.64
CELL_81897,Leukocyte,28.09,13,91.26
CELL_64432,Myocyte,33.25,11,73.57
CELL_40970,Myocyte,53.16,20,64.21
CELL_12026,Neuron,94.31,36,99.68
CELL_15996,Epithelial,25.43,32,77.16
CELL_25043,Neuron,70.38,24,59.07
CELL_38656,Fibroblast,99.06,7,92.07
CELL_25757,Stem Cell,47.66,44,97.33
CELL_21611,Erythrocyte,35.46,12,51.48
CELL_68352,Myocyte,101.07,9,67.08
CELL_24710,Fibroblast,115.51,33,58.46
CELL_74834,Leukocyte,100.31,40,68.32
CELL_80363,Erythrocyte,64.05,5,59.78
CELL_98054,Stem Cell,36.34,50,75.83
CELL_36060,Stem Cell,6.95,47,88.8
CELL_76854,Erythrocyte,101.68,31,60.36
CELL_85190,Neuron,85.53,15,75.61
CELL_44844,Myocyte,9.08,27,64.02
CELL_53166,Neuron,37.16,24,53.23
CELL_23476,Epithelial,99.62,48,86.43
CELL_55616,Leukocyte,115.82,47,98.66
CELL_50543,Myocyte,83.77,25,71.5
CELL_57875,Epithelial,59.72,6,85.39
CELL_19047,Neuron,86.86,27,93.12
CELL_88868,Erythrocyte,74.4,6,87.79
CELL_41159,Epithelial,29.43,19,56.48
CELL_33403,Myocyte,93.87,6,76.31
CELL_44112,Fibroblast,58.37,31,57.88
CELL_38230,Leukocyte,5.88,21,95.51
CELL_13203,Erythrocyte,28.65,43,58.92
CELL_58641,Stem Cell,8.85,43,85.28
CELL_89946,Leukocyte,8.79,43,78.64
CELL_58991,Leukocyte,84.59,29,60.14
CELL_76772,Myocyte,100.36,22,79.32
CELL_99901,Neuron,100.85,47,70.73
CELL_90565,Myocyte,26.01,17,73.39
CELL_99370,Fibroblast,48.56,16,63.39
CELL_58987,Stem Cell,79.31,9,63.54
CELL_26637,Epithelial,92.25,14,74.77
CELL_90412,Myocyte,105.2,30,58.05
CELL_40811,Neuron,73.26,15,67.65
CELL_80979,Fibroblast,69.45,18,84.05
CELL_52492,Myocyte,5.15,15,58.76
CELL_45017,Myocyte,75.26,19,50.5
CELL_92104,Leukocyte,97.52,9,97.38
CELL_18912,Epithelial,19.67,16,99.4
CELL_63535,Neuron,85.02,18,75.66
CELL_91727,Erythrocyte,33.05,50,51.59
CELL_75892,Epithelial,33.89,17,53.3
CELL_43749,Stem Cell,9.74,50,94.22
CELL_84294,Erythrocyte,114.09,28,65.85
CELL_48118,Erythrocyte,26.94,30,57.45
CELL_44135,Stem Cell,51.95,49,96.88
CELL_12985,Myocyte,23.53,29,78.4
CELL_37727,Leukocyte,113.63,45,75.67
CELL_42143,Fibroblast,28.66,30,52.22
CELL_55008,Epithelial,75.01,34,65.31
CELL_67461,Stem Cell,21.04,44,83.49
CELL_83527,Myocyte,109.75,21,75.52
CELL_98503,Leukocyte,36.94,30,70.98
CELL_42181,Neuron,104.27,35,53.33
CELL_97782,Fibroblast,101.01,45,61.39
CELL_59878,Leukocyte,54.95,17,90.15
CELL_70311,Neuron,54.49,31,61.48
CELL_30868,Stem Cell,58.66,45,76.88
CELL_84122,Leukocyte,50.19,6,93.95
CELL_94421,Neuron,90.5,7,83.81
CELL_16990,Neuron,112.62,37,82.25
CELL_12010,Stem Cell,26.79,11,75.57
CELL_76633,Erythrocyte,23.59,26,86.45
CELL_84816,Neuron,53.97,29,70.25
CELL_19452,Fibroblast,77.61,30,69.72
CELL_82270,Epithelial,61.61,22,95.81
CELL_89603,Stem Cell,80.21,44,79.12
CELL_24559,Erythrocyte,48.45,17,90.47
CELL_52865,Stem Cell,63.32,19,83.7
CELL_71993,Stem Cell,91.88,22,89.08
CELL_66627,Epithelial,66.8,11,91.84
CELL_94139,Stem Cell,106.13,6,80.71
CELL_74607,Myocyte,40.39,40,92.45
CELL_14210,Neuron,89.05,30,59.73
CELL_71059,Epithelial,66.62,30,81.58
CELL_32482,Neuron,68.78,12,62.09
CELL_48263,Stem Cell,32.66,27,68.26
CELL_52427,Leukocyte,40.62,20,53.28
CELL_24511,Fibroblast,22.48,36,53.24
CELL_64247,Epithelial,27.29,15,62.05
CELL_70292,Myocyte,16.73,5,88.15
CELL_92818,Fibroblast,52.27,18,59.89
CELL_37328,Fibroblast,58.91,24,82.09
CELL_59732,Stem Cell,84.2,39,61.0
CELL_29499,Erythrocyte,56.64,11,55.06
CELL_82797,Epithelial,67.02,24,86.97
CELL_66123,Leukocyte,26.18,46,80.2
CELL_84293,Erythrocyte,87.08,44,95.66
CELL_11654,Fibroblast,79.58,21,97.3
CELL_37090,Neuron,91.54,19,74.03
CELL_84177,Myocyte,10.88,43,50.84
CELL_49497,Myocyte,31.81,30,81.51
CELL_96634,Myocyte,54.18,36,59.25
CELL_89461,Epithelial,51.11,7,53.68
CELL_62287,Erythrocyte,10.86,35,90.6
CELL_62359,Myocyte,8.95,19,56.45
CELL_29169,Stem Cell,94.92,21,88.58
CELL_33035,Erythrocyte,101.57,12,63.53
CELL_83492,Fibroblast,22.03,9,71.41
CELL_16402,Epithelial,90.28,7,52.11
CELL_45849,Leukocyte,95.88,27,78.98
CELL_48072,Erythrocyte,100.77,37,55.29
CELL_86930,Erythrocyte,5.03,5,94.59
CELL_39480,Fibroblast,111.53,46,92.2
CELL_17141,Erythrocyte,82.96,49,61.08
CELL_54751,Myocyte,71.23,49,98.98
CELL_51181,Neuron,14.45,19,91.39
CELL_65066,Neuron,90.77,10,56.18
CELL_32568,Myocyte,65.84,47,88.04
CELL_36679,Stem Cell,8.86,26,68.75
CELL_60173,Neuron,102.64,23,93.57
CELL_77948,Leukocyte,101.68,17,79.59
CELL_49888,Leukocyte,44.92,17,75.23
CELL_85092,Stem Cell,45.21,19,85.83
CELL_73559,Epithelial,58.42,50,91.33
CELL_26529,Erythrocyte,58.72,36,70.74
CELL_45027,Erythrocyte,92.86,29,96.97
CELL_93403,Stem Cell,31.22,41,56.28
CELL_78090,Epithelial,74.48,6,74.77
CELL_38025,Leukocyte,13.52,16,93.46
CELL_93133,Fibroblast,71.98,24,71.09
CELL_98192,Neuron,96.41,19,81.8
CELL_21584,Myocyte,111.91,7,72.53
CELL_79449,Fibroblast,103.76,33,96.96
CELL_94555,Neuron,14.37,39,97.16
CELL_97930,Erythrocyte,48.78,12,77.29
CELL_14723,Myocyte,76.79,42,50.92
CELL_23269,Stem Cell,45.88,33,67.3
CELL_71449,Stem Cell,60.12,41,54.39
CELL_37394,Erythrocyte,69.9,27,97.89
CELL_80718,Erythrocyte,10.54,49,87.54
CELL_74495,Fibroblast,97.09,19,50.98
CELL_18559,Leukocyte,80.25,40,83.65
CELL_27324,Stem Cell,118.27,36,58.74
CELL_81666,Stem Cell,114.68,10,78.72
CELL_23486,Erythrocyte,27.09,29,55.51
CELL_16833,Erythrocyte,69.5,22,98.94
CELL_35008,Stem Cell,96.16,33,89.88
CELL_56220,Epithelial,67.68,42,86.23
CELL_33798,Leukocyte,74.45,37,56.04
CELL_78659,Stem Cell,102.62,16,90.18
CELL_77195,Myocyte,118.74,36,64.47
CELL_10191,Epithelial,117.51,37,97.11
CELL_38778,Fibroblast,31.7,9,56.04
CELL_73801,Myocyte,14.06,9,55.28
CELL_38262,Fibroblast,59.06,20,89.74
CELL_89197,Leukocyte,96.08,33,77.47
CELL_43392,Stem Cell,74.45,27,60.74
CELL_84260,Fibroblast,79.91,25,60.13
CELL_39060,Leukocyte,37.45,12,57.36
CELL_39607,Neuron,13.05,49,84.06
CELL_73786,Myocyte,19.4,33,80.15
CELL_65984,Leukocyte,93.43,31,70.54
CELL_31728,Fibroblast,42.39,40,88.9
CELL_28002,Myocyte,17.47,21,63.93
CELL_31692,Fibroblast,104.34,9,68.32
CELL_10085,Myocyte,111.77,43,58.11
CELL_57878,Neuron,56.69,11,86.78
CELL_24526,Epithelial,108.21,31,87.24
CELL_55141,Stem Cell,21.72,5,96.71
CELL_92699,Neuron,58.33,22,56.68
CELL_23119,Neuron,98.99,15,59.97
CELL_43608,Leukocyte,15.84,22,58.12
CELL_90024,Epithelial,7.15,14,79.69
CELL_89555,Myocyte,50.94,16,62.13
CELL_65513,Fibroblast,71.4,34,65.78
CELL_70244,Stem Cell,44.56,37,71.84
CELL_48392,Neuron,90.27,14,60.76
CELL_30203,Neuron,59.76,30,99.96
CELL_83095,Myocyte,65.98,46,85.49
CELL_25923,Myocyte,62.99,15,75.42
CELL_80584,Leukocyte,108.02,7,56.75
CELL_34113,Epithelial,114.1,48,61.24
CELL_94996,Erythrocyte,107.56,19,72.05
CELL_95980,Stem Cell,108.12,43,91.43
CELL_24749,Erythrocyte,8.04,39,82.02
CELL_44267,Stem Cell,101.14,16,92.88
CELL_94831,Myocyte,66.29,12,57.99
CELL_15858,Stem Cell,76.46,41,77.24
CELL_10281,Epithelial,16.68,45,60.05
CELL_90547,Myocyte,36.33,37,95.49
CELL_25727,Stem Cell,79.6,43,55.92
CELL_54333,Erythrocyte,40.42,43,51.34
CELL_88506,Stem Cell,87.14,30,84.83
CELL_60457,Erythrocyte,47.44,30,85.37
CELL_74540,Myocyte,110.3,15,74.23
CELL_63899,Fibroblast,11.91,49,96.21
CELL_55672,Erythrocyte,119.31,29,69.05
CELL_88909,Epithelial,45.19,26,82.93
CELL_64754,Epithelial,13.13,39,65.38
CELL_24591,Epithelial,36.89,43,54.97
CELL_40181,Erythrocyte,53.64,22,61.27
CELL_22549,Neuron,119.79,31,94.57
CELL_63555,Fibroblast,59.37,10,92.64
CELL_18635,Leukocyte,112.06,5,79.98
CELL_42900,Neuron,39.09,15,70.29
CELL_16622,Stem Cell,16.9,48,88.04
CELL_88014,Myocyte,22.58,30,51.34
CELL_98317,Fibroblast,42.91,19,63.7
CELL_70983,Stem Cell,41.7,14,83.69
CELL_13033,Neuron,14.26,48,82.57
CELL_96158,Myocyte,83.99,37,57.77
CELL_68776,Stem Cell,110.64,45,77.36
CELL_28112,Myocyte,42.88,11,74.05
CELL_94714,Stem Cell,36.34,49,75.21
CELL_81980,Neuron,49.43,13,50.99
CELL_16724,Myocyte,90.09,20,84.41
CELL_30400,Myocyte,43.24,19,63.91
CELL_18178,Stem Cell,81.27,6,65.1
CELL_21189,Stem Cell,94.84,26,74.4
CELL_88519,Leukocyte,56.48,17,52.19
CELL_40555,Fibroblast,62.73,38,56.53
CELL_14377,Erythrocyte,96.49,9,96.78
CELL_65931,Leukocyte,97.99,6,54.77
CELL_41735,Erythrocyte,99.96,43,82.08
CELL_73666,Epithelial,48.37,6,70.16
CELL_64675,Erythrocyte,118.05,7,57.75
CELL_61448,Stem Cell,6.14,23,54.74
CELL_22807,Myocyte,113.74,16,76.32
CELL_73864,Myocyte,84.7,40,92.98
CELL_34893,Leukocyte,86.1,48,94.17
CELL_63275,Neuron,86.79,18,94.08
CELL_45858,Leukocyte,110.64,27,53.9
CELL_13821,Myocyte,73.94,20,64.99
CELL_53196,Fibroblast,102.89,11,75.22
CELL_42280,Stem Cell,20.73,23,54.72
CELL_88673,Stem Cell,87.96,20,66.02
CELL_92530,Myocyte,38.9,41,54.64
CELL_72342,Myocyte,61.73,17,72.39
CELL_57096,Fibroblast,85.34,31,96.57
CELL_99416,Erythrocyte,36.24,46,73.22
CELL_54631,Myocyte,48.53,9,52.96
CELL_86169,Myocyte,11.87,22,77.82
CELL_72481,Fibroblast,12.85,29,60.66
CELL_18296,Myocyte,63.55,37,83.89
CELL_77218,Leukocyte,9.23,46,74.19
CELL_63411,Stem Cell,90.51,16,51.61
CELL_53172,Neuron,47.99,12,80.72
CELL_55256,Stem Cell,80.23,23,96.03
CELL_15266,Fibroblast,24.09,13,64.6
CELL_95612,Neuron,56.23,18,83.38
CELL_19514,Myocyte,51.62,14,60.37
CELL_35270,Leukocyte,80.56,18,85.58
CELL_90576,Erythrocyte,38.07,25,80.1
CELL_59036,Myocyte,11.65,28,71.29
CELL_42726,Stem Cell,6.36,20,72.18
CELL_63063,Stem Cell,80.48,12,95.47
CELL_76339,Fibroblast,88.1,8,54.11
CELL_41491,Epithelial,41.51,21,98.14
CELL_21206,Fibroblast,63.39,16,80.9
CELL_37952,Erythrocyte,84.71,42,50.83
CELL_22871,Stem Cell,109.28,39,94.77
CELL_55133,Fibroblast,55.62,34,92.04
CELL_20200,Epithelial,113.35,33,77.41
CELL_45585,Fibroblast,62.83,44,98.93
CELL_19526,Fibroblast,90.0,12,58.92
CELL_60778,Leukocyte,63.69,10,95.4
CELL_69437,Leukocyte,54.66,37,54.5
CELL_64242,Stem Cell,41.09,15,98.07
CELL_67852,Leukocyte,16.02,42,52.86
CELL_68699,Epithelial,18.96,28,56.15
CELL_97491,Myocyte,52.66,16,77.05
CELL_21154,Neuron,14.71,29,72.21
CELL_76941,Neuron,45.54,12,74.78
CELL_62167,Myocyte,56.58,44,69.7
CELL_62733,Leukocyte,32.32,16,85.6
CELL_85888,Fibroblast,77.58,9,99.19
CELL_65269,Erythrocyte,102.41,29,76.81
CELL_47913,Myocyte,6.06,28,73.62
CELL_65946,Epithelial,42.34,19,51.71
CELL_46001,Fibroblast,83.26,17,98.42
CELL_77249,Leukocyte,79.37,11,90.15
CELL_16680,Myocyte,70.4,13,79.65
CELL_12862,Erythrocyte,67.35,22,68.43
CELL_78948,Fibroblast,54.73,9,79.21
CELL_10479,Fibroblast,84.79,41,81.7
CELL_12829,Neuron,90.33,41,57.94
CELL_94764,Leukocyte,88.26,13,56.91
CELL_68650,Leukocyte,115.68,37,79.35
CELL_49012,Erythrocyte,108.1,26,74.97
CELL_38337,Fibroblast,67.99,19,50.84
CELL_54057,Leukocyte,87.61,50,93.36
CELL_11303,Stem Cell,29.96,25,66.57
CELL_23274,Leukocyte,50.63,18,81.26
CELL_90288,Erythrocyte,64.97,22,57.24
CELL_42960,Fibroblast,91.3,20,93.66
CELL_43595,Leukocyte,97.13,45,51.46
CELL_14005,Fibroblast,81.99,21,59.78
CELL_74317,Stem Cell,87.24,42,58.42
CELL_98420,Epithelial,77.88,16,88.43
CELL_98462,Stem Cell,10.64,14,72.98
CELL_96863,Neuron,111.53,32,76.32
CELL_20121,Epithelial,45.96,24,62.37
CELL_74550,Leukocyte,89.56,10,83.36
CELL_55929,Erythrocyte,61.33,10,83.8
CELL_87575,Fibroblast,116.55,28,95.89
CELL_22879,Erythrocyte,84.64,21,80.63
CELL_33673,Stem Cell,37.39,21,61.43
CELL_21142,Erythrocyte,40.14,45,98.74
CELL_40472,Myocyte,77.46,48,69.76
CELL_14763,Neuron,119.65,23,96.94
CELL_76505,Leukocyte,16.39,8,60.37
CELL_40335,Stem Cell,42.88,43,69.92
CELL_82577,Stem Cell,99.69,20,63.81
CELL_23280,Epithelial,73.8,49,89.44
CELL_16432,Epithelial,99.31,39,75.11
CELL_14732,Fibroblast,59.91,35,82.79
CELL_29578,Epithelial,51.7,46,98.55
CELL_98700,Leukocyte,13.06,22,79.07
CELL_27843,Neuron,76.93,6,52.94
CELL_69720,Leukocyte,81.28,31,93.22
CELL_84207,Epithelial,38.94,8,85.04
CELL_12449,Myocyte,86.41,23,83.35
CELL_10129,Stem Cell,91.81,14,96.2
CELL_24082,Fibroblast,57.72,50,73.27
CELL_58390,Stem Cell,51.55,17,75.15
CELL_34720,Stem Cell,6.36,31,58.89
CELL_37996,Epithelial,71.39,15,87.93
CELL_11005,Epithelial,52.06,38,74.88
CELL_89623,Neuron,116.11,7,77.95
CELL_55572,Leukocyte,19.42,11,85.93
CELL_69650,Erythrocyte,82.18,6,80.53
CELL_53989,Erythrocyte,39.06,8,94.92
CELL_39345,Neuron,50.8,18,57.38
CELL_41136,Epithelial,10.25,29,50.73
CELL_98301,Epithelial,92.16,23,71.76
CELL_49547,Epithelial,6.74,42,89.37
CELL_70731,Leukocyte,69.74,37,95.08
CELL_24625,Neuron,86.74,33,97.2
CELL_12216,Erythrocyte,61.07,50,52.43
CELL_91008,Fibroblast,59.77,31,51.84
CELL_80573,Neuron,5.42,47,63.94
CELL_14704,Myocyte,45.71,38,86.71
CELL_74310,Stem Cell,42.52,44,64.01
CELL_37491,Stem Cell,65.95,12,77.49
CELL_40020,Stem Cell,97.28,28,59.37
CELL_40342,Stem Cell,40.89,30,64.81
CELL_30672,Leukocyte,66.41,14,80.14
CELL_97876,Stem Cell,79.56,16,68.16
CELL_96545,Erythrocyte,73.21,11,86.04
CELL_65152,Fibroblast,116.58,49,79.83
CELL_57929,Stem Cell,110.74,17,70.29
CELL_67333,Epithelial,105.27,33,77.61
CELL_58407,Fibroblast,107.75,47,56.2
CELL_91686,Myocyte,51.48,44,95.07
CELL_36482,Stem Cell,38.05,37,85.13
CELL_97798,Neuron,48.29,31,69.39
CELL_89540,Epithelial,94.83,30,98.13
CELL_94364,Epithelial,43.88,29,79.16
CELL_63505,Stem Cell,94.21,45,67.25
CELL_54973,Myocyte,115.71,6,52.98
CELL_76242,Stem Cell,44.52,13,94.78
CELL_83018,Myocyte,5.45,43,81.95
CELL_19652,Leukocyte,91.6,8,71.01
CELL_63403,Epithelial,76.65,6,84.09
CELL_50913,Epithelial,60.74,18,90.86
CELL_65327,Fibroblast,57.1,19,87.96
CELL_76065,Neuron,72.93,17,53.02
CELL_10728,Stem Cell,84.01,30,88.26
CELL_84954,Neuron,80.7,12,57.4
CELL_30741,Leukocyte,48.67,37,97.09
CELL_55089,Fibroblast,19.51,45,65.35
CELL_38153,Stem Cell,34.57,9,91.21
CELL_72565,Stem Cell,87.67,30,93.38
CELL_22888,Fibroblast,26.86,31,85.59
CELL_29797,Epithelial,76.58,16,81.26
CELL_48778,Neuron,9.01,11,66.69
CELL_12043,Neuron,58.01,6,55.49
CELL_30937,Stem Cell,8.63,32,83.8
CELL_31148,Erythrocyte,111.66,15,66.02
CELL_54531,Neuron,27.58,34,51.02
CELL_29170,Epithelial,9.06,12,75.4
CELL_42374,Myocyte,42.09,39,59.63
CELL_23808,Myocyte,54.65,44,71.12
CELL_65521,Stem Cell,15.99,27,88.3
CELL_28691,Myocyte,105.31,26,51.88
CELL_56111,Leukocyte,15.52,8,59.38
CELL_89201,Neuron,66.94,11,90.71
CELL_19281,Erythrocyte,21.15,47,69.21
CELL_83600,Myocyte,33.11,46,55.37
CELL_69673,Neuron,6.81,48,61.03
CELL_94947,Fibroblast,82.54,11,59.92
CELL_28904,Epithelial,34.82,33,75.02
CELL_40790,Epithelial,93.17,39,70.04
CELL_70199,Neuron,18.81,32,55.3
CELL_46241,Fibroblast,14.76,48,93.4
CELL_74624,Leukocyte,95.92,27,99.42
CELL_92728,Fibroblast,40.73,36,91.76
CELL_12563,Fibroblast,83.29,32,88.7
CELL_57524,Leukocyte,109.07,26,78.36
CELL_15627,Stem Cell,73.61,46,51.59
CELL_47680,Stem Cell,37.65,6,89.25
CELL_54201,Erythrocyte,29.95,39,57.73
CELL_23997,Epithelial,44.49,27,74.66
CELL_15307,Stem Cell,112.53,29,85.4
CELL_42153,Myocyte,75.31,45,75.58
CELL_44083,Myocyte,11.76,28,90.57
CELL_78556,Myocyte,40.09,48,70.22
CELL_46562,Neuron,83.45,32,67.73
CELL_66741,Epithelial,22.78,38,50.22
CELL_60869,Stem Cell,117.18,34,73.36
CELL_20803,Neuron,116.52,39,69.29
CELL_63775,Neuron,26.93,42,53.22
CELL_33948,Neuron,37.68,27,80.25
CELL_74138,Myocyte,27.27,40,61.09
CELL_45625,Leukocyte,35.95,29,57.81
CELL_37292,Neuron,22.44,46,66.88
CELL_35560,Neuron,61.29,29,61.86
CELL_31663,Neuron,111.12,22,87.53
CELL_84841,Stem Cell,69.72,30,91.54
CELL_21277,Fibroblast,118.17,46,78.05
CELL_66668,Leukocyte,50.64,24,71.15
CELL_95196,Neuron,105.64,46,53.32
CELL_50446,Neuron,46.91,20,66.92
CELL_53834,Stem Cell,110.93,31,71.96
CELL_78067,Leukocyte,28.67,10,81.81
CELL_99259,Leukocyte,15.29,11,99.41
CELL_43857,Fibroblast,111.39,35,52.17
CELL_43046,Epithelial,11.89,47,70.73
CELL_13908,Leukocyte,114.76,21,99.04
CELL_85022,Neuron,61.2,27,94.03
CELL_16889,Neuron,43.91,17,51.54
CELL_25927,Stem Cell,95.63,34,72.68
CELL_47536,Fibroblast,11.91,28,70.87
CELL_44172,Epithelial,44.89,17,83.97
CELL_30551,Leukocyte,102.24,31,92.99
CELL_87943,Erythrocyte,33.4,9,97.21
CELL_58119,Myocyte,46.93,38,90.95
CELL_18128,Neuron,85.58,9,53.67
CELL_26264,Fibroblast,49.98,23,97.14
CELL_15304,Myocyte,68.49,35,72.87
CELL_51816,Epithelial,56.02,30,91.07
CELL_10791,Myocyte,51.3,35,71.49
CELL_93370,Fibroblast,113.17,32,59.83
CELL_91323,Neuron,68.64,19,90.74
CELL_13747,Erythrocyte,104.15,49,60.77
CELL_74366,Myocyte,105.12,10,94.19
CELL_99932,Erythrocyte,10.89,47,51.58
CELL_70824,Leukocyte,87.59,28,96.47
CELL_28446,Fibroblast,72.63,21,70.45
CELL_66474,Erythrocyte,9.57,33,87.9
CELL_71149,Epithelial,26.99,18,74.4
CELL_29740,Myocyte,57.44,31,60.22
CELL_13797,Fibroblast,52.21,10,90.28
CELL_86323,Leukocyte,110.51,19,96.4
CELL_53289,Fibroblast,24.04,28,65.4
CELL_76395,Fibroblast,44.76,8,77.7
CELL_95779,Myocyte,12.18,22,98.45
CELL_84928,Erythrocyte,66.58,36,80.86
CELL_73604,Myocyte,118.7,47,85.13
CELL_45547,Neuron,86.58,7,53.69
CELL_46361,Myocyte,54.07,7,93.79
CELL_53438,Fibroblast,88.11,22,63.34
CELL_13667,Leukocyte,37.76,8,71.69
CELL_41282,Leukocyte,15.11,48,65.38
CELL_80778,Fibroblast,74.25,46,81.23
CELL_55472,Leukocyte,34.28,15,86.31
CELL_18177,Epithelial,85.96,25,76.18
CELL_53196,Leukocyte,50.74,30,99.05
CELL_56826,Myocyte,98.16,39,53.46
CELL_20247,Epithelial,90.49,48,85.33
CELL_80808,Fibroblast,26.39,41,86.65
CELL_18505,Neuron,7.41,49,95.0
CELL_96416,Fibroblast,34.18,37,86.49
CELL_98718,Neuron,67.92,44,56.29
CELL_34353,Fibroblast,72.12,27,93.36
CELL_14126,Stem Cell,114.71,29,71.44
CELL_95800,Fibroblast,72.24,9,76.09
CELL_44058,Fibroblast,11.91,15,85.03
CELL_65262,Neuron,27.38,47,92.61
CELL_46211,Neuron,115.39,32,89.12
CELL_30547,Erythrocyte,99.14,9,76.65
CELL_19728,Leukocyte,79.7,32,98.64
CELL_83576,Fibroblast,19.48,43,65.76
CELL_46437,Leukocyte,93.38,9,56.95
CELL_40821,Leukocyte,16.54,14,78.15
CELL_94640,Fibroblast,61.71,33,82.79
CELL_81932,Fibroblast,85.68,12,58.69
CELL_39356,Epithelial,62.37,37,51.08
CELL_32029,Leukocyte,90.04,9,85.68
CELL_88018,Neuron,29.45,32,75.35
CELL_76144,Epithelial,35.75,19,96.02
CELL_41512,Neuron,65.63,10,70.09
CELL_13039,Leukocyte,72.01,50,51.94
CELL_60774,Erythrocyte,41.03,21,64.95
CELL_47650,Myocyte,109.35,20,53.07
CELL_55701,Fibroblast,85.55,42,82.98
CELL_68488,Myocyte,75.92,19,89.52
CELL_92236,Stem Cell,68.02,25,51.07
CELL_19891,Epithelial,91.37,36,99.35
CELL_43831,Erythrocyte,44.05,49,97.28
CELL_63846,Fibroblast,99.3,28,59.15
CELL_78482,Stem Cell,99.13,18,57.37
CELL_83864,Leukocyte,30.76,5,58.72
CELL_98617,Neuron,5.2,24,72.47
CELL_81521,Erythrocyte,14.89,30,86.82
CELL_27558,Stem Cell,28.35,18,93.05
CELL_61751,Leukocyte,75.68,47,58.04
CELL_32719,Erythrocyte,105.52,13,95.44
CELL_23315,Leukocyte,45.34,33,55.38
CELL_75696,Myocyte,9.26,41,71.61
CELL_84665,Erythrocyte,78.84,8,52.33
CELL_18710,Neuron,12.3,42,54.72
CELL_57328,Neuron,7.43,25,75.54
CELL_44609,Epithelial,117.9,21,92.83
CELL_41028,Neuron,89.57,5,83.12
CELL_31112,Epithelial,94.89,8,61.83
CELL_98169,Neuron,39.81,35,67.58
CELL_82015,Epithelial,20.3,37,82.98
CELL_13076,Fibroblast,63.41,37,98.45
CELL_63471,Myocyte,69.27,20,80.83
CELL_40743,Myocyte,42.27,14,77.54
CELL_29533,Myocyte,23.46,30,65.67
CELL_38322,Neuron,47.98,10,88.84
CELL_52857,Myocyte,90.38,32,90.98
CELL_94020,Fibroblast,12.27,6,66.41
CELL_56871,Neuron,80.12,50,87.73
CELL_99166,Myocyte,91.74,36,83.02
CELL_42311,Epithelial,71.1,13,98.87
CELL_48478,Neuron,67.68,22,58.4
CELL_65625,Neuron,11.0,50,77.6
CELL_61054,Fibroblast,65.6,41,78.05
CELL_14457,Epithelial,84.16,26,73.27
CELL_94154,Neuron,12.6,24,62.93
CELL_12559,Neuron,15.7,32,97.76
CELL_79963,Myocyte,24.55,49,93.93
CELL_67443,Stem Cell,39.32,27,92.44
CELL_24250,Epithelial,76.37,16,50.07
CELL_50531,Erythrocyte,47.45,38,55.44
CELL_42168,Fibroblast,28.33,21,81.2
CELL_37289,Leukocyte,65.59,6,87.53
CELL_18048,Erythrocyte,66.83,10,95.25
CELL_48673,Neuron,103.93,22,50.27
CELL_43855,Fibroblast,48.27,35,77.58
CELL_73232,Leukocyte,100.05,6,56.49
CELL_13037,Erythrocyte,86.28,25,93.02
CELL_34156,Epithelial,35.72,36,81.16
CELL_35463,Fibroblast,78.44,18,89.92
CELL_54657,Neuron,18.97,37,68.23
CELL_15281,Myocyte,39.6,8,83.52
CELL_22077,Stem Cell,97.9,49,57.21
CELL_15964,Stem Cell,18.51,39,62.16
CELL_95069,Fibroblast,39.09,33,68.88
CELL_19710,Fibroblast,116.38,7,90.27
CELL_75326,Erythrocyte,105.77,35,58.82
CELL_51328,Neuron,88.07,9,71.1
CELL_71170,Stem Cell,42.15,43,93.13
CELL_96427,Erythrocyte,54.32,34,50.19
CELL_92843,Leukocyte,90.67,9,87.33
CELL_29993,Stem Cell,58.73,42,63.68
CELL_29225,Leukocyte,101.19,31,83.44
CELL_89107,Leukocyte,24.18,35,99.25
CELL_35295,Erythrocyte,99.64,29,69.18
CELL_70131,Stem Cell,19.16,50,60.92
CELL_73927,Fibroblast,79.8,21,66.03
CELL_19544,Fibroblast,46.23,42,63.65
CELL_97456,Fibroblast,13.56,25,77.82
CELL_23197,Erythrocyte,86.17,5,80.27
CELL_76850,Leukocyte,102.45,5,88.74
CELL_95517,Neuron,86.94,12,78.44
CELL_76407,Erythrocyte,84.02,42,81.4
CELL_31143,Fibroblast,42.44,41,61.45
CELL_79937,Fibroblast,104.37,25,93.03
CELL_49170,Stem Cell,26.77,12,70.3
CELL_51690,Stem Cell,34.56,6,66.54
CELL_77918,Leukocyte,45.38,32,50.2
CELL_96899,Epithelial,34.28,20,73.28
CELL_30053,Myocyte,17.19,22,75.96
CELL_53641,Stem Cell,40.57,47,72.51
CELL_84424,Epithelial,22.25,15,59.43
CELL_83076,Neuron,90.9,25,65.57
CELL_26762,Fibroblast,48.67,50,70.8
CELL_82076,Fibroblast,67.04,10,94.29
CELL_21098,Epithelial,42.59,29,86.82
CELL_78638,Stem Cell,100.58,20,74.42
CELL_10482,Erythrocyte,119.18,27,74.35
CELL_46068,Neuron,43.44,17,87.79
CELL_93044,Leukocyte,42.16,13,84.83
CELL_15050,Leukocyte,107.59,9,57.12
CELL_90731,Fibroblast,69.64,44,91.61
CELL_51553,Stem Cell,115.98,21,67.49
CELL_63075,Stem Cell,24.45,27,60.94
CELL_70132,Epithelial,99.09,34,59.81
CELL_11990,Leukocyte,73.52,7,81.03
CELL_43413,Fibroblast,8.98,10,50.68
CELL_46013,Epithelial,99.9,33,89.82
CELL_83080,Epithelial,8.43,13,62.95
CELL_56809,Myocyte,71.4,23,91.98
CELL_16183,Stem Cell,39.26,10,83.71
CELL_85122,Leukocyte,58.37,33,70.58
CELL_47197,Epithelial,86.95,37,58.82
CELL_70067,Leukocyte,66.56,22,63.1
CELL_83210,Epithelial,21.04,45,73.45
CELL_82285,Myocyte,11.69,47,83.9
CELL_67017,Neuron,68.36,45,83.52
CELL_80116,Neuron,50.43,46,72.52
CELL_58798,Myocyte,55.43,12,96.39
CELL_39809,Leukocyte,87.4,27,81.44
CELL_51841,Stem Cell,62.78,35,83.42
CELL_51816,Neuron,5.79,47,78.62
CELL_56491,Leukocyte,28.31,5,93.49
CELL_67384,Erythrocyte,35.07,39,90.76
CELL_69580,Fibroblast,76.09,31,97.61
CELL_58157,Fibroblast,46.01,22,52.38
CELL_91339,Neuron,34.66,17,83.11
CELL_49741,Erythrocyte,119.0,33,59.76
CELL_95313,Neuron,44.86,30,53.92
CELL_90491,Epithelial,70.33,22,67.47
CELL_83039,Neuron,39.2,47,55.65
CELL_69803,Epithelial,80.05,28,67.23
CELL_48228,Stem Cell,55.94,30,74.67
CELL_14779,Epithelial,113.18,35,57.97
CELL_38235,Erythrocyte,28.86,6,67.36
CELL_86784,Stem Cell,48.73,42,83.69
CELL_98979,Leukocyte,117.19,18,74.89
CELL_68894,Myocyte,75.87,38,86.63
CELL_37380,Neuron,51.77,10,64.01
CELL_57301,Stem Cell,113.34,15,59.85
CELL_21982,Fibroblast,97.23,18,74.24
CELL_68141,Myocyte,76.84,15,79.97
CELL_73408,Neuron,74.2,9,77.18
CELL_78056,Leukocyte,87.58,39,68.53
CELL_82948,Stem Cell,8.86,49,58.49
CELL_25040,Stem Cell,89.25,13,61.22
CELL_79308,Myocyte,74.77,37,61.03
CELL_34885,Fibroblast,112.79,22,80.19
CELL_57605,Erythrocyte,71.95,26,68.66
CELL_76632,Myocyte,70.5,30,86.89
CELL_89705,Stem Cell,7.75,36,72.32
CELL_93612,Fibroblast,11.13,9,56.66
CELL_36293,Myocyte,50.19,47,64.17
CELL_50721,Epithelial,91.43,27,80.32
CELL_27039,Leukocyte,39.6,41,50.91
CELL_35305,Erythrocyte,23.11,37,74.21
CELL_65459,Leukocyte,44.22,30,75.06
CELL_16732,Stem Cell,60.72,7,64.23
CELL_27220,Fibroblast,27.31,16,75.41
CELL_34474,Epithelial,66.25,42,72.6
CELL_77564,Neuron,37.47,45,92.89
CELL_83557,Stem Cell,110.66,41,99.33
CELL_65139,Erythrocyte,12.94,36,59.33
CELL_60853,Erythrocyte,15.13,20,71.18
CELL_57346,Myocyte,16.44,21,53.07
CELL_57561,Fibroblast,64.29,40,64.5
CELL_98635,Stem Cell,55.22,14,86.96
CELL_90849,Erythrocyte,43.06,34,70.15
CELL_93857,Fibroblast,68.66,33,58.99
CELL_13508,Leukocyte,15.06,37,79.14
CELL_48201,Stem Cell,56.3,6,83.64
CELL_24213,Fibroblast,119.75,47,95.11
CELL_85326,Leukocyte,20.72,34,95.74
CELL_54657,Stem Cell,45.87,32,92.18
CELL_14139,Fibroblast,28.26,7,79.16
CELL_25607,Leukocyte,15.2,44,56.76
CELL_80026,Fibroblast,42.3,34,58.81
CELL_20679,Fibroblast,77.12,39,93.6
CELL_61973,Stem Cell,52.57,19,59.06
CELL_96908,Neuron,35.34,11,76.32
CELL_78030,Myocyte,67.31,8,97.57
CELL_43335,Erythrocyte,9.5,50,51.15
CELL_15377,Myocyte,96.16,26,91.47
CELL_37965,Fibroblast,103.06,26,88.95
CELL_33293,Leukocyte,117.58,6,50.28
CELL_66115,Fibroblast,94.39,43,96.96
CELL_67726,Leukocyte,69.37,11,92.55
CELL_66596,Erythrocyte,81.27,48,51.58
CELL_46501,Leukocyte,100.42,48,90.01
CELL_33290,Myocyte,13.65,10,54.6
CELL_98385,Leukocyte,108.59,15,51.42
CELL_17527,Neuron,17.44,6,62.5
CELL_14628,Fibroblast,96.11,48,60.95
CELL_65470,Neuron,26.29,31,53.1
CELL_96609,Neuron,104.16,35,89.08
CELL_28622,Stem Cell,117.56,10,74.23
CELL_49238,Erythrocyte,72.99,18,98.87
CELL_86868,Myocyte,105.0,47,99.91
CELL_60052,Leukocyte,94.6,24,90.82
CELL_42958,Fibroblast,28.56,47,51.02
CELL_74358,Leukocyte,57.14,23,69.54
CELL_80399,Stem Cell,53.34,15,91.61
CELL_68103,Erythrocyte,63.55,26,92.82
CELL_58603,Epithelial,76.84,26,63.67
CELL_52685,Fibroblast,21.21,48,58.96
CELL_81009,Neuron,79.63,36,51.8
CELL_48059,Myocyte,94.51,7,57.13
CELL_78736,Fibroblast,45.92,50,61.01
CELL_72161,Fibroblast,20.69,25,69.83
CELL_81164,Fibroblast,84.48,21,93.42
CELL_86020,Epithelial,12.33,23,79.31
CELL_89469,Erythrocyte,98.73,12,62.64
CELL_85798,Myocyte,11.35,15,59.95
CELL_67891,Fibroblast,61.27,8,61.67
CELL_15793,Myocyte,44.31,8,63.99
CELL_38181,Neuron,32.17,10,67.86
CELL_59750,Epithelial,40.15,28,71.48
CELL_47875,Stem Cell,39.22,45,55.61
CELL_83221,Epithelial,78.72,27,88.94
CELL_97380,Stem Cell,22.29,41,91.74
CELL_92634,Leukocyte,57.31,30,58.21
CELL_98621,Stem Cell,27.81,28,71.27
CELL_57509,Epithelial,57.78,49,83.17
CELL_58175,Stem Cell,33.8,18,63.53
CELL_75573,Myocyte,48.41,31,68.9
CELL_42390,Neuron,42.71,32,94.06
CELL_95417,Erythrocyte,87.83,14,92.45
CELL_85597,Neuron,14.82,38,51.97
CELL_10644,Stem Cell,94.28,8,73.77
CELL_53909,Stem Cell,57.7,38,67.26
CELL_13018,Leukocyte,60.1,27,83.15
CELL_19652,Stem Cell,15.06,25,55.84
CELL_86154,Epithelial,30.04,18,70.48
CELL_87304,Stem Cell,73.5,11,74.02
CELL_59496,Erythrocyte,98.75,34,56.37
CELL_55381,Epithelial,75.4,35,71.96
CELL_91287,Neuron,101.67,40,61.91
CELL_86497,Neuron,78.08,50,78.82
CELL_76615,Myocyte,31.91,19,99.66
CELL_97886,Stem Cell,114.3,14,53.39
CELL_16105,Neuron,18.22,21,68.27
CELL_14129,Leukocyte,33.62,45,70.06
CELL_98627,Epithelial,21.24,48,64.76
CELL_96787,Myocyte,72.78,46,56.8
CELL_20835,Neuron,13.08,25,56.68
CELL_54318,Stem Cell,5.89,48,79.6
CELL_76478,Neuron,32.13,16,88.36
CELL_14878,Stem Cell,14.75,39,82.56
CELL_37263,Stem Cell,19.74,26,95.68
CELL_57660,Stem Cell,75.04,49,92.2
CELL_43249,Epithelial,31.87,41,76.74
CELL_29814,Leukocyte,66.09,46,81.26
CELL_83534,Myocyte,48.6,25,89.77
CELL_73252,Neuron,7.25,22,71.85
CELL_82079,Stem Cell,27.6,36,61.95
CELL_88520,Myocyte,95.89,42,58.82
CELL_93570,Fibroblast,37.4,20,57.24
CELL_76307,Neuron,68.9,32,89.91
CELL_41819,Neuron,108.59,31,66.74
CELL_57068,Fibroblast,56.27,13,92.25
CELL_21024,Stem Cell,102.28,30,64.15
CELL_91001,Neuron,38.38,45,56.89
CELL_61984,Stem Cell,62.3,21,81.62
CELL_32914,Myocyte,104.88,37,72.73
CELL_26784,Fibroblast,82.54,26,93.88
CELL_35038,Epithelial,28.1,35,70.64
CELL_26050,Fibroblast,28.76,43,69.83
CELL_98012,Neuron,10.54,41,63.84
CELL_48711,Leukocyte,13.26,10,63.69
CELL_53461,Stem Cell,106.17,38,79.43
CELL_74842,Neuron,26.76,18,69.42
CELL_54933,Fibroblast,79.72,27,69.5
CELL_40712,Leukocyte,93.25,34,72.75
CELL_18139,Stem Cell,116.7,10,72.75
CELL_52181,Stem Cell,86.35,13,67.71
CELL_69917,Leukocyte,34.55,47,84.35
CELL_77165,Stem Cell,50.61,46,54.03
CELL_18850,Erythrocyte,112.78,50,62.68
CELL_46974,Erythrocyte,110.75,28,76.78
CELL_59489,Myocyte,14.77,32,66.91
CELL_15917,Myocyte,29.13,15,80.69
CELL_75275,Epithelial,36.13,13,76.37
CELL_83928,Myocyte,40.94,11,54.24
CELL_11441,Stem Cell,107.84,46,65.73
CELL_89089,Stem Cell,12.17,16,96.0
CELL_68859,Myocyte,113.66,8,68.91
CELL_39597,Leukocyte,31.31,12,69.04
CELL_55504,Neuron,16.48,32,89.95
CELL_65674,Fibroblast,96.21,20,85.2
CELL_62087,Stem Cell,76.31,18,52.59
CELL_68632,Leukocyte,35.05,50,63.58
CELL_15451,Leukocyte,81.57,5,66.39
CELL_78539,Myocyte,63.22,20,84.17
CELL_75587,Stem Cell,8.82,34,94.39
CELL_89133,Leukocyte,107.92,10,96.11
CELL_53090,Erythrocyte,69.81,22,61.91
CELL_15587,Epithelial,56.09,37,54.58
CELL_61914,Leukocyte,74.57,29,68.7
CELL_17683,Neuron,84.06,24,87.83
CELL_31397,Fibroblast,35.66,50,56.9
CELL_46090,Stem Cell,99.3,45,74.65
CELL_19165,Erythrocyte,38.56,25,94.66
CELL_23695,Epithelial,63.3,16,77.55
CELL_78921,Erythrocyte,88.19,14,90.94
CELL_57940,Fibroblast,99.55,15,70.78
CELL_55808,Neuron,54.05,50,64.22
CELL_21334,Epithelial,42.31,48,66.53
CELL_70521,Epithelial,9.12,50,88.48
CELL_21643,Epithelial,83.04,30,96.63
CELL_17271,Leukocyte,41.01,22,56.19
CELL_72473,Fibroblast,102.41,32,95.47
CELL_76621,Neuron,78.45,43,75.67
CELL_99871,Stem Cell,96.15,49,80.53
CELL_81670,Leukocyte,17.7,43,67.71
CELL_64463,Myocyte,27.25,7,74.93
CELL_14927,Stem Cell,22.07,49,58.24
CELL_72512,Epithelial,71.18,40,54.61
CELL_77294,Erythrocyte,35.57,21,86.87
CELL_39274,Epithelial,27.93,20,69.01
CELL_60707,Erythrocyte,58.88,36,80.5
CELL_72845,Fibroblast,37.41,37,52.14
CELL_52753,Erythrocyte,58.5,25,62.55
CELL_47859,Neuron,99.15,38,58.87
CELL_38835,Stem Cell,32.48,24,54.21
CELL_74643,Fibroblast,97.92,37,51.91
CELL_93460,Leukocyte,19.82,23,96.82
CELL_45749,Myocyte,52.84,22,64.99
CELL_78073,Neuron,8.69,9,73.09
CELL_46205,Myocyte,103.94,19,72.68
CELL_56154,Erythrocyte,7.73,46,65.75
CELL_90298,Epithelial,113.74,47,86.86
CELL_43137,Leukocyte,115.21,27,57.94
CELL_15877,Stem Cell,48.83,39,67.74
CELL_69655,Erythrocyte,98.11,48,87.78
CELL_74736,Stem Cell,79.64,12,60.9
CELL_36037,Stem Cell,64.5,9,58.65
CELL_78567,Epithelial,47.05,26,74.46
CELL_14415,Fibroblast,35.42,43,59.98
CELL_76857,Leukocyte,39.73,17,80.35
CELL_86915,Epithelial,10.01,7,85.72
CELL_33344,Stem Cell,9.93,19,98.2
CELL_11311,Epithelial,81.23,22,84.89
CELL_37868,Fibroblast,25.27,44,98.51
CELL_59598,Stem Cell,87.8,14,92.09
CELL_52188,Neuron,72.57,45,89.59
CELL_64933,Stem Cell,110.82,17,91.17
CELL_55816,Fibroblast,12.35,43,76.62
CELL_87544,Leukocyte,32.16,31,56.37
CELL_35766,Erythrocyte,30.41,45,75.74
CELL_62910,Leukocyte,99.46,24,74.37
CELL_97016,Myocyte,5.42,19,83.34
CELL_78960,Fibroblast,66.59,37,75.52
CELL_76247,Erythrocyte,108.52,41,55.63
CELL_18000,Erythrocyte,74.81,36,53.33
CELL_62431,Neuron,41.68,20,97.32
CELL_37623,Epithelial,108.83,43,53.41
CELL_45563,Myocyte,13.72,40,75.81
CELL_27054,Leukocyte,82.03,11,78.83
CELL_91346,Fibroblast,47.47,24,92.52
CELL_89283,Neuron,20.42,34,80.23
CELL_65038,Fibroblast,69.89,7,77.91
CELL_71602,Myocyte,95.97,50,89.02
CELL_79969,Epithelial,63.99,38,86.94
CELL_89013,Leukocyte,105.91,32,66.31
CELL_76121,Leukocyte,16.28,30,84.93
CELL_28927,Erythrocyte,17.88,29,97.43
CELL_63758,Neuron,94.68,40,84.74
CELL_24726,Fibroblast,23.09,22,61.72
CELL_55052,Fibroblast,30.52,28,90.6
CELL_12490,Stem Cell,89.02,50,62.52
CELL_57368,Leukocyte,19.83,49,78.61
CELL_15045,Neuron,82.69,43,93.63
CELL_11817,Myocyte,102.77,39,97.02
CELL_44502,Stem Cell,33.26,38,85.84
CELL_60879,Erythrocyte,40.79,28,80.33
CELL_25157,Epithelial,37.58,36,94.8
CELL_27521,Myocyte,96.04,5,97.04
CELL_88606,Neuron,16.16,9,72.4
CELL_91513,Fibroblast,9.81,48,59.49
CELL_45032,Epithelial,22.09,10,55.09
CELL_25465,Leukocyte,107.67,23,93.97
CELL_72263,Fibroblast,114.43,22,82.43
CELL_80102,Neuron,65.68,38,61.35
CELL_66258,Fibroblast,58.65,42,59.25
CELL_63827,Epithelial,86.95,21,79.02
CELL_71003,Epithelial,88.2,19,96.88
CELL_34322,Myocyte,47.32,27,97.82
CELL_94564,Epithelial,100.52,41,96.68
CELL_95266,Neuron,45.7,35,56.53
CELL_81336,Myocyte,108.88,32,68.59
CELL_52085,Stem Cell,36.43,46,96.91
CELL_75042,Neuron,76.67,41,59.81
CELL_58299,Fibroblast,48.42,23,88.84
CELL_81462,Stem Cell,45.77,41,95.94
CELL_93972,Fibroblast,70.41,7,75.03
CELL_66512,Epithelial,47.89,44,61.66
CELL_92809,Stem Cell,74.87,17,64.21
CELL_54970,Neuron,85.61,42,63.18
CELL_90313,Neuron,118.26,14,59.2
CELL_95364,Epithelial,47.59,40,80.98
CELL_88184,Epithelial,119.77,8,78.43
CELL_44683,Leukocyte,69.43,16,90.66
CELL_99634,Erythrocyte,57.36,6,81.99
CELL_35855,Stem Cell,17.73,8,51.2
CELL_25122,Erythrocyte,83.69,11,94.37
CELL_38964,Myocyte,62.66,46,76.87
CELL_90015,Fibroblast,71.54,22,66.77
CELL_19234,Epithelial,86.02,36,52.02
CELL_98963,Epithelial,43.57,13,61.84
CELL_78851,Myocyte,16.04,31,70.03
CELL_76874,Leukocyte,96.46,33,93.44
CELL_53233,Leukocyte,98.76,44,58.87
CELL_58289,Erythrocyte,115.93,8,94.92
CELL_32999,Fibroblast,100.94,13,81.55
CELL_41854,Epithelial,119.73,8,91.91
CELL_86331,Epithelial,103.22,43,57.06
CELL_45871,Myocyte,50.17,12,68.09
CELL_75686,Neuron,5.8,21,67.44
CELL_22771,Neuron,94.14,33,86.83
CELL_23955,Erythrocyte,115.88,22,95.17
CELL_71448,Stem Cell,87.28,15,67.95
CELL_29269,Erythrocyte,86.25,12,99.96
CELL_96943,Myocyte,46.64,20,80.87
CELL_85237,Epithelial,80.08,16,69.9
CELL_40411,Leukocyte,23.29,21,91.53
CELL_56586,Neuron,86.57,27,52.16
CELL_91164,Erythrocyte,67.89,24,83.76
CELL_57320,Erythrocyte,59.79,15,67.41
CELL_71467,Leukocyte,28.01,50,92.43
CELL_57811,Stem Cell,93.09,6,50.11
CELL_75204,Epithelial,58.4,24,52.5
CELL_28152,Epithelial,73.54,34,61.25
CELL_62255,Fibroblast,40.34,30,78.33
CELL_33400,Leukocyte,56.98,33,78.02
CELL_98044,Neuron,6.24,50,91.94
CELL_59800,Epithelial,25.94,25,97.3
CELL_29345,Leukocyte,26.23,44,76.69
CELL_61946,Stem Cell,30.49,41,81.09
CELL_94039,Fibroblast,40.57,30,87.23
CELL_87676,Myocyte,62.39,25,94.17
CELL_14536,Fibroblast,93.68,17,87.93
CELL_76194,Fibroblast,44.8,7,91.33
CELL_92896,Erythrocyte,112.56,18,61.91
CELL_85716,Epithelial,20.13,46,95.69
CELL_39543,Myocyte,36.06,38,75.95
CELL_89948,Stem Cell,35.29,46,96.65
CELL_30980,Erythrocyte,84.23,22,62.64
CELL_29437,Leukocyte,50.22,23,74.24
CELL_50938,Leukocyte,83.15,43,84.23
CELL_69611,Myocyte,17.34,27,63.91
CELL_49541,Epithelial,100.52,32,93.94
CELL_34696,Stem Cell,99.19,28,71.91
CELL_82227,Erythrocyte,26.22,34,80.22
CELL_25721,Leukocyte,55.03,19,79.34
CELL_90945,Erythrocyte,106.24,40,95.24
CELL_61751,Fibroblast,12.82,35,50.33
CELL_51390,Erythrocyte,48.74,7,99.49
CELL_48082,Erythrocyte,87.12,41,99.36
CELL_26498,Stem Cell,54.13,38,52.0
CELL_58100,Stem Cell,37.54,49,71.73
CELL_86351,Myocyte,110.57,19,86.74
CELL_71306,Epithelial,76.71,18,52.38
CELL_31792,Erythrocyte,109.52,21,78.49
CELL_54212,Myocyte,63.15,15,64.25
CELL_59309,Neuron,52.14,44,95.79
CELL_68877,Leukocyte,108.75,30,92.32
CELL_72812,Erythrocyte,45.06,5,52.58
CELL_63434,Erythrocyte,31.4,27,52.99
CELL_59644,Myocyte,57.56,11,75.28
CELL_51888,Epithelial,115.35,29,73.12
CELL_38415,Stem Cell,40.6,24,88.6
CELL_88156,Stem Cell,111.41,23,77.37
CELL_39508,Stem Cell,16.18,28,66.76
CELL_97376,Myocyte,88.39,43,76.7
CELL_12236,Epithelial,6.49,31,95.88
CELL_80030,Stem Cell,119.15,28,57.86
CELL_93193,Neuron,82.48,40,86.19
CELL_10686,Myocyte,110.37,36,56.39
CELL_45819,Erythrocyte,15.67,35,90.65
CELL_80205,Epithelial,34.69,13,58.28
CELL_93662,Fibroblast,54.18,43,74.54
CELL_37894,Fibroblast,56.88,19,95.65
CELL_96624,Leukocyte,119.06,32,50.64
CELL_35195,Neuron,30.93,35,89.4
CELL_22546,Neuron,79.32,25,89.74
CELL_35906,Neuron,20.66,11,71.43
CELL_53242,Myocyte,34.12,35,86.96
CELL_93838,Neuron,113.93,38,64.49
CELL_40920,Erythrocyte,64.02,20,68.94
CELL_37189,Myocyte,13.36,43,85.1
CELL_58912,Fibroblast,36.14,16,66.63
CELL_24779,Leukocyte,72.07,43,90.43
CELL_45210,Myocyte,39.24,34,80.13
CELL_63535,Myocyte,7.94,20,96.07
CELL_83610,Fibroblast,56.8,28,94.65
CELL_68036,Leukocyte,25.78,40,76.17
CELL_65104,Erythrocyte,29.05,7,85.99
CELL_95818,Epithelial,52.3,17,54.43
CELL_46486,Fibroblast,19.66,8,87.55
CELL_45097,Stem Cell,58.28,16,95.7
CELL_85132,Stem Cell,64.19,20,76.87
CELL_23990,Fibroblast,102.19,39,96.66
CELL_41110,Epithelial,10.99,32,64.72
CELL_20645,Leukocyte,37.07,34,88.86
CELL_46183,Fibroblast,82.66,42,54.62
CELL_95081,Erythrocyte,106.12,32,77.49
CELL_92793,Neuron,84.95,44,69.59
CELL_97396,Epithelial,83.46,5,85.86
CELL_52253,Epithelial,60.76,30,69.85
CELL_95205,Stem Cell,72.58,10,68.07
CELL_77703,Stem Cell,105.73,18,71.39
CELL_73142,Epithelial,69.34,25,76.42
CELL_83974,Stem Cell,96.66,41,77.65
CELL_12256,Epithelial,61.7,6,54.93
CELL_29655,Stem Cell,38.66,6,97.04
CELL_87211,Stem Cell,112.28,37,85.64
CELL_18384,Fibroblast,65.55,32,98.8
CELL_55380,Epithelial,54.4,37,56.12
CELL_30986,Epithelial,23.82,37,98.78
CELL_35504,Epithelial,31.83,30,57.4
CELL_52811,Fibroblast,69.79,18,94.45
CELL_73637,Leukocyte,10.24,13,53.39
CELL_55683,Fibroblast,96.96,43,85.15
CELL_36076,Stem Cell,114.39,39,55.06
CELL_59686,Stem Cell,54.9,41,95.45
CELL_60073,Leukocyte,42.13,10,67.18
CELL_33169,Myocyte,69.4,41,68.36
CELL_36561,Myocyte,44.52,38,50.01
CELL_24556,Erythrocyte,87.13,10,84.27
CELL_57617,Epithelial,80.92,34,55.75
CELL_91892,Epithelial,75.2,47,66.15
CELL_44201,Leukocyte,77.05,48,99.36
CELL_53398,Epithelial,82.74,43,91.42
CELL_45848,Erythrocyte,5.99,44,88.88
CELL_52239,Erythrocyte,36.48,47,55.64
CELL_83396,Neuron,29.85,5,84.72
CELL_23767,Stem Cell,41.05,23,78.25
CELL_80609,Stem Cell,41.39,7,73.04
CELL_46429,Fibroblast,41.21,6,54.86
CELL_61348,Epithelial,69.47,45,74.81
CELL_70127,Epithelial,79.07,35,89.48
CELL_41522,Epithelial,14.91,37,76.43
CELL_40341,Myocyte,57.05,15,59.34
CELL_12267,Erythrocyte,40.39,18,90.44
CELL_99571,Stem Cell,63.12,42,84.22
CELL_39363,Fibroblast,50.04,30,97.58
CELL_50701,Stem Cell,74.82,16,78.61
CELL_63312,Stem Cell,13.92,8,79.22
CELL_51024,Epithelial,98.77,5,94.27
CELL_52493,Stem Cell,91.87,49,51.57
CELL_28782,Leukocyte,103.64,36,62.49
CELL_87828,Fibroblast,36.55,31,90.59
CELL_69846,Neuron,110.78,45,71.13
CELL_93957,Erythrocyte,16.38,46,85.74
CELL_54004,Fibroblast,27.59,11,85.29
CELL_61255,Neuron,70.39,18,60.71
CELL_58084,Epithelial,51.1,33,80.4
CELL_62473,Epithelial,63.25,38,71.94
CELL_73415,Myocyte,107.22,48,77.65
CELL_14130,Erythrocyte,94.26,31,60.3
CELL_93622,Neuron,95.64,41,73.52
CELL_73570,Stem Cell,50.69,18,88.26
CELL_71785,Stem Cell,35.93,26,56.13
CELL_66719,Fibroblast,86.95,37,96.6
CELL_88806,Epithelial,58.15,24,56.63
CELL_91025,Leukocyte,67.98,16,89.89
CELL_83887,Erythrocyte,112.2,47,89.92
CELL_16473,Epithelial,68.03,18,60.16
CELL_56485,Neuron,72.05,29,92.63
CELL_93434,Leukocyte,78.69,11,82.0
CELL_77310,Fibroblast,15.26,12,83.02
CELL_99933,Epithelial,117.84,18,67.36
CELL_96280,Myocyte,95.98,42,63.41
CELL_79208,Erythrocyte,92.41,26,83.19
CELL_20723,Erythrocyte,20.92,15,90.57
CELL_21735,Neuron,22.82,17,81.1
CELL_93586,Epithelial,107.06,32,74.46
CELL_54971,Neuron,77.13,39,61.57
CELL_16790,Epithelial,40.91,49,97.23
CELL_42567,Erythrocyte,77.69,8,73.97
CELL_20281,Erythrocyte,86.12,7,89.18
CELL_42540,Stem Cell,54.54,19,85.96
CELL_35728,Epithelial,111.59,50,87.26
CELL_93950,Erythrocyte,41.14,42,58.66
CELL_98352,Fibroblast,106.16,47,70.68
CELL_54659,Stem Cell,78.5,49,68.71
CELL_68681,Epithelial,44.66,8,58.94
CELL_52501,Fibroblast,80.97,10,78.83
CELL_22856,Fibroblast,78.98,28,58.38
CELL_36800,Epithelial,67.0,21,82.14
CELL_94351,Myocyte,101.89,49,66.1
CELL_69900,Stem Cell,95.79,17,85.77
CELL_24333,Neuron,83.2,25,73.96
CELL_99624,Stem Cell,23.54,17,52.69
CELL_88837,Erythrocyte,63.36,18,67.59
CELL_39274,Myocyte,93.85,24,74.92
CELL_96444,Epithelial,32.1,13,86.19
CELL_27962,Myocyte,76.34,32,52.22
CELL_18425,Erythrocyte,76.38,38,70.91
CELL_74964,Fibroblast,90.4,37,84.85
CELL_22236,Erythrocyte,77.66,15,72.79
CELL_11648,Fibroblast,17.2,5,73.25
CELL_90749,Epithelial,88.84,42,59.46
CELL_81820,Myocyte,15.22,39,65.86
CELL_57968,Erythrocyte,68.02,5,59.35
CELL_45632,Erythrocyte,6.73,44,58.28
CELL_36876,Erythrocyte,52.27,31,67.26
CELL_10663,Stem Cell,90.06,50,71.28
CELL_53511,Fibroblast,22.76,37,58.31
CELL_94205,Fibroblast,16.58,28,77.66
CELL_86399,Stem Cell,55.18,17,90.67
CELL_96249,Erythrocyte,89.92,7,77.33
CELL_47230,Myocyte,18.51,12,57.75
CELL_21794,Epithelial,39.86,19,66.23
CELL_70338,Myocyte,46.53,44,62.89
CELL_22839,Erythrocyte,56.87,29,66.48
CELL_69403,Erythrocyte,13.15,25,78.96
CELL_41293,Epithelial,103.13,29,88.65
CELL_28058,Myocyte,21.31,20,62.06
CELL_22405,Neuron,12.92,11,67.49
CELL_84292,Neuron,110.01,20,53.43
CELL_70575,Myocyte,79.68,32,83.38
CELL_63722,Fibroblast,69.73,50,60.31
CELL_18411,Stem Cell,39.55,33,52.86
CELL_46028,Erythrocyte,118.87,31,61.57
CELL_42113,Neuron,113.39,11,63.45
CELL_47864,Neuron,60.53,27,97.5
CELL_72174,Neuron,68.05,21,91.92
CELL_79181,Epithelial,20.86,28,62.04
CELL_44227,Erythrocyte,102.01,23,59.99
CELL_36022,Neuron,46.75,17,69.35
CELL_70857,Stem Cell,53.08,9,66.86
CELL_94808,Leukocyte,77.37,28,84.65
CELL_45274,Fibroblast,105.47,9,51.79
CELL_30986,Myocyte,32.1,11,79.85
CELL_48272,Epithelial,54.17,41,76.21
CELL_29492,Fibroblast,39.43,29,86.86
CELL_26521,Fibroblast,87.64,28,82.44
CELL_56587,Myocyte,82.28,43,52.68
CELL_26643,Stem Cell,116.1,29,97.66
CELL_28437,Stem Cell,114.98,36,68.86
CELL_27416,Epithelial,110.17,49,62.32
CELL_91345,Fibroblast,118.1,47,81.21
CELL_72984,Fibroblast,21.96,11,78.84
CELL_41765,Leukocyte,89.16,35,57.27
CELL_67698,Myocyte,47.47,19,74.97
CELL_68642,Neuron,10.07,49,81.21
CELL_17923,Leukocyte,119.68,15,94.14
CELL_76517,Erythrocyte,16.08,20,59.41
CELL_34614,Leukocyte,82.54,34,52.03
CELL_95079,Fibroblast,115.89,30,62.29
CELL_57107,Neuron,22.7,18,74.16
CELL_89564,Fibroblast,71.59,35,99.35
CELL_83426,Epithelial,74.14,16,95.38
CELL_70742,Epithelial,13.62,46,50.24
CELL_19125,Fibroblast,118.78,20,60.42
CELL_62086,Neuron,83.36,21,81.75
CELL_95335,Erythrocyte,45.16,45,96.5
CELL_24576,Stem Cell,96.87,39,68.03
CELL_33333,Neuron,89.17,29,66.15
CELL_71342,Stem Cell,98.81,47,97.97
CELL_13713,Epithelial,92.2,18,93.17
CELL_23204,Neuron,72.43,25,96.42
CELL_45433,Epithelial,28.33,20,96.18
CELL_46807,Leukocyte,11.61,25,58.73
CELL_17226,Myocyte,89.39,22,69.35
CELL_79083,Erythrocyte,104.26,32,90.26
CELL_71334,Neuron,118.38,48,52.56
CELL_31561,Leukocyte,46.99,47,93.36
CELL_42942,Neuron,46.42,50,53.67
CELL_50179,Erythrocyte,25.22,8,55.76
CELL_43537,Neuron,83.7,10,99.64
CELL_54346,Epithelial,52.11,9,63.99
CELL_83325,Stem Cell,80.01,20,59.36
CELL_93415,Epithelial,61.02,33,54.95
CELL_92505,Stem Cell,32.89,9,71.05
CELL_56119,Fibroblast,83.04,25,78.9
CELL_81640,Leukocyte,111.56,15,82.0
CELL_66069,Erythrocyte,88.08,34,57.98
CELL_76067,Neuron,71.29,5,60.25
CELL_15336,Epithelial,12.7,15,98.03
CELL_69625,Erythrocyte,117.44,35,89.01
CELL_30545,Epithelial,79.67,9,92.41
CELL_95244,Epithelial,22.02,48,70.94
CELL_95741,Fibroblast,77.26,45,99.2
CELL_68297,Leukocyte,103.3,46,68.61
CELL_52816,Myocyte,20.6,43,55.45
CELL_64167,Stem Cell,44.41,32,93.39
CELL_87748,Stem Cell,6.1,29,80.56
CELL_76727,Erythrocyte,39.25,36,80.63
CELL_59690,Leukocyte,76.25,29,92.28
CELL_92293,Epithelial,69.1,10,97.17
CELL_48218,Neuron,81.14,25,91.52
CELL_83535,Leukocyte,88.8,33,97.66
CELL_17950,Erythrocyte,88.24,19,99.27
CELL_69583,Erythrocyte,68.26,5,66.19
CELL_16529,Epithelial,117.01,6,72.66
CELL_46919,Erythrocyte,79.77,12,77.2
CELL_16842,Fibroblast,5.81,8,93.03
CELL_22334,Erythrocyte,60.44,47,67.19
CELL_43982,Leukocyte,71.42,45,71.52
CELL_38402,Erythrocyte,33.93,27,57.53
CELL_38539,Epithelial,62.43,18,51.2
CELL_45836,Epithelial,8.68,33,92.05
CELL_78246,Myocyte,62.86,33,69.1
CELL_95082,Fibroblast,47.58,24,71.36
CELL_49292,Neuron,6.0,34,72.58
CELL_75019,Leukocyte,13.56,42,95.54
CELL_54158,Fibroblast,70.29,7,67.85
CELL_68528,Epithelial,19.36,18,61.58
CELL_96177,Neuron,69.71,25,88.72
CELL_55053,Myocyte,54.47,23,71.03
CELL_43883,Neuron,5.82,46,83.23
CELL_25105,Myocyte,51.81,5,54.73
CELL_77554,Epithelial,68.1,28,50.66
CELL_37289,Stem Cell,114.21,37,54.82
CELL_13011,Erythrocyte,45.15,12,60.53
CELL_90256,Neuron,60.52,8,95.75
CELL_77024,Fibroblast,6.25,12,90.27
CELL_96138,Myocyte,66.33,35,88.85
CELL_53152,Stem Cell,85.46,28,61.24
CELL_17149,Erythrocyte,23.15,35,69.95
CELL_52122,Epithelial,6.52,41,64.31
CELL_36875,Erythrocyte,9.49,17,75.88
CELL_39512,Erythrocyte,94.41,49,77.35
CELL_77997,Erythrocyte,75.91,40,69.18
CELL_65700,Fibroblast,115.79,8,89.6
CELL_57427,Stem Cell,79.96,24,88.94
CELL_30244,Stem Cell,91.69,46,75.7
CELL_92377,Neuron,90.56,38,79.42
CELL_71078,Neuron,35.24,16,53.61
CELL_36966,Leukocyte,92.7,40,76.86
CELL_51784,Fibroblast,28.34,36,50.03
CELL_95547,Erythrocyte,101.82,43,61.23
CELL_85964,Fibroblast,48.94,6,50.7
CELL_19505,Epithelial,103.18,13,95.62
CELL_13265,Leukocyte,65.02,49,63.94
CELL_77680,Stem Cell,23.61,32,83.74
CELL_85076,Myocyte,5.57,31,92.62
CELL_93362,Epithelial,15.32,33,74.17
CELL_55367,Epithelial,44.66,9,75.22
CELL_16624,Erythrocyte,55.45,43,61.02
CELL_65688,Neuron,33.02,44,54.29
CELL_40259,Stem Cell,26.26,15,64.44
CELL_62865,Leukocyte,51.4,20,71.24
CELL_51651,Erythrocyte,84.82,34,74.74
CELL_41833,Myocyte,78.3,26,94.31
CELL_41361,Fibroblast,7.77,29,74.81
CELL_25146,Erythrocyte,106.41,11,96.07
CELL_81481,Fibroblast,79.72,25,82.48
CELL_54225,Neuron,34.03,8,61.07
CELL_10626,Neuron,47.2,44,65.75
CELL_22330,Stem Cell,16.37,26,68.25
CELL_57275,Neuron,14.9,12,90.76
CELL_68286,Fibroblast,26.67,14,93.71
CELL_35397,Stem Cell,102.49,16,51.64
CELL_69112,Myocyte,49.43,5,97.79
CELL_37439,Neuron,5.6,13,52.85
CELL_88163,Epithelial,36.26,36,53.23
CELL_13536,Erythrocyte,41.1,11,63.52
CELL_56003,Epithelial,50.33,49,51.17
CELL_82937,Myocyte,5.69,48,95.34
CELL_72737,Myocyte,38.36,25,73.54
CELL_54163,Epithelial,10.58,14,87.93
CELL_40585,Neuron,43.2,33,91.3
CELL_11689,Fibroblast,58.24,12,75.92
CELL_52779,Leukocyte,53.01,19,99.1
CELL_44367,Leukocyte,39.36,7,70.76
CELL_99841,Leukocyte,36.73,5,91.0
CELL_68911,Neuron,102.79,47,72.87
CELL_76238,Stem Cell,29.78,47,58.73
CELL_41090,Erythrocyte,36.08,28,92.11
CELL_32805,Myocyte,78.87,31,99.01
CELL_78859,Erythrocyte,53.55,13,76.91
CELL_37232,Erythrocyte,94.99,35,66.23
CELL_58343,Leukocyte,68.68,34,66.91
CELL_45318,Neuron,21.23,9,54.54
CELL_84347,Neuron,67.07,19,91.22
CELL_33415,Stem Cell,75.5,31,56.02
CELL_74964,Neuron,118.12,39,79.34
CELL_16724,Erythrocyte,74.76,30,83.21
CELL_11632,Neuron,38.73,29,69.81
CELL_92339,Erythrocyte,30.88,12,94.48
CELL_87026,Erythrocyte,50.53,47,54.17
CELL_22406,Fibroblast,10.45,29,84.35
CELL_64918,Fibroblast,94.96,45,72.46
CELL_54542,Stem Cell,23.61,21,74.98
CELL_24618,Myocyte,109.47,19,73.19
CELL_49908,Epithelial,73.4,40,64.96
CELL_44367,Fibroblast,118.93,12,95.57
CELL_10010,Leukocyte,72.51,6,55.87
CELL_60286,Stem Cell,45.74,22,82.51
CELL_89632,Erythrocyte,34.8,28,55.31
CELL_95226,Fibroblast,96.3,18,88.99
CELL_54503,Neuron,105.8,47,68.01
CELL_35718,Myocyte,33.06,22,65.86
CELL_26063,Neuron,88.48,9,90.77
CELL_60143,Fibroblast,57.59,11,50.61
CELL_72559,Epithelial,50.45,46,90.85
CELL_11159,Erythrocyte,106.08,18,69.77
CELL_32052,Epithelial,119.41,27,90.25
CELL_44969,Epithelial,42.31,40,74.43
CELL_18670,Neuron,104.12,25,71.69
CELL_73474,Fibroblast,51.56,15,50.1
CELL_21993,Epithelial,32.56,35,52.98
CELL_24831,Epithelial,42.54,8,92.4
CELL_55782,Erythrocyte,99.24,24,99.77
CELL_62860,Fibroblast,67.32,27,79.63
CELL_82631,Myocyte,32.12,22,78.34
CELL_33649,Leukocyte,96.99,29,73.31
CELL_35159,Stem Cell,10.12,42,61.96
CELL_46637,Epithelial,56.74,20,64.54
CELL_22559,Epithelial,7.82,27,95.07
CELL_37213,Epithelial,78.37,8,72.39
CELL_59020,Leukocyte,86.5,41,73.35
CELL_34043,Erythrocyte,102.1,26,74.6
CELL_44873,Myocyte,24.89,35,66.31
CELL_79291,Epithelial,103.99,43,99.27
CELL_99200,Fibroblast,37.71,21,75.65
CELL_37611,Epithelial,52.81,27,67.53
CELL_87695,Fibroblast,60.52,41,98.33
CELL_65083,Erythrocyte,92.02,9,75.36
CELL_18233,Erythrocyte,27.14,7,87.15
CELL_37461,Stem Cell,95.16,42,77.52
CELL_92123,Leukocyte,34.7,41,69.14
CELL_47364,Fibroblast,82.17,6,76.9
CELL_92112,Epithelial,51.82,47,52.15
CELL_59322,Epithelial,7.0,40,77.9
CELL_57987,Fibroblast,91.88,26,92.68
CELL_72111,Stem Cell,7.16,14,85.48
CELL_35852,Epithelial,94.64,6,78.77
CELL_86579,Epithelial,104.37,50,57.62
CELL_67107,Erythrocyte,65.52,44,65.01
CELL_37494,Myocyte,43.91,49,82.12
CELL_62343,Epithelial,16.86,8,59.32
CELL_48273,Myocyte,107.83,33,72.02
CELL_95912,Erythrocyte,38.24,25,70.79
CELL_37553,Erythrocyte,75.6,15,82.59
CELL_15112,Myocyte,6.66,23,77.28
CELL_71459,Neuron,12.08,18,69.68
CELL_26691,Erythrocyte,113.55,33,98.18
CELL_66629,Neuron,92.08,37,65.1
CELL_46488,Fibroblast,85.51,15,96.19
CELL_35050,Epithelial,50.21,41,84.59
CELL_55071,Neuron,37.07,39,96.74
CELL_81909,Stem Cell,49.04,48,55.02
CELL_64823,Fibroblast,23.44,28,85.51
CELL_46919,Fibroblast,51.69,35,64.67
CELL_87562,Stem Cell,41.76,38,63.06
CELL_74636,Neuron,92.7,15,62.11
CELL_44941,Epithelial,28.43,16,66.11
CELL_86562,Neuron,32.62,5,53.33
CELL_61616,Myocyte,67.22,36,51.45
CELL_43093,Epithelial,35.19,41,57.76
CELL_73757,Neuron,73.99,21,65.92
CELL_59996,Leukocyte,68.9,50,91.54
CELL_56601,Stem Cell,107.69,11,62.18
CELL_55936,Leukocyte,44.88,17,83.09
CELL_73221,Leukocyte,42.86,7,81.86
CELL_83179,Epithelial,26.78,31,74.29
CELL_70088,Fibroblast,93.76,18,78.13
CELL_69779,Stem Cell,17.24,30,76.59
CELL_18650,Stem Cell,87.1,47,93.36
CELL_91212,Myocyte,13.5,9,59.47
CELL_57165,Epithelial,92.68,16,65.71
CELL_29960,Neuron,89.1,25,98.6
CELL_91174,Epithelial,74.56,25,51.43
CELL_69228,Stem Cell,19.95,21,76.67
CELL_23311,Myocyte,106.17,33,60.06
CELL_83203,Epithelial,35.47,43,56.24
CELL_52825,Myocyte,104.6,15,50.09
CELL_88689,Erythrocyte,32.35,43,64.66
CELL_37255,Epithelial,100.15,31,82.61
CELL_98614,Neuron,48.32,20,71.2
CELL_75609,Myocyte,43.07,6,77.57
CELL_59791,Myocyte,5.58,41,73.18
CELL_12870,Neuron,100.42,17,91.32
CELL_77202,Fibroblast,11.57,49,65.36
CELL_82443,Leukocyte,62.15,19,53.53
CELL_21959,Erythrocyte,79.22,40,70.48
CELL_27344,Epithelial,94.59,38,52.36
CELL_68712,Neuron,103.32,23,95.15
CELL_60334,Stem Cell,38.8,6,51.88
CELL_85718,Fibroblast,9.12,42,89.82
CELL_10637,Stem Cell,104.66,42,79.33
CELL_55562,Stem Cell,115.68,50,98.85
CELL_71172,Neuron,62.81,9,95.12
CELL_66216,Erythrocyte,43.72,47,88.7
CELL_46799,Myocyte,29.27,25,62.2
CELL_29836,Neuron,30.41,31,53.44
CELL_13865,Myocyte,96.07,49,72.97
CELL_45527,Neuron,65.4,44,85.0
CELL_95630,Fibroblast,83.96,30,92.52
CELL_49123,Epithelial,81.43,21,57.18
CELL_85200,Fibroblast,50.29,46,80.23
CELL_14349,Erythrocyte,117.32,24,73.2
CELL_18981,Leukocyte,37.76,35,72.21
CELL_70504,Epithelial,35.35,41,82.17
CELL_85099,Neuron,91.86,35,83.5
CELL_68986,Stem Cell,20.13,37,63.2
CELL_48665,Neuron,18.91,27,86.06
CELL_21040,Erythrocyte,67.65,48,77.72
CELL_22823,Stem Cell,60.07,7,77.29
CELL_17637,Leukocyte,23.78,40,57.21
CELL_48284,Stem Cell,76.27,18,80.71
CELL_14898,Erythrocyte,70.48,41,88.88
CELL_23620,Epithelial,63.96,25,91.24
CELL_99859,Fibroblast,21.57,43,73.52
CELL_74102,Myocyte,105.97,48,63.49
CELL_63102,Myocyte,27.24,46,95.51
CELL_89105,Epithelial,10.19,9,78.46
CELL_60188,Fibroblast,101.93,30,56.18
CELL_73204,Epithelial,56.43,19,75.99
CELL_98837,Leukocyte,103.06,23,74.67
CELL_83787,Myocyte,57.91,18,92.91
CELL_71294,Fibroblast,72.94,50,82.35
CELL_12782,Stem Cell,70.26,47,71.8
CELL_16807,Stem Cell,56.63,16,53.36
CELL_64887,Erythrocyte,15.86,7,59.34
CELL_96499,Epithelial,15.4,26,99.56
CELL_72280,Leukocyte,119.34,26,94.51
CELL_49339,Fibroblast,41.57,40,59.11
CELL_50007,Leukocyte,102.37,11,85.46
CELL_44763,Fibroblast,33.87,10,86.17
CELL_94377,Myocyte,30.01,14,65.91
CELL_57219,Erythrocyte,107.75,33,69.52
CELL_53855,Neuron,19.42,50,53.08
CELL_72861,Leukocyte,18.89,44,82.52
CELL_21705,Leukocyte,89.27,12,76.77
CELL_46166,Neuron,63.46,46,90.73
CELL_52434,Stem Cell,31.58,45,56.67
CELL_93451,Stem Cell,61.07,30,87.41
CELL_42216,Stem Cell,6.53,44,59.38
CELL_89945,Epithelial,31.2,10,61.18
CELL_89227,Erythrocyte,82.7,32,57.93
CELL_26083,Stem Cell,15.31,17,89.2
CELL_35793,Myocyte,111.49,43,79.14
CELL_99505,Stem Cell,47.39,18,52.89
CELL_17843,Epithelial,8.26,11,65.14
CELL_92471,Myocyte,49.73,15,80.72
CELL_99380,Fibroblast,31.83,16,98.92
CELL_43689,Stem Cell,76.38,40,89.32
CELL_61008,Epithelial,32.62,42,70.86
CELL_69569,Neuron,10.23,12,63.77
CELL_99623,Myocyte,97.64,49,69.64
CELL_82245,Myocyte,13.52,34,50.4
CELL_79513,Stem Cell,35.2,30,82.6
CELL_71545,Epithelial,69.68,44,73.89
CELL_28457,Myocyte,21.34,39,73.54
CELL_42265,Fibroblast,24.58,48,76.38
CELL_43132,Myocyte,13.9,50,76.75
CELL_51140,Myocyte,26.68,14,69.82
CELL_26135,Erythrocyte,20.14,25,68.32
CELL_99763,Fibroblast,89.06,43,88.22
CELL_33956,Neuron,92.41,46,94.94
CELL_70394,Fibroblast,99.74,36,58.83
CELL_99521,Erythrocyte,24.78,45,69.64
CELL_18373,Leukocyte,51.57,50,95.11
CELL_74115,Fibroblast,48.51,41,76.14
CELL_86508,Myocyte,114.56,41,52.76
CELL_86699,Fibroblast,76.95,47,92.55
CELL_13878,Neuron,12.29,38,85.64
CELL_69716,Leukocyte,37.43,24,86.12
CELL_30477,Fibroblast,13.22,43,59.39
CELL_33483,Stem Cell,51.14,24,74.6
CELL_40431,Epithelial,79.47,27,66.11
CELL_96839,Neuron,24.3,21,87.46
CELL_85027,Stem Cell,43.59,13,98.98
CELL_35226,Erythrocyte,60.53,37,90.03
CELL_51245,Fibroblast,88.12,26,90.71
CELL_86890,Myocyte,75.18,46,55.04
CELL_73243,Neuron,72.22,38,86.16
CELL_56866,Neuron,99.07,44,80.36
CELL_44041,Neuron,9.64,46,89.74
CELL_26595,Erythrocyte,61.4,29,72.75
CELL_26715,Fibroblast,7.05,43,62.35
CELL_99159,Fibroblast,92.45,26,80.71
CELL_55490,Erythrocyte,10.77,37,68.9
CELL_60465,Erythrocyte,41.38,40,58.46
CELL_76082,Neuron,11.27,9,51.28
CELL_69534,Fibroblast,113.82,36,71.51
CELL_32457,Neuron,32.54,47,80.99
CELL_56366,Myocyte,46.34,19,90.93
CELL_16215,Leukocyte,18.18,28,68.29
CELL_19760,Leukocyte,116.81,21,60.19
CELL_46720,Erythrocyte,116.52,28,86.32
CELL_53710,Stem Cell,13.7,38,88.34
CELL_10456,Epithelial,37.65,48,68.92
CELL_44073,Fibroblast,59.17,29,59.54
CELL_10617,Fibroblast,97.09,18,89.61
CELL_57965,Epithelial,114.59,24,94.07
CELL_89192,Myocyte,54.52,48,81.55
CELL_30160,Neuron,29.51,34,52.28
CELL_10696,Fibroblast,35.45,36,61.11
CELL_43180,Leukocyte,68.43,46,50.76
CELL_45517,Fibroblast,103.66,10,61.07
CELL_93119,Fibroblast,72.94,32,61.92
CELL_12533,Neuron,57.13,5,93.56
CELL_59659,Fibroblast,36.93,36,83.55
CELL_42778,Fibroblast,42.28,14,76.04
CELL_30813,Leukocyte,51.95,34,68.71
CELL_98189,Leukocyte,20.59,30,74.67
CELL_26660,Epithelial,111.97,15,82.14
CELL_40585,Erythrocyte,97.33,29,62.14
CELL_66800,Epithelial,98.81,12,82.31
CELL_25903,Leukocyte,97.72,10,97.59
CELL_91070,Neuron,74.19,6,68.94
CELL_34744,Stem Cell,83.73,18,52.4
CELL_59044,Epithelial,73.63,23,92.41
CELL_14766,Stem Cell,84.87,39,54.06
CELL_33900,Myocyte,91.44,48,82.97
CELL_85667,Erythrocyte,75.14,29,97.68
CELL_25802,Erythrocyte,28.71,34,85.42
CELL_51043,Erythrocyte,68.84,44,98.08
CELL_17925,Fibroblast,28.93,5,57.49
CELL_78131,Neuron,6.39,42,95.83
CELL_43791,Stem Cell,94.44,49,67.01
CELL_83207,Stem Cell,55.92,49,51.01
CELL_21952,Leukocyte,28.17,46,98.7
CELL_85995,Fibroblast,11.32,11,65.6
CELL_73953,Epithelial,51.21,13,91.76
CELL_51863,Myocyte,83.27,32,57.26
CELL_46154,Myocyte,40.24,20,88.15
CELL_70562,Fibroblast,118.25,43,91.27
CELL_94629,Erythrocyte,65.86,24,82.18
CELL_99255,Leukocyte,67.05,16,67.57
CELL_17753,Myocyte,85.31,30,78.07
CELL_49479,Myocyte,86.77,21,76.0
CELL_39070,Erythrocyte,98.71,31,95.12
CELL_66038,Stem Cell,92.61,37,78.42
CELL_60149,Erythrocyte,86.59,26,59.17
CELL_41657,Neuron,97.35,10,82.45
CELL_84573,Stem Cell,53.91,41,96.34
CELL_69726,Myocyte,99.66,50,80.81
CELL_13081,Fibroblast,50.21,33,64.44
CELL_54975,Erythrocyte,103.06,38,63.2
CELL_33838,Myocyte,119.08,22,88.39
CELL_23088,Fibroblast,81.67,26,97.29
CELL_33992,Stem Cell,105.16,5,81.83
CELL_37231,Epithelial,15.28,17,61.84
CELL_49358,Fibroblast,73.27,39,73.21
CELL_40531,Stem Cell,91.99,36,63.54
CELL_90764,Stem Cell,11.81,5,85.97
CELL_82176,Erythrocyte,65.21,41,65.52
CELL_54919,Fibroblast,16.35,18,87.19
CELL_98638,Stem Cell,27.61,34,75.34
CELL_66205,Epithelial,95.61,40,59.96
CELL_67837,Leukocyte,20.36,12,52.13
CELL_32252,Erythrocyte,82.08,40,77.25
CELL_51910,Neuron,119.92,8,81.76
CELL_68752,Fibroblast,54.95,31,98.38
CELL_91979,Epithelial,114.95,15,92.06
CELL_49930,Erythrocyte,93.3,32,92.55
CELL_79017,Myocyte,102.62,21,76.23
CELL_54320,Leukocyte,66.89,7,86.45
CELL_15686,Erythrocyte,106.49,43,52.84
CELL_70768,Myocyte,25.33,14,64.02
CELL_67275,Leukocyte,112.94,21,56.48
CELL_92208,Leukocyte,48.63,48,79.47
CELL_66855,Epithelial,68.29,40,58.76
CELL_26492,Stem Cell,51.48,36,50.96
CELL_90336,Epithelial,18.87,13,71.21
CELL_58537,Stem Cell,82.02,29,50.47
CELL_71302,Myocyte,62.34,11,75.68
CELL_60076,Stem Cell,78.41,9,76.55
CELL_78107,Epithelial,49.86,27,83.2
CELL_87250,Stem Cell,31.17,43,50.59
CELL_59328,Myocyte,56.08,21,64.11
CELL_87837,Neuron,24.75,45,88.74
CELL_41166,Leukocyte,71.05,10,83.58
CELL_38153,Fibroblast,11.41,49,83.55
CELL_95831,Leukocyte,24.05,15,55.2
CELL_13659,Epithelial,111.04,46,97.95
CELL_70848,Fibroblast,33.74,7,63.87
CELL_34455,Neuron,102.59,6,77.5
CELL_82265,Fibroblast,68.53,30,82.79
CELL_87361,Epithelial,11.15,7,57.39
CELL_97102,Stem Cell,52.28,27,87.81
CELL_43940,Neuron,37.13,15,66.94
CELL_58572,Erythrocyte,6.35,46,59.06
CELL_38278,Fibroblast,107.06,40,68.12
CELL_35452,Leukocyte,13.08,15,97.51
CELL_25179,Leukocyte,39.64,32,60.23
CELL_98669,Epithelial,115.55,47,86.42
CELL_82428,Epithelial,38.73,12,93.58
CELL_18330,Neuron,60.4,44,90.81
CELL_90330,Myocyte,30.25,18,60.77
CELL_11779,Leukocyte,106.24,44,77.97
CELL_54619,Neuron,39.03,10,50.07
CELL_37434,Erythrocyte,96.57,26,90.87
CELL_77065,Stem Cell,87.51,6,54.4
CELL_83000,Leukocyte,94.44,34,51.73
CELL_16870,Neuron,53.46,30,82.93
CELL_15331,Stem Cell,106.31,41,76.54
CELL_50846,Fibroblast,116.38,38,76.96
CELL_36177,Fibroblast,89.55,45,68.38
CELL_69154,Erythrocyte,38.72,37,81.1
CELL_34773,Epithelial,79.76,40,50.61
CELL_68074,Leukocyte,115.71,14,88.6
CELL_54282,Neuron,14.63,11,65.38
CELL_61570,Myocyte,10.55,35,67.91
CELL_53861,Stem Cell,9.17,28,67.65
CELL_94803,Myocyte,89.41,47,71.78
CELL_37309,Neuron,42.21,30,92.56
CELL_48368,Fibroblast,66.92,10,85.65
CELL_44857,Fibroblast,81.84,10,56.86
CELL_32850,Myocyte,24.53,40,82.83
CELL_94407,Epithelial,15.3,11,82.57
CELL_76020,Fibroblast,84.97,39,97.75
CELL_20403,Neuron,77.38,13,99.28
CELL_77162,Fibroblast,117.36,40,56.5
CELL_40901,Neuron,19.83,24,50.93
CELL_44473,Myocyte,98.52,34,97.7
CELL_79030,Stem Cell,50.86,12,93.52
CELL_71255,Myocyte,96.9,21,88.26
CELL_16697,Leukocyte,17.91,36,76.5
CELL_35796,Stem Cell,110.57,5,68.49
CELL_23243,Epithelial,84.03,37,58.96
CELL_95067,Leukocyte,70.45,28,83.54
CELL_39063,Leukocyte,67.68,14,52.84
CELL_22427,Leukocyte,29.46,6,80.42
CELL_24602,Myocyte,79.87,11,99.88
CELL_16091,Leukocyte,71.38,49,98.06
CELL_42487,Neuron,67.14,44,54.3
CELL_43068,Myocyte,52.53,43,83.91
CELL_22955,Erythrocyte,112.79,37,62.13
CELL_77556,Neuron,55.41,43,83.4
CELL_51237,Epithelial,89.16,9,53.34
CELL_61485,Erythrocyte,13.66,28,98.32
CELL_98274,Myocyte,21.57,21,71.84
CELL_80289,Neuron,96.64,40,80.84
CELL_82180,Epithelial,107.07,50,76.04
CELL_58190,Leukocyte,72.23,28,52.7
CELL_53295,Erythrocyte,101.23,42,88.08
CELL_18197,Neuron,33.97,28,67.26
CELL_54774,Myocyte,92.36,37,62.04
CELL_48175,Leukocyte,87.81,24,79.11
CELL_21265,Myocyte,38.46,13,94.1
CELL_27337,Neuron,55.06,30,62.22
CELL_20879,Erythrocyte,51.36,23,78.46
CELL_55098,Fibroblast,43.41,19,58.98
CELL_29334,Epithelial,77.21,42,68.18
CELL_24140,Stem Cell,89.84,29,83.96
CELL_58084,Erythrocyte,11.31,32,95.93
CELL_22189,Neuron,11.35,49,83.93
CELL_21976,Leukocyte,15.34,34,51.64
CELL_51061,Leukocyte,111.3,10,96.52
CELL_54934,Fibroblast,95.34,27,85.41
CELL_55923,Myocyte,90.85,49,81.82
CELL_73630,Myocyte,53.76,47,98.39
CELL_63452,Neuron,28.74,42,62.91
CELL_30033,Erythrocyte,36.7,10,90.74
CELL_35583,Neuron,78.0,43,99.34
CELL_22958,Leukocyte,8.26,43,66.41
CELL_66331,Myocyte,66.53,37,85.13
CELL_19849,Neuron,80.11,31,59.64
CELL_78926,Epithelial,91.74,47,79.41
CELL_58865,Stem Cell,82.82,34,99.48
CELL_62137,Fibroblast,97.91,11,76.21
CELL_13545,Leukocyte,111.67,8,53.41
CELL_46501,Erythrocyte,56.49,39,83.61
CELL_20716,Fibroblast,98.22,40,72.65
CELL_82122,Leukocyte,88.43,38,64.11
CELL_19094,Epithelial,50.78,35,69.7
CELL_17647,Erythrocyte,52.56,5,85.24
CELL_89333,Erythrocyte,7.33,39,93.85
CELL_43316,Leukocyte,92.21,36,98.99
CELL_27188,Stem Cell,109.68,22,53.45
CELL_54707,Stem Cell,6.83,47,87.99
CELL_33410,Myocyte,15.16,9,76.36
CELL_38410,Erythrocyte,85.75,32,82.25
CELL_81003,Neuron,107.13,49,62.7
CELL_81013,Leukocyte,45.02,46,95.45
CELL_71173,Erythrocyte,35.08,32,78.49
CELL_62177,Leukocyte,68.42,8,81.56
CELL_80988,Epithelial,53.36,13,58.18
CELL_97530,Myocyte,80.34,48,93.41
CELL_30162,Myocyte,85.22,33,80.61
CELL_93506,Myocyte,51.23,12,99.34
CELL_16727,Epithelial,32.25,50,84.14
CELL_48707,Epithelial,59.78,6,82.77
CELL_58162,Erythrocyte,11.47,44,74.45
CELL_95845,Fibroblast,46.24,20,71.16
CELL_93945,Erythrocyte,82.62,31,58.55
CELL_94063,Stem Cell,15.45,20,84.62
CELL_66056,Epithelial,48.76,35,52.44
CELL_16091,Stem Cell,114.73,24,69.29
CELL_37614,Erythrocyte,83.15,15,86.23
CELL_66361,Neuron,8.51,22,81.01
CELL_39633,Fibroblast,13.61,22,94.76
CELL_52086,Neuron,64.74,8,65.21
CELL_33201,Leukocyte,83.04,35,54.32
CELL_17361,Erythrocyte,77.45,16,91.29
CELL_53665,Epithelial,85.91,9,72.32
CELL_30410,Myocyte,70.07,23,65.67
CELL_99318,Epithelial,87.97,16,75.86
CELL_67241,Fibroblast,56.25,50,87.75
CELL_60693,Epithelial,46.9,39,92.7
CELL_12239,Fibroblast,68.7,20,69.6
CELL_36427,Leukocyte,38.44,43,79.19
CELL_74379,Fibroblast,59.17,14,95.25
CELL_62771,Leukocyte,44.22,49,67.4
CELL_63929,Leukocyte,60.34,21,54.16
CELL_30599,Erythrocyte,99.18,11,75.06
CELL_69327,Leukocyte,110.57,43,60.82
CELL_77929,Fibroblast,29.19,21,99.03
CELL_60843,Erythrocyte,112.97,7,71.03
CELL_54378,Fibroblast,18.21,37,93.2
CELL_32846,Fibroblast,87.21,14,72.67
CELL_78636,Myocyte,13.56,34,76.67
CELL_10518,Epithelial,41.8,10,76.23
CELL_14514,Neuron,74.37,43,70.86
CELL_74005,Epithelial,51.72,29,51.54
CELL_29822,Erythrocyte,48.17,36,62.18
CELL_15208,Stem Cell,61.3,34,91.72
CELL_29976,Fibroblast,8.81,41,99.23
CELL_37587,Leukocyte,99.28,32,76.74
CELL_98056,Neuron,19.21,43,69.47
CELL_99280,Stem Cell,66.07,19,85.93
CELL_86379,Epithelial,43.05,16,50.63
CELL_19812,Neuron,8.59,22,59.55
CELL_11123,Epithelial,24.41,45,99.61
CELL_28624,Myocyte,45.63,28,88.89
CELL_66782,Leukocyte,28.44,40,77.4
CELL_98406,Myocyte,6.46,36,71.93
CELL_70066,Fibroblast,91.65,49,78.87
CELL_31936,Erythrocyte,91.67,44,66.45
CELL_80841,Leukocyte,118.82,23,79.26
CELL_52595,Neuron,73.98,29,75.58
CELL_69285,Epithelial,74.06,28,76.57
CELL_36191,Fibroblast,75.86,45,91.96
CELL_97565,Fibroblast,79.59,28,90.9
CELL_46999,Epithelial,10.27,19,78.62
CELL_17781,Erythrocyte,30.73,21,54.64
CELL_10567,Epithelial,101.67,31,51.6
CELL_76304,Fibroblast,113.14,20,83.17
CELL_59527,Stem Cell,114.47,19,80.37
CELL_15887,Fibroblast,25.47,16,82.15
CELL_43718,Fibroblast,20.78,29,56.59
CELL_48464,Fibroblast,22.01,23,99.43
CELL_96644,Stem Cell,94.1,18,59.58
CELL_66248,Fibroblast,41.83,46,69.02
CELL_56752,Erythrocyte,76.76,18,56.65
CELL_67062,Leukocyte,119.89,27,91.95
CELL_69280,Fibroblast,62.3,28,90.48
CELL_72682,Fibroblast,47.95,45,82.64
CELL_22794,Fibroblast,46.55,18,83.33
CELL_37656,Neuron,77.73,35,52.06
CELL_58530,Myocyte,62.31,25,59.63
CELL_88325,Leukocyte,82.59,34,98.67
CELL_67139,Fibroblast,68.81,42,83.06
CELL_18596,Epithelial,92.89,19,81.78
CELL_64644,Epithelial,101.91,23,50.1
CELL_60113,Fibroblast,24.39,38,90.95
CELL_85659,Myocyte,89.76,48,56.75
CELL_89482,Erythrocyte,101.83,39,92.63
CELL_36192,Leukocyte,61.6,25,79.49
CELL_61297,Leukocyte,90.42,11,77.13
CELL_75520,Erythrocyte,7.85,36,87.07
CELL_42557,Neuron,70.34,14,87.2
CELL_37005,Neuron,82.29,22,60.95
CELL_60139,Stem Cell,41.98,34,55.44
CELL_11970,Erythrocyte,39.46,11,62.57
CELL_70468,Stem Cell,9.46,42,62.19
CELL_16530,Stem Cell,48.87,46,58.54
CELL_72667,Epithelial,23.13,27,57.64
CELL_71032,Stem Cell,33.14,30,82.29
CELL_53536,Myocyte,40.03,8,80.0
CELL_48290,Stem Cell,66.69,27,53.12
CELL_72179,Erythrocyte,72.1,12,59.31
CELL_28072,Epithelial,78.0,42,54.37
CELL_86942,Stem Cell,39.16,9,95.1
CELL_19288,Erythrocyte,83.27,42,75.59
CELL_12940,Leukocyte,93.82,37,78.72
CELL_91453,Stem Cell,107.68,30,97.54
CELL_94875,Myocyte,16.62,34,83.31
CELL_36658,Fibroblast,36.62,12,84.59
CELL_34745,Stem Cell,55.93,38,58.36
CELL_50547,Stem Cell,27.59,45,54.13
CELL_11528,Erythrocyte,16.72,50,92.22
CELL_84181,Erythrocyte,16.0,40,88.38
CELL_96047,Erythrocyte,54.53,17,99.13
CELL_95059,Myocyte,103.27,11,89.64
CELL_17268,Epithelial,109.8,26,87.62
CELL_31955,Epithelial,77.68,34,81.67
CELL_16349,Neuron,12.01,12,85.56
CELL_79768,Leukocyte,80.64,19,93.29
CELL_35620,Stem Cell,97.3,30,86.71
CELL_77931,Neuron,28.42,30,61.19
CELL_25959,Fibroblast,44.61,46,71.33
CELL_84367,Neuron,8.82,34,81.67
CELL_17097,Epithelial,85.76,29,78.63
CELL_22537,Fibroblast,5.8,5,58.5
CELL_55065,Leukocyte,98.98,45,71.92
CELL_72298,Myocyte,65.52,45,57.98
CELL_65029,Neuron,28.96,33,64.21
CELL_32370,Stem Cell,88.1,13,66.36
CELL_13861,Erythrocyte,57.68,14,92.08
CELL_98679,Leukocyte,111.05,22,99.06
CELL_77012,Epithelial,114.86,45,85.84
CELL_55529,Stem Cell,52.71,10,67.66
CELL_64679,Neuron,12.1,27,56.9
CELL_17594,Myocyte,110.15,19,50.62
CELL_51602,Fibroblast,36.72,35,85.98
CELL_66881,Erythrocyte,89.76,26,63.73
CELL_56828,Neuron,73.05,41,72.89
CELL_57376,Epithelial,103.13,27,84.7
CELL_90061,Neuron,15.08,42,92.08
CELL_80516,Neuron,25.0,27,91.88
CELL_38621,Epithelial,56.3,40,96.35
CELL_74097,Epithelial,25.99,49,74.92
CELL_38149,Neuron,21.08,49,70.68
CELL_50487,Fibroblast,60.74,38,88.43
CELL_15418,Stem Cell,89.31,13,75.44
CELL_82875,Erythrocyte,44.61,21,64.19
CELL_62470,Epithelial,38.51,49,68.38
CELL_75734,Stem Cell,47.25,19,72.34
CELL_67129,Stem Cell,53.14,20,78.71
CELL_14264,Neuron,63.36,24,84.54
CELL_88430,Epithelial,40.37,24,60.27
CELL_65200,Stem Cell,57.46,25,71.79
CELL_83737,Neuron,13.9,49,87.1
CELL_99757,Neuron,5.65,15,72.37
CELL_42704,Epithelial,6.57,35,83.44
CELL_76925,Neuron,86.45,46,65.82
CELL_50825,Stem Cell,92.55,30,56.75
CELL_12735,Leukocyte,93.36,9,54.5
CELL_45536,Fibroblast,49.93,38,56.94
CELL_26860,Neuron,79.86,34,51.58
CELL_78221,Fibroblast,118.04,6,87.85
CELL_72976,Fibroblast,15.18,21,63.65
CELL_58508,Myocyte,54.86,37,99.97
CELL_30858,Myocyte,79.48,33,99.03
CELL_48346,Neuron,105.13,5,82.58
CELL_52539,Fibroblast,78.38,6,57.43
CELL_95397,Leukocyte,84.08,16,90.9
CELL_87924,Epithelial,80.73,47,61.57
CELL_25447,Leukocyte,79.56,19,94.72
CELL_25397,Stem Cell,31.14,18,68.11
CELL_73698,Fibroblast,14.28,14,78.24
CELL_42116,Neuron,64.11,5,64.04
CELL_47582,Leukocyte,69.41,10,73.81
CELL_62663,Neuron,118.87,44,57.75
CELL_47624,Stem Cell,39.1,7,81.82
CELL_88415,Myocyte,40.61,35,63.75
CELL_17909,Myocyte,66.7,26,97.97
CELL_59671,Leukocyte,40.66,32,89.42
CELL_22527,Epithelial,15.26,32,80.82
CELL_11709,Stem Cell,23.86,35,59.06
CELL_80178,Erythrocyte,57.81,48,91.8
CELL_47036,Leukocyte,47.79,17,81.0
CELL_75067,Fibroblast,51.81,23,71.45
CELL_76072,Stem Cell,101.7,46,50.13
CELL_95568,Neuron,101.32,13,57.9
CELL_92522,Fibroblast,66.74,48,75.08
CELL_51477,Epithelial,8.28,41,78.99
CELL_76831,Neuron,37.44,26,75.81
CELL_73280,Leukocyte,105.04,34,71.21
CELL_36104,Myocyte,97.39,30,55.59
CELL_84384,Neuron,35.36,15,98.93
CELL_10710,Stem Cell,92.87,41,67.55
CELL_18264,Fibroblast,72.58,45,97.17
CELL_41105,Fibroblast,117.98,28,89.32
CELL_34424,Epithelial,31.5,20,67.69
CELL_89377,Myocyte,110.0,17,65.31
CELL_95930,Erythrocyte,43.69,48,74.84
CELL_35192,Myocyte,80.67,19,73.72
CELL_81611,Epithelial,102.95,42,64.51
CELL_19571,Neuron,75.42,15,70.8
CELL_38754,Erythrocyte,50.97,44,96.9
CELL_83241,Epithelial,17.36,18,90.15
CELL_41995,Epithelial,107.89,35,53.78
CELL_70078,Myocyte,84.63,16,55.69
CELL_49637,Neuron,94.14,44,51.91
CELL_88841,Myocyte,74.46,42,89.78
CELL_36050,Erythrocyte,82.78,42,99.25
CELL_47215,Neuron,56.77,19,96.04
CELL_26405,Leukocyte,6.5,31,54.26
CELL_95001,Erythrocyte,9.59,30,87.32
CELL_90774,Leukocyte,56.02,23,74.62
CELL_11239,Erythrocyte,63.97,25,63.04
CELL_68167,Fibroblast,57.39,41,66.87
CELL_83617,Neuron,69.09,30,97.02
CELL_81985,Stem Cell,99.64,25,72.46
CELL_10431,Epithelial,22.66,34,83.62
CELL_59407,Leukocyte,87.05,34,64.64
CELL_84897,Epithelial,6.28,31,62.74
CELL_96973,Fibroblast,108.56,21,79.72
CELL_59169,Fibroblast,51.85,31,79.69
CELL_81065,Epithelial,114.32,39,77.63
CELL_91247,Stem Cell,27.45,24,86.94
CELL_49392,Neuron,81.12,15,80.7
CELL_59588,Erythrocyte,33.58,43,97.14
CELL_85704,Stem Cell,16.35,42,54.02
CELL_68786,Fibroblast,12.27,36,91.54
CELL_54792,Erythrocyte,65.25,28,80.09
CELL_96458,Stem Cell,98.92,35,70.26
CELL_73518,Erythrocyte,109.3,47,60.96
CELL_78643,Fibroblast,54.94,38,87.13
CELL_22333,Erythrocyte,93.01,14,81.77
CELL_64131,Neuron,75.0,35,55.37
CELL_27358,Neuron,49.65,8,77.06
CELL_28349,Leukocyte,82.88,12,56.15
CELL_62515,Stem Cell,28.04,21,62.59
CELL_16539,Myocyte,22.85,47,80.53
CELL_56150,Neuron,36.8,45,86.12
CELL_94785,Neuron,24.21,32,51.76
CELL_38087,Leukocyte,16.24,38,64.59
CELL_60269,Erythrocyte,76.45,43,93.51
CELL_18709,Myocyte,48.92,36,64.32
CELL_36693,Stem Cell,20.68,24,54.56
CELL_72609,Stem Cell,33.25,35,74.68
CELL_96618,Fibroblast,91.8,15,70.48
CELL_76527,Epithelial,28.56,19,97.51
CELL_80288,Leukocyte,36.11,6,87.24
CELL_53532,Myocyte,64.04,14,77.48
CELL_29352,Epithelial,14.24,8,87.05
CELL_38983,Leukocyte,96.97,46,70.91
CELL_52113,Stem Cell,15.28,18,91.17
CELL_97016,Fibroblast,86.13,48,92.82
CELL_19474,Leukocyte,87.91,30,84.13
CELL_41632,Neuron,82.19,43,99.3
CELL_19827,Neuron,9.46,30,72.2
CELL_91358,Fibroblast,52.54,11,94.09
CELL_61100,Stem Cell,64.23,41,50.64
CELL_15716,Fibroblast,62.29,46,61.91
CELL_98797,Epithelial,32.98,31,56.59
CELL_30384,Neuron,65.33,22,83.7
CELL_87990,Neuron,32.48,22,58.07
CELL_51674,Fibroblast,68.46,9,73.29
CELL_36057,Neuron,105.08,13,55.91
CELL_62466,Neuron,74.96,25,80.88
CELL_93541,Fibroblast,74.6,39,54.9
CELL_68392,Myocyte,17.55,43,77.95
CELL_40900,Stem Cell,50.55,42,59.37
CELL_93982,Myocyte,80.39,33,90.18
CELL_61529,Erythrocyte,52.24,40,62.18
CELL_10078,Neuron,27.66,33,89.45
CELL_90096,Fibroblast,19.73,7,52.25
CELL_91676,Fibroblast,13.49,13,90.07
CELL_30037,Epithelial,78.14,19,57.89
CELL_70651,Fibroblast,70.5,14,89.46
CELL_48449,Neuron,73.51,44,88.61
CELL_62635,Erythrocyte,39.46,22,74.63
CELL_84384,Fibroblast,12.83,7,65.3
CELL_30734,Stem Cell,17.28,6,69.25
CELL_61864,Neuron,35.21,26,58.83
CELL_96948,Stem Cell,87.94,42,56.65
CELL_42269,Leukocyte,58.51,10,65.9
CELL_46831,Fibroblast,48.71,9,97.51
CELL_73970,Epithelial,55.78,21,85.04
CELL_40074,Erythrocyte,101.31,9,59.44
CELL_87900,Erythrocyte,100.45,6,55.72
CELL_71916,Fibroblast,46.05,42,74.78
CELL_58488,Fibroblast,102.6,8,82.76
CELL_72814,Epithelial,66.8,24,69.22
CELL_71839,Erythrocyte,116.46,33,57.37
CELL_31074,Erythrocyte,8.73,12,65.62
CELL_83849,Leukocyte,62.8,35,62.98
CELL_51324,Myocyte,118.89,16,69.17
CELL_76878,Erythrocyte,109.09,9,77.49
CELL_23481,Epithelial,85.76,24,91.91
CELL_55768,Stem Cell,39.5,12,68.52
CELL_47197,Fibroblast,59.84,46,71.07
CELL_90725,Leukocyte,24.16,45,60.14
CELL_74360,Erythrocyte,10.23,24,89.39
CELL_90253,Leukocyte,75.32,23,53.98
CELL_63770,Epithelial,24.04,22,68.53
CELL_22047,Neuron,94.2,12,97.13
CELL_19784,Stem Cell,18.27,29,82.46
CELL_48081,Leukocyte,119.98,8,54.61
CELL_69393,Erythrocyte,94.28,37,61.76
CELL_77245,Myocyte,75.5,35,80.96
CELL_43826,Erythrocyte,102.05,24,94.37
CELL_60471,Leukocyte,44.19,29,68.13
CELL_70275,Leukocyte,50.52,10,90.73
CELL_80608,Myocyte,96.4,36,69.77
CELL_32691,Erythrocyte,9.97,25,56.76
CELL_16613,Neuron,114.39,13,90.83
CELL_83811,Leukocyte,99.2,22,73.36
CELL_18680,Epithelial,51.97,33,55.01
CELL_80641,Epithelial,54.71,36,66.81
CELL_39822,Neuron,47.37,18,96.31
CELL_30347,Leukocyte,19.71,47,82.22
CELL_51488,Myocyte,72.26,9,58.88
CELL_86385,Leukocyte,57.87,13,97.3
CELL_72946,Myocyte,106.66,22,75.73
CELL_17659,Erythrocyte,76.05,44,97.91
CELL_52109,Neuron,9.05,50,96.07
CELL_15262,Stem Cell,118.7,40,65.51
CELL_14912,Erythrocyte,56.46,47,81.4
CELL_95986,Epithelial,5.25,32,52.96
CELL_19368,Neuron,5.0,17,76.05
CELL_53163,Stem Cell,40.89,19,92.94
CELL_26862,Neuron,39.77,32,61.24
CELL_69477,Myocyte,86.51,47,97.3
CELL_61383,Fibroblast,14.85,30,81.02
CELL_16772,Leukocyte,35.64,46,71.85
CELL_19588,Leukocyte,107.34,28,52.56
CELL_69798,Neuron,49.85,22,54.62
CELL_41707,Fibroblast,79.59,31,65.54
CELL_69500,Erythrocyte,14.05,40,93.93
CELL_50530,Neuron,53.93,45,66.12
CELL_98565,Epithelial,79.95,6,53.23
CELL_52844,Epithelial,14.97,16,72.58
CELL_23476,Leukocyte,75.14,8,77.11
CELL_21702,Neuron,114.82,30,53.37
CELL_83306,Stem Cell,116.92,12,98.58
CELL_83600,Leukocyte,62.61,47,73.97
CELL_51513,Neuron,14.77,16,77.6
CELL_92680,Fibroblast,98.14,43,81.74
CELL_91194,Erythrocyte,85.85,47,57.28
CELL_86564,Stem Cell,14.56,12,72.83
CELL_26069,Fibroblast,102.7,7,56.88
CELL_49012,Leukocyte,90.24,36,57.81
CELL_97707,Fibroblast,17.5,46,85.44
CELL_52812,Myocyte,72.38,45,56.66
CELL_61685,Erythrocyte,98.52,32,77.25
CELL_95618,Myocyte,18.74,10,87.3
CELL_69077,Myocyte,46.0,9,63.18
CELL_30033,Leukocyte,97.75,33,81.15
CELL_76396,Epithelial,62.07,41,95.04
CELL_44077,Stem Cell,99.35,30,95.31
CELL_46115,Epithelial,76.07,24,58.74
CELL_84922,Stem Cell,58.81,35,90.85
CELL_67044,Neuron,108.44,39,92.46
CELL_16917,Myocyte,98.41,40,64.02
CELL_16384,Erythrocyte,102.07,8,62.33
CELL_21073,Fibroblast,116.81,30,53.42
CELL_46720,Epithelial,75.43,50,84.77
CELL_86263,Leukocyte,79.46,48,64.69
CELL_26676,Epithelial,95.08,36,83.24
CELL_97011,Myocyte,38.79,10,77.57
CELL_89912,Fibroblast,20.55,40,87.63
CELL_81758,Erythrocyte,22.22,39,91.22
CELL_31051,Erythrocyte,44.41,17,91.56
CELL_39081,Fibroblast,112.58,15,65.49
CELL_81895,Leukocyte,86.08,42,65.63
CELL_42427,Stem Cell,76.66,30,71.67
CELL_24245,Myocyte,6.68,21,81.99
CELL_41541,Neuron,64.34,11,62.89
CELL_73787,Neuron,115.67,48,76.95
CELL_93526,Fibroblast,66.39,14,55.29
CELL_43200,Myocyte,70.34,49,91.17
CELL_99353,Myocyte,85.03,29,54.85
CELL_10115,Myocyte,81.58,10,71.74
CELL_93457,Fibroblast,107.88,29,57.61
CELL_15310,Myocyte,73.86,8,52.77
CELL_41500,Leukocyte,103.87,11,50.34
CELL_54109,Stem Cell,40.05,24,89.98
CELL_31391,Epithelial,49.97,9,73.85
CELL_91359,Erythrocyte,80.7,6,76.23
CELL_89320,Erythrocyte,97.06,19,54.21
CELL_86373,Neuron,60.03,44,83.27
CELL_32258,Epithelial,20.36,28,78.85
CELL_28650,Erythrocyte,93.79,40,83.0
CELL_55962,Fibroblast,17.1,39,84.62
CELL_53309,Neuron,107.15,19,51.25
CELL_13027,Leukocyte,77.78,49,57.47
