cell_id,cell_type,diameter_um,organelle_count,viability_pct
CELL_26044,Epithelial,56.45,11,53.76
CELL_84397,Stem Cell,119.41,32,88.73
CELL_55712,Stem Cell,95.46,24,62.51
CELL_79652,Epithelial,72.83,37,88.67
CELL_79573,Myocyte,82.21,32,88.6
CELL_30831,Epithelial,69.8,47,97.83
CELL_50388,Leukocyte,103.98,31,91.7
CELL_72869,Neuron,23.64,41,54.62
CELL_73961,Myocyte,99.97,42,89.99
CELL_89617,Leukocyte,75.07,40,60.0
CELL_92792,Stem Cell,104.21,41,69.95
CELL_27567,Neuron,12.21,18,77.31
CELL_10418,Myocyte,117.7,43,54.93
CELL_19971,Leukocyte,51.59,42,62.34
CELL_33509,Epithelial,23.46,45,96.51
CELL_87628,Fibroblast,94.26,33,52.16
CELL_53439,Stem Cell,101.9,42,92.06
CELL_41242,Stem Cell,118.25,43,94.41
CELL_30441,Myocyte,21.1,35,66.96
CELL_55057,Epithelial,44.18,36,75.45
CELL_58825,Epithelial,103.23,47,81.44
CELL_57750,Stem Cell,116.56,29,86.65
CELL_26221,Stem Cell,40.67,40,78.38
CELL_61797,Stem Cell,84.23,48,95.78
CELL_92588,Epithelial,116.96,5,61.11
CELL_79786,Erythrocyte,79.23,35,76.19
CELL_35846,Erythrocyte,82.25,35,89.11
CELL_83264,Epithelial,87.66,33,98.4
CELL_87997,Neuron,63.39,20,81.37
CELL_18409,Myocyte,54.96,29,53.55
CELL_94677,Epithelial,82.31,36,65.04
CELL_79493,Myocyte,44.64,50,77.31
CELL_55349,Leukocyte,44.43,27,62.92
CELL_91978,Leukocyte,101.73,21,70.44
CELL_33432,Neuron,10.88,49,73.12
CELL_74583,Myocyte,68.16,47,58.78
CELL_90639,Fibroblast,104.29,22,93.36
CELL_70363,Fibroblast,91.54,6,55.4
CELL_39630,Neuron,115.99,25,92.58
CELL_19071,Fibroblast,99.4,46,77.64
CELL_15330,Neuron,107.8,34,76.87
CELL_28251,Leukocyte,59.6,30,89.05
CELL_53475,Fibroblast,31.97,40,89.44
CELL_10536,Myocyte,44.2,41,86.44
CELL_53860,Erythrocyte,23.3,29,84.63
CELL_35885,Neuron,119.4,29,72.85
CELL_89190,Leukocyte,109.46,15,90.5
CELL_26501,Myocyte,101.88,9,73.72
CELL_24871,Leukocyte,98.31,28,76.58
CELL_77741,Erythrocyte,51.8,14,73.31
CELL_67200,Myocyte,98.69,41,55.49
CELL_38734,Myocyte,31.48,26,60.82
CELL_36569,Stem Cell,51.01,31,85.61
CELL_97428,Myocyte,107.26,48,92.42
CELL_51320,Myocyte,110.26,30,95.99
CELL_72914,Erythrocyte,41.14,12,53.98
CELL_27814,Epithelial,113.7,40,90.85
CELL_11129,Leukocyte,11.89,37,64.88
CELL_91203,Epithelial,32.99,25,51.36
CELL_61155,Myocyte,59.28,6,94.59
CELL_72574,Myocyte,96.2,37,77.71
CELL_28889,Myocyte,77.8,5,51.69
CELL_66016,Stem Cell,51.29,12,68.49
CELL_52629,Myocyte,26.17,19,67.59
CELL_78327,Erythrocyte,76.15,37,75.78
CELL_98398,Neuron,114.75,22,88.2
CELL_76891,Neuron,109.36,31,64.77
CELL_97252,Erythrocyte,67.67,41,54.62
CELL_64872,Fibroblast,28.84,34,88.33
CELL_18683,Leukocyte,44.8,18,62.15
CELL_94739,Erythrocyte,20.02,30,88.63
CELL_88588,Fibroblast,35.6,5,96.48
CELL_56649,Neuron,50.46,38,78.32
CELL_15443,Myocyte,59.71,34,64.58
CELL_37240,Epithelial,85.07,12,50.32
CELL_37123,Myocyte,26.38,47,96.34
CELL_95910,Fibroblast,28.22,34,65.98
CELL_51656,Neuron,108.05,18,72.52
CELL_64367,Leukocyte,23.7,16,80.73
CELL_49062,Erythrocyte,108.59,29,75.62
CELL_25020,Myocyte,23.31,31,79.62
CELL_24403,Stem Cell,8.76,40,77.42
CELL_26438,Fibroblast,58.88,29,80.14
CELL_39557,Leukocyte,76.75,11,57.67
CELL_63641,Epithelial,46.05,15,90.55
CELL_91718,Stem Cell,105.43,11,67.42
CELL_85982,Fibroblast,13.63,26,67.5
CELL_69897,Epithelial,45.55,11,86.16
CELL_95233,Neuron,19.65,7,84.97
CELL_48332,Fibroblast,53.02,6,96.65
CELL_55055,Myocyte,17.21,36,85.26
CELL_27168,Myocyte,39.54,50,83.24
CELL_82560,Leukocyte,49.87,31,57.91
CELL_21573,Leukocyte,73.43,36,90.68
CELL_30441,Epithelial,14.55,7,72.17
CELL_62854,Leukocyte,53.98,6,57.21
CELL_70870,Erythrocyte,96.86,28,65.08
CELL_33312,Leukocyte,72.25,7,60.22
CELL_68151,Myocyte,10.35,32,94.97
CELL_52366,Erythrocyte,39.67,39,83.95
CELL_38364,Erythrocyte,94.04,26,89.56
CELL_41053,Epithelial,99.77,17,62.06
CELL_48950,Fibroblast,59.95,24,88.88
CELL_82046,Fibroblast,19.0,30,94.21
CELL_38837,Erythrocyte,101.88,27,75.22
CELL_30084,Epithelial,92.0,42,97.81
CELL_91708,Leukocyte,97.79,8,87.35
CELL_52172,Erythrocyte,89.43,10,79.36
CELL_89788,Erythrocyte,30.24,24,53.61
CELL_92322,Stem Cell,89.59,16,76.34
CELL_41435,Stem Cell,115.89,8,66.95
CELL_46184,Erythrocyte,25.09,43,58.68
CELL_34915,Leukocyte,93.63,16,75.91
CELL_66757,Epithelial,100.15,39,54.63
CELL_46758,Leukocyte,20.09,46,98.68
CELL_83126,Epithelial,26.16,43,94.19
CELL_40952,Erythrocyte,10.78,31,65.07
CELL_62107,Stem Cell,64.87,45,53.49
CELL_51100,Epithelial,51.49,7,77.33
CELL_93354,Fibroblast,15.53,50,94.17
CELL_71241,Stem Cell,84.76,22,84.87
CELL_83973,Fibroblast,48.63,19,62.81
CELL_67914,Erythrocyte,112.44,36,67.22
CELL_77141,Myocyte,10.02,7,80.48
CELL_28926,Neuron,77.75,45,92.36
CELL_27882,Epithelial,89.88,14,51.82
CELL_55791,Stem Cell,27.01,38,84.76
CELL_86846,Neuron,89.33,39,54.24
CELL_88221,Neuron,47.88,18,68.55
CELL_74782,Epithelial,80.52,11,51.69
CELL_66988,Stem Cell,91.97,9,71.56
CELL_94547,Leukocyte,87.98,5,87.52
CELL_78080,Fibroblast,11.97,18,66.29
CELL_28565,Epithelial,6.19,39,75.42
CELL_89361,Leukocyte,63.69,6,80.58
CELL_43204,Fibroblast,33.23,48,96.43
CELL_55409,Myocyte,102.12,6,75.07
CELL_35022,Leukocyte,91.17,9,56.86
CELL_47461,Fibroblast,22.98,36,72.93
CELL_42305,Erythrocyte,91.0,9,74.4
CELL_56348,Erythrocyte,83.36,14,57.96
CELL_13276,Myocyte,62.35,47,79.03
CELL_37541,Erythrocyte,81.21,9,52.03
CELL_47247,Leukocyte,24.58,38,73.34
CELL_59353,Erythrocyte,35.32,18,75.29
CELL_81970,Neuron,47.7,45,52.02
CELL_71728,Epithelial,117.59,21,61.24
CELL_95075,Fibroblast,89.53,15,90.32
CELL_41412,Stem Cell,91.63,45,90.5
CELL_24664,Stem Cell,109.92,42,60.42
CELL_81257,Myocyte,71.19,30,94.83
CELL_82977,Neuron,43.15,14,80.65
CELL_65208,Myocyte,19.68,20,82.81
CELL_55376,Leukocyte,93.19,19,85.08
CELL_33280,Stem Cell,61.37,5,62.12
CELL_96051,Leukocyte,109.23,41,99.49
CELL_54336,Leukocyte,58.04,8,62.67
CELL_12686,Neuron,10.89,46,64.53
CELL_67808,Stem Cell,51.98,29,82.81
CELL_48041,Stem Cell,116.66,38,75.45
CELL_40887,Erythrocyte,18.4,40,66.83
CELL_18018,Epithelial,79.99,19,88.59
CELL_50051,Myocyte,119.06,26,52.91
CELL_30884,Fibroblast,20.16,9,53.4
CELL_78099,Epithelial,90.15,24,68.82
CELL_92948,Erythrocyte,10.57,19,78.83
CELL_99157,Neuron,29.22,22,56.46
CELL_74010,Neuron,117.0,35,89.66
CELL_39981,Epithelial,107.9,17,82.22
CELL_88947,Fibroblast,5.04,40,92.19
CELL_39182,Erythrocyte,32.49,32,67.91
CELL_13741,Epithelial,69.27,24,90.84
CELL_84854,Stem Cell,10.55,23,71.28
CELL_92857,Erythrocyte,18.4,42,80.42
CELL_30701,Epithelial,71.75,10,84.74
CELL_62660,Epithelial,77.27,10,81.62
CELL_35834,Epithelial,40.7,5,82.71
CELL_67692,Stem Cell,24.05,48,60.93
CELL_18959,Myocyte,6.18,42,65.33
CELL_17110,Stem Cell,119.54,23,71.95
CELL_38368,Leukocyte,53.39,39,72.36
CELL_44158,Leukocyte,85.32,20,79.16
CELL_46828,Leukocyte,93.37,5,82.48
CELL_84212,Leukocyte,6.54,31,52.83
CELL_63968,Fibroblast,18.14,13,92.62
CELL_32264,Fibroblast,109.6,39,73.07
CELL_98966,Leukocyte,86.08,24,79.21
CELL_90891,Epithelial,102.71,9,63.67
CELL_95029,Stem Cell,9.46,9,74.63
CELL_28264,Fibroblast,102.16,13,90.9
CELL_23815,Leukocyte,6.01,29,58.38
CELL_76076,Fibroblast,12.22,43,97.65
CELL_16574,Leukocyte,53.23,40,70.08
CELL_20677,Leukocyte,81.92,6,60.33
CELL_86134,Erythrocyte,37.98,18,66.38
CELL_57002,Leukocyte,53.9,30,78.13
CELL_88086,Myocyte,57.88,7,59.76
CELL_35321,Neuron,28.59,50,81.01
CELL_12025,Leukocyte,76.29,41,98.14
CELL_38454,Stem Cell,15.23,48,66.68
CELL_63824,Epithelial,16.79,49,75.17
CELL_68312,Fibroblast,21.59,31,98.97
CELL_16728,Stem Cell,95.09,21,66.52
CELL_33286,Epithelial,39.41,15,82.52
CELL_94117,Fibroblast,71.61,7,96.12
CELL_48944,Stem Cell,74.24,11,66.73
CELL_87117,Myocyte,22.59,44,84.75
CELL_77134,Epithelial,27.65,17,65.76
CELL_89227,Leukocyte,85.58,41,56.55
CELL_58120,Myocyte,92.81,12,55.99
CELL_86988,Erythrocyte,48.41,20,88.38
CELL_68257,Neuron,17.73,11,72.83
CELL_34871,Leukocyte,82.0,29,72.74
CELL_35261,Neuron,90.13,42,53.86
CELL_52550,Epithelial,58.82,18,62.5
CELL_32475,Epithelial,113.08,23,64.44
CELL_16267,Stem Cell,64.94,39,67.64
CELL_91809,Fibroblast,67.91,23,59.28
CELL_28414,Stem Cell,6.61,43,92.3
CELL_84454,Myocyte,21.06,6,94.11
CELL_93946,Fibroblast,60.4,20,94.86
CELL_76691,Myocyte,22.82,6,93.13
CELL_67856,Myocyte,28.93,35,95.61
CELL_21100,Neuron,33.69,50,52.57
CELL_15602,Neuron,106.41,15,89.7
CELL_61025,Epithelial,107.38,12,93.3
CELL_14428,Stem Cell,81.08,37,98.01
CELL_62092,Fibroblast,30.88,16,95.48
CELL_76772,Stem Cell,17.15,38,90.09
CELL_47516,Neuron,114.98,44,56.43
CELL_53497,Neuron,77.37,37,62.1
CELL_57171,Epithelial,57.19,8,75.13
CELL_66137,Leukocyte,67.62,29,93.23
CELL_29210,Leukocyte,26.74,15,70.13
CELL_83795,Erythrocyte,93.23,37,53.17
CELL_70334,Myocyte,91.08,45,58.03
CELL_42372,Erythrocyte,67.7,22,93.54
CELL_45182,Fibroblast,33.72,8,76.87
CELL_57018,Epithelial,91.61,44,62.55
CELL_88852,Fibroblast,75.63,34,70.16
CELL_23768,Erythrocyte,5.77,28,55.57
CELL_32796,Epithelial,64.47,33,96.86
CELL_29675,Neuron,41.41,7,92.59
CELL_73782,Fibroblast,83.66,10,88.15
CELL_82925,Epithelial,34.83,36,74.85
CELL_99758,Erythrocyte,98.27,5,74.76
CELL_18722,Neuron,49.93,16,62.68
CELL_18360,Leukocyte,58.94,46,52.69
CELL_46484,Leukocyte,19.31,15,67.18
CELL_99327,Leukocyte,55.61,11,87.7
CELL_10702,Fibroblast,70.67,44,95.88
CELL_94083,Epithelial,26.76,43,95.29
CELL_70858,Stem Cell,16.47,33,84.44
CELL_44653,Myocyte,9.57,14,64.87
CELL_71025,Epithelial,85.43,29,99.75
CELL_37112,Neuron,104.8,47,84.45
CELL_81121,Epithelial,76.54,24,82.2
CELL_94482,Stem Cell,15.66,27,58.82
CELL_75288,Erythrocyte,43.32,7,87.14
CELL_63959,Stem Cell,91.05,38,79.97
CELL_13980,Neuron,41.83,48,71.56
CELL_91825,Leukocyte,108.09,48,63.76
CELL_74354,Stem Cell,88.1,38,74.44
CELL_87929,Erythrocyte,19.13,16,76.84
CELL_81791,Leukocyte,42.1,29,72.45
CELL_45499,Neuron,60.45,43,94.1
CELL_38722,Erythrocyte,80.58,36,83.64
CELL_13058,Fibroblast,86.35,10,71.13
CELL_72862,Neuron,18.15,49,58.9
CELL_16743,Neuron,111.34,17,74.51
CELL_31106,Fibroblast,57.43,33,91.05
CELL_40777,Myocyte,34.01,45,68.01
CELL_53237,Epithelial,33.23,34,81.82
CELL_77900,Myocyte,24.03,21,66.62
CELL_75232,Epithelial,118.5,36,88.78
CELL_27464,Fibroblast,37.72,19,57.44
CELL_64002,Erythrocyte,41.32,14,95.06
CELL_24605,Stem Cell,79.35,5,81.71
CELL_46533,Neuron,33.45,34,68.38
CELL_88512,Myocyte,97.86,6,74.55
CELL_96009,Epithelial,79.01,16,96.07
CELL_55546,Stem Cell,75.55,18,83.67
CELL_82533,Erythrocyte,86.59,39,54.62
CELL_94398,Epithelial,91.8,49,57.18
CELL_46861,Erythrocyte,115.25,17,85.98
CELL_75324,Erythrocyte,69.08,17,91.01
CELL_20726,Neuron,89.27,27,77.75
CELL_70652,Neuron,81.68,23,69.55
CELL_75565,Erythrocyte,101.28,25,62.85
CELL_50558,Stem Cell,105.66,45,83.82
CELL_19350,Fibroblast,46.94,23,75.16
CELL_30133,Stem Cell,25.62,45,69.15
CELL_62008,Erythrocyte,24.89,17,57.37
CELL_93168,Neuron,97.51,8,93.18
CELL_52559,Fibroblast,34.25,22,69.89
CELL_10560,Neuron,56.92,10,84.57
CELL_84538,Myocyte,39.72,45,50.31
CELL_13049,Leukocyte,71.0,9,65.07
CELL_15705,Fibroblast,35.55,33,61.77
CELL_32543,Fibroblast,21.75,23,53.27
CELL_72448,Leukocyte,21.05,23,92.24
CELL_53617,Leukocyte,32.1,38,86.2
CELL_78624,Erythrocyte,9.31,21,63.71
CELL_39222,Myocyte,84.59,15,96.17
CELL_64662,Leukocyte,109.1,43,87.34
CELL_46255,Myocyte,95.16,17,89.2
CELL_46173,Leukocyte,52.96,20,86.45
CELL_69720,Stem Cell,60.75,22,56.85
CELL_41554,Stem Cell,74.0,14,69.8
CELL_68505,Epithelial,69.0,10,55.77
CELL_82308,Epithelial,64.78,43,91.97
CELL_91888,Neuron,85.68,50,83.53
CELL_79971,Stem Cell,37.02,34,76.47
CELL_75788,Stem Cell,27.77,35,85.89
CELL_55018,Stem Cell,8.11,6,99.98
CELL_98645,Neuron,116.54,44,76.54
CELL_14803,Neuron,104.34,24,54.53
CELL_70607,Stem Cell,113.03,12,55.76
CELL_70600,Leukocyte,39.19,26,71.23
CELL_13530,Erythrocyte,18.26,29,94.78
CELL_53080,Epithelial,92.64,43,65.46
CELL_56290,Myocyte,94.66,48,99.41
CELL_43745,Fibroblast,118.91,27,68.21
CELL_59951,Neuron,37.73,36,75.57
CELL_92856,Neuron,57.44,21,63.46
CELL_24214,Neuron,86.14,15,85.08
CELL_70962,Stem Cell,6.95,34,60.29
CELL_88811,Erythrocyte,110.56,45,53.9
CELL_29734,Myocyte,84.51,42,90.33
CELL_13735,Stem Cell,29.4,40,83.36
CELL_97351,Neuron,10.03,35,61.08
CELL_37994,Epithelial,60.29,47,60.82
CELL_37718,Neuron,31.15,19,91.89
CELL_60654,Epithelial,29.06,10,61.73
CELL_76038,Leukocyte,78.92,31,95.35
CELL_21771,Leukocyte,57.21,10,54.51
CELL_10528,Myocyte,76.63,28,76.88
CELL_16395,Myocyte,23.44,7,81.59
CELL_73283,Stem Cell,72.19,29,52.74
CELL_13342,Myocyte,45.53,9,94.1
CELL_19309,Leukocyte,11.61,17,80.57
CELL_97579,Erythrocyte,32.36,20,63.44
CELL_11651,Myocyte,60.41,23,92.27
CELL_51853,Leukocyte,83.4,6,58.67
CELL_96574,Leukocyte,117.56,21,52.07
CELL_63545,Fibroblast,67.23,18,72.56
CELL_26434,Leukocyte,111.53,10,96.33
CELL_41049,Myocyte,65.6,36,70.27
CELL_11898,Neuron,58.9,24,52.1
CELL_92336,Leukocyte,60.16,8,75.89
CELL_65873,Myocyte,100.83,38,94.02
CELL_46318,Myocyte,110.31,28,91.93
CELL_88554,Erythrocyte,103.63,26,52.87
CELL_36125,Neuron,24.98,29,56.49
CELL_91424,Neuron,67.14,12,72.34
CELL_26024,Myocyte,17.08,25,90.68
CELL_97715,Neuron,39.82,31,61.01
CELL_99310,Epithelial,5.81,7,54.01
CELL_11391,Epithelial,59.55,7,95.52
CELL_48938,Stem Cell,15.78,36,83.6
CELL_32584,Epithelial,63.23,24,97.66
CELL_51450,Neuron,109.68,6,59.48
CELL_97018,Neuron,15.84,46,99.64
CELL_92594,Leukocyte,112.92,47,82.91
CELL_17227,Stem Cell,28.74,24,81.78
CELL_93043,Erythrocyte,33.76,45,83.72
CELL_44731,Neuron,62.43,48,84.8
CELL_52750,Stem Cell,18.9,34,83.36
CELL_81477,Leukocyte,20.07,16,62.39
CELL_30605,Neuron,72.55,47,85.1
CELL_98890,Fibroblast,89.27,38,75.7
CELL_34055,Stem Cell,81.44,37,67.65
CELL_57989,Fibroblast,86.23,38,82.52
CELL_29918,Myocyte,107.16,45,58.1
CELL_91602,Stem Cell,12.5,43,74.26
CELL_19564,Erythrocyte,60.22,28,88.13
CELL_33125,Stem Cell,34.59,44,50.6
CELL_82465,Leukocyte,108.47,42,94.76
CELL_71811,Fibroblast,119.7,12,64.55
CELL_68605,Epithelial,92.74,12,96.68
CELL_42638,Erythrocyte,95.83,34,82.96
CELL_22347,Myocyte,73.66,40,78.06
CELL_17974,Fibroblast,108.93,34,87.66
CELL_25481,Leukocyte,77.96,23,65.77
CELL_75202,Leukocyte,80.59,37,75.03
CELL_81949,Neuron,72.59,38,97.69
CELL_11882,Stem Cell,40.3,21,68.39
CELL_24032,Leukocyte,106.24,15,96.94
CELL_27291,Stem Cell,9.82,21,95.86
CELL_87467,Erythrocyte,59.82,21,99.45
CELL_36401,Erythrocyte,83.3,5,55.51
CELL_52224,Leukocyte,28.64,11,50.36
CELL_25562,Stem Cell,82.52,22,71.0
CELL_72554,Erythrocyte,96.61,37,56.97
CELL_39675,Erythrocyte,81.97,14,78.87
CELL_56553,Fibroblast,70.74,41,74.83
CELL_87453,Neuron,15.14,20,89.2
CELL_96837,Neuron,9.12,15,95.8
CELL_46213,Stem Cell,47.98,49,60.0
CELL_51915,Stem Cell,118.07,16,60.11
CELL_92088,Fibroblast,22.9,44,60.4
CELL_55708,Fibroblast,80.87,29,58.37
CELL_87065,Myocyte,19.27,38,58.81
CELL_25011,Erythrocyte,32.66,17,99.17
CELL_92961,Epithelial,78.03,34,86.92
CELL_22227,Erythrocyte,30.88,21,82.95
CELL_88060,Epithelial,118.1,7,70.51
CELL_83085,Erythrocyte,43.36,39,72.48
CELL_48241,Neuron,68.46,40,50.17
CELL_58600,Leukocyte,80.18,26,92.26
CELL_52807,Fibroblast,98.66,24,86.32
CELL_20189,Epithelial,104.24,5,97.52
CELL_56477,Neuron,14.36,14,76.13
CELL_64873,Myocyte,86.36,50,77.18
CELL_75476,Epithelial,69.26,39,64.33
CELL_31427,Neuron,15.14,18,80.28
CELL_77116,Neuron,45.81,28,51.2
CELL_98947,Stem Cell,15.46,16,60.03
CELL_15108,Myocyte,14.7,32,90.44
CELL_27584,Stem Cell,35.47,15,54.65
CELL_67598,Neuron,111.35,38,72.19
CELL_10176,Fibroblast,51.1,47,62.96
CELL_51310,Myocyte,66.92,7,87.17
CELL_13296,Neuron,103.27,35,59.34
CELL_87643,Epithelial,84.86,28,55.33
CELL_37076,Fibroblast,71.62,28,60.25
CELL_56443,Leukocyte,22.8,10,70.91
CELL_15562,Stem Cell,28.51,30,82.44
CELL_28992,Erythrocyte,117.48,44,69.0
CELL_91147,Stem Cell,45.94,32,86.96
CELL_31450,Myocyte,100.17,24,87.58
CELL_27160,Erythrocyte,74.0,22,91.52
CELL_65943,Neuron,112.26,17,59.14
CELL_32889,Neuron,96.48,17,99.94
CELL_68293,Leukocyte,30.96,43,71.02
CELL_44220,Fibroblast,26.7,5,65.73
CELL_84117,Erythrocyte,110.2,50,90.42
CELL_51539,Myocyte,50.69,24,58.35
CELL_75954,Erythrocyte,80.39,14,53.88
CELL_83200,Myocyte,36.91,9,77.18
CELL_14085,Neuron,34.25,23,53.64
CELL_36971,Epithelial,48.84,26,59.55
CELL_62470,Myocyte,7.72,14,59.54
CELL_89726,Stem Cell,56.63,40,74.62
CELL_66197,Myocyte,17.21,17,81.46
CELL_86811,Neuron,40.73,32,83.29
CELL_46610,Neuron,41.81,24,69.86
CELL_23231,Erythrocyte,62.4,41,54.65
CELL_14738,Epithelial,43.44,41,62.06
CELL_69573,Neuron,70.1,49,76.41
CELL_94149,Neuron,45.98,30,88.43
CELL_67581,Myocyte,57.72,32,85.93
CELL_65116,Neuron,67.67,22,91.83
CELL_85754,Neuron,15.05,25,90.2
CELL_42204,Fibroblast,26.86,5,96.35
CELL_32673,Neuron,42.53,8,83.19
CELL_72367,Neuron,61.89,38,69.05
CELL_44494,Erythrocyte,13.4,44,76.49
CELL_31639,Neuron,21.33,19,66.9
CELL_17891,Stem Cell,17.31,26,58.45
CELL_75107,Erythrocyte,70.2,9,65.76
CELL_98269,Neuron,16.98,45,61.61
CELL_43872,Stem Cell,56.47,7,51.63
CELL_17496,Leukocyte,116.78,16,78.49
CELL_79247,Erythrocyte,27.33,48,71.14
CELL_96356,Stem Cell,112.84,9,84.44
CELL_34944,Epithelial,103.19,6,93.46
CELL_57402,Erythrocyte,50.13,22,81.47
CELL_21432,Leukocyte,74.84,15,61.41
CELL_19312,Myocyte,6.78,50,78.65
CELL_85771,Erythrocyte,56.1,9,76.59
CELL_16052,Neuron,50.21,25,71.93
CELL_38883,Neuron,111.25,29,66.75
CELL_80001,Epithelial,101.72,44,89.09
CELL_51739,Leukocyte,34.6,15,64.73
CELL_64580,Leukocyte,30.07,22,67.14
CELL_71327,Stem Cell,42.17,19,51.24
CELL_61508,Stem Cell,85.32,11,68.34
CELL_53789,Epithelial,108.03,10,63.39
CELL_79113,Leukocyte,48.69,41,99.13
CELL_60976,Erythrocyte,108.76,37,69.52
CELL_81259,Leukocyte,94.23,28,96.56
CELL_61799,Fibroblast,69.29,48,92.53
CELL_87882,Stem Cell,42.84,50,83.03
CELL_76218,Erythrocyte,52.91,6,50.52
CELL_69073,Stem Cell,59.07,28,58.43
CELL_58235,Erythrocyte,13.88,44,85.73
CELL_38268,Epithelial,55.31,42,98.25
CELL_37558,Myocyte,7.49,44,52.2
CELL_63659,Neuron,57.01,14,64.57
CELL_27955,Erythrocyte,23.32,25,94.29
CELL_71437,Erythrocyte,56.36,26,81.21
CELL_15690,Epithelial,25.78,19,88.62
CELL_59043,Fibroblast,20.07,12,99.09
CELL_56757,Stem Cell,11.51,39,67.04
CELL_53196,Stem Cell,64.58,37,81.07
CELL_83453,Myocyte,33.52,40,58.28
CELL_56320,Leukocyte,30.24,50,51.13
CELL_13470,Fibroblast,63.0,32,65.39
CELL_99982,Fibroblast,89.32,34,53.68
CELL_78059,Stem Cell,80.78,40,58.89
CELL_80366,Fibroblast,92.04,46,71.71
CELL_40642,Stem Cell,9.43,24,80.28
CELL_46082,Fibroblast,111.08,50,74.45
CELL_27544,Stem Cell,77.83,40,94.3
CELL_52820,Stem Cell,96.99,16,97.6
CELL_58696,Erythrocyte,109.4,37,54.79
CELL_81322,Epithelial,7.84,32,86.05
CELL_17185,Erythrocyte,102.51,13,53.33
CELL_77497,Neuron,64.6,49,57.91
CELL_82223,Leukocyte,74.8,11,64.6
CELL_73102,Erythrocyte,91.91,29,99.21
CELL_85655,Erythrocyte,58.38,33,52.65
CELL_29900,Leukocyte,13.63,41,59.92
CELL_20648,Epithelial,116.32,23,72.8
CELL_95776,Leukocyte,83.0,25,73.49
CELL_94622,Leukocyte,72.88,11,54.1
CELL_80264,Leukocyte,102.73,7,72.05
CELL_62607,Erythrocyte,99.66,18,67.13
CELL_16126,Fibroblast,37.87,9,91.28
CELL_17323,Epithelial,44.73,30,73.11
CELL_92036,Stem Cell,57.09,16,57.83
CELL_14970,Myocyte,32.68,20,75.18
CELL_81566,Neuron,113.61,41,79.11
CELL_37700,Neuron,103.33,32,52.65
CELL_87832,Neuron,103.27,43,68.78
CELL_84417,Fibroblast,30.44,20,58.39
CELL_13413,Fibroblast,62.41,15,66.01
CELL_14075,Myocyte,80.6,21,78.85
CELL_17540,Erythrocyte,55.47,15,92.58
CELL_45137,Myocyte,39.34,42,74.78
CELL_44342,Neuron,65.95,28,99.43
CELL_37617,Neuron,52.22,46,93.66
CELL_62209,Myocyte,64.33,34,54.63
CELL_61845,Epithelial,99.04,36,72.9
CELL_98883,Myocyte,15.93,22,51.57
CELL_54321,Epithelial,32.75,27,70.83
CELL_98710,Stem Cell,31.68,46,69.6
CELL_33487,Myocyte,12.15,5,96.06
CELL_52742,Stem Cell,55.38,10,51.71
CELL_90752,Myocyte,23.2,27,79.18
CELL_67701,Fibroblast,17.46,49,82.77
CELL_17111,Epithelial,64.88,22,78.85
CELL_49853,Stem Cell,41.39,34,87.9
CELL_87826,Epithelial,48.76,34,86.1
CELL_70816,Neuron,105.84,47,55.29
CELL_23208,Epithelial,117.24,15,97.74
CELL_18842,Myocyte,51.55,30,93.0
CELL_48339,Stem Cell,81.5,47,70.89
CELL_78530,Neuron,56.79,11,60.54
CELL_60177,Epithelial,102.14,25,92.95
CELL_98714,Stem Cell,25.08,19,72.98
CELL_15737,Neuron,53.1,35,68.68
CELL_26606,Leukocyte,56.3,32,52.24
CELL_39128,Leukocyte,77.73,46,67.67
CELL_68723,Fibroblast,29.65,44,71.15
CELL_80232,Leukocyte,72.81,16,59.32
CELL_65150,Neuron,76.34,35,90.39
CELL_80277,Epithelial,102.0,40,55.39
CELL_52891,Erythrocyte,83.18,39,73.02
CELL_55869,Erythrocyte,15.55,16,95.18
CELL_85652,Myocyte,110.24,14,84.69
CELL_71200,Neuron,47.01,15,61.7
CELL_77003,Myocyte,62.71,21,92.18
CELL_60965,Fibroblast,35.77,20,84.56
CELL_42642,Stem Cell,96.82,10,57.28
CELL_75112,Neuron,101.26,43,81.77
CELL_90232,Leukocyte,116.28,42,79.44
CELL_42604,Leukocyte,65.29,24,60.02
CELL_17032,Fibroblast,60.56,48,78.16
CELL_30931,Stem Cell,74.08,42,56.81
CELL_21543,Epithelial,109.12,9,65.85
CELL_19142,Fibroblast,73.39,24,83.03
CELL_80875,Neuron,101.65,34,65.63
CELL_77690,Myocyte,44.97,39,72.08
CELL_35357,Erythrocyte,67.37,11,65.49
CELL_40531,Fibroblast,8.16,47,99.47
CELL_42748,Erythrocyte,66.63,14,95.32
CELL_59100,Stem Cell,63.39,22,79.82
CELL_24973,Erythrocyte,55.68,15,92.8
CELL_42282,Fibroblast,85.31,47,78.64
CELL_48276,Stem Cell,6.14,19,83.22
CELL_44142,Neuron,25.4,41,58.81
CELL_63189,Epithelial,48.57,11,60.14
CELL_26111,Leukocyte,9.36,40,94.63
CELL_26865,Neuron,92.19,40,64.92
CELL_23511,Epithelial,42.1,24,60.04
CELL_65492,Stem Cell,61.68,43,56.06
CELL_47860,Epithelial,105.84,35,59.21
CELL_40408,Epithelial,48.56,8,65.01
CELL_20446,Epithelial,6.15,27,50.32
CELL_18171,Stem Cell,111.09,27,83.49
CELL_86385,Neuron,64.03,15,82.23
CELL_66514,Fibroblast,28.4,13,78.4
CELL_33872,Leukocyte,22.77,38,76.38
CELL_50210,Leukocyte,104.89,38,66.94
CELL_87934,Stem Cell,53.48,17,91.58
CELL_73265,Epithelial,94.86,44,58.59
CELL_12302,Erythrocyte,58.3,46,93.66
CELL_93001,Neuron,62.59,13,79.09
CELL_42372,Neuron,65.89,35,93.03
CELL_35310,Fibroblast,109.45,26,54.16
CELL_45346,Stem Cell,110.84,35,57.37
CELL_84035,Epithelial,28.74,48,80.1
CELL_87820,Fibroblast,33.53,26,97.5
CELL_77350,Fibroblast,26.47,38,75.12
CELL_97993,Neuron,81.07,17,88.94
CELL_91798,Stem Cell,64.68,47,91.26
CELL_92901,Stem Cell,58.88,45,51.64
CELL_17942,Epithelial,90.01,21,67.29
CELL_85046,Leukocyte,110.71,37,71.58
CELL_61667,Neuron,18.57,11,97.88
CELL_30257,Epithelial,96.64,35,96.43
CELL_93832,Myocyte,35.37,40,69.9
CELL_95536,Stem Cell,19.93,23,76.09
CELL_10456,Erythrocyte,82.03,8,58.23
CELL_42460,Neuron,111.43,27,84.13
CELL_46622,Stem Cell,59.11,20,92.07
CELL_45506,Epithelial,119.61,8,61.39
CELL_56289,Epithelial,9.68,31,79.52
CELL_43903,Erythrocyte,44.09,37,99.71
CELL_46752,Myocyte,62.49,17,76.1
CELL_65291,Stem Cell,100.83,28,80.54
CELL_42200,Epithelial,52.61,48,53.64
CELL_72467,Epithelial,61.0,33,88.91
CELL_95012,Epithelial,80.76,10,69.26
CELL_32811,Neuron,78.13,15,82.37
CELL_18895,Stem Cell,116.69,28,77.81
CELL_81923,Leukocyte,80.74,12,76.65
CELL_77104,Epithelial,103.94,27,83.51
CELL_91300,Erythrocyte,71.96,33,68.81
CELL_48513,Neuron,108.48,49,55.91
CELL_70888,Neuron,58.7,34,65.19
CELL_82171,Erythrocyte,106.81,15,71.65
CELL_78007,Neuron,83.52,35,53.72
CELL_23176,Fibroblast,79.83,26,91.44
CELL_31961,Epithelial,34.42,8,97.47
CELL_60774,Leukocyte,19.82,49,54.1
CELL_91530,Myocyte,65.06,15,60.18
CELL_71988,Stem Cell,114.81,8,80.86
CELL_14476,Erythrocyte,68.39,16,94.36
CELL_73030,Erythrocyte,19.87,49,94.07
CELL_53954,Myocyte,23.59,32,83.95
CELL_66537,Myocyte,81.66,42,88.75
CELL_55839,Neuron,94.73,20,84.58
CELL_70967,Leukocyte,80.75,17,59.04
CELL_50789,Erythrocyte,30.83,9,51.7
CELL_27244,Neuron,79.12,48,89.11
CELL_65760,Myocyte,108.88,30,81.67
CELL_46703,Epithelial,71.97,36,59.06
CELL_53000,Myocyte,115.16,38,57.75
CELL_50518,Fibroblast,48.41,8,83.25
CELL_52315,Erythrocyte,74.94,38,80.93
CELL_50117,Erythrocyte,87.72,23,74.72
CELL_50444,Myocyte,7.25,10,62.21
CELL_89759,Fibroblast,9.81,43,97.02
CELL_50900,Neuron,105.72,20,73.0
CELL_69872,Fibroblast,15.26,19,56.93
CELL_13535,Leukocyte,36.33,36,73.0
CELL_61594,Myocyte,104.45,7,77.22
CELL_43399,Fibroblast,108.66,11,89.4
CELL_92425,Leukocyte,66.31,45,95.53
CELL_75840,Stem Cell,63.74,35,91.97
CELL_23769,Neuron,9.86,47,66.64
CELL_92600,Fibroblast,73.11,44,94.5
CELL_34391,Myocyte,70.35,33,87.39
CELL_24164,Leukocyte,38.14,19,70.5
CELL_29459,Fibroblast,41.32,40,73.44
CELL_38825,Neuron,15.42,17,72.2
CELL_76138,Erythrocyte,115.34,6,79.59
CELL_90398,Myocyte,48.22,20,61.35
CELL_96723,Leukocyte,99.23,18,51.96
CELL_66129,Erythrocyte,96.77,23,57.51
CELL_45355,Epithelial,34.55,32,95.07
CELL_45761,Fibroblast,65.96,21,96.99
CELL_21425,Neuron,103.63,27,51.27
CELL_91740,Erythrocyte,16.41,50,97.27
CELL_86813,Epithelial,57.28,46,91.01
CELL_43442,Fibroblast,34.8,45,95.83
CELL_15382,Leukocyte,53.79,44,95.58
CELL_30105,Erythrocyte,108.3,22,91.63
CELL_69349,Neuron,60.77,48,91.29
CELL_27692,Neuron,73.1,29,56.63
CELL_48051,Erythrocyte,112.29,12,87.39
CELL_36332,Myocyte,16.98,32,68.36
CELL_90008,Epithelial,44.74,7,93.81
CELL_87104,Stem Cell,8.63,44,74.39
CELL_88156,Leukocyte,30.03,47,80.52
CELL_22771,Myocyte,111.81,18,63.8
CELL_32869,Erythrocyte,19.06,22,57.51
CELL_39976,Erythrocyte,25.96,5,63.02
CELL_74564,Myocyte,8.45,32,81.04
CELL_83736,Myocyte,57.17,35,66.01
CELL_64964,Erythrocyte,82.41,23,98.15
CELL_12480,Stem Cell,102.14,34,73.24
CELL_34737,Neuron,8.52,25,91.75
CELL_87077,Erythrocyte,68.92,41,63.05
CELL_54700,Stem Cell,78.15,22,71.68
CELL_18759,Neuron,10.01,22,92.34
CELL_86330,Fibroblast,34.36,10,97.49
CELL_86866,Epithelial,43.72,5,50.85
CELL_89830,Epithelial,42.39,8,92.59
CELL_65854,Epithelial,92.26,10,72.59
CELL_13747,Neuron,28.98,40,86.33
CELL_84435,Myocyte,73.6,17,87.92
CELL_57403,Myocyte,86.36,20,61.71
CELL_91266,Stem Cell,58.11,46,58.25
CELL_30315,Neuron,8.61,16,75.93
CELL_52245,Epithelial,52.01,43,72.83
CELL_45223,Epithelial,28.0,31,68.38
CELL_98442,Erythrocyte,76.62,21,99.95
CELL_91931,Leukocyte,51.12,46,85.78
CELL_20215,Fibroblast,34.36,18,75.43
CELL_17881,Fibroblast,48.53,19,77.12
CELL_98098,Stem Cell,83.86,33,89.74
CELL_92497,Myocyte,89.62,7,56.28
CELL_30993,Myocyte,102.27,5,57.85
CELL_63310,Neuron,77.86,15,63.17
CELL_55677,Erythrocyte,31.27,46,84.81
CELL_37716,Stem Cell,6.21,17,62.43
CELL_36892,Stem Cell,98.07,16,99.29
CELL_41489,Myocyte,53.7,22,82.14
CELL_50596,Neuron,79.05,31,73.32
CELL_22362,Leukocyte,119.09,46,84.17
CELL_25720,Leukocyte,16.03,17,88.51
CELL_36616,Epithelial,46.64,22,63.61
CELL_25071,Stem Cell,85.57,31,80.98
CELL_43521,Erythrocyte,64.99,18,70.75
CELL_35047,Erythrocyte,42.79,14,89.65
CELL_42174,Stem Cell,79.4,30,62.24
CELL_51734,Stem Cell,42.48,30,92.25
CELL_41195,Neuron,60.38,39,52.34
CELL_57394,Epithelial,19.53,34,52.43
CELL_36520,Myocyte,49.59,45,90.88
CELL_88764,Leukocyte,109.27,17,52.17
CELL_66109,Epithelial,98.25,24,62.37
CELL_47842,Stem Cell,90.22,10,79.87
CELL_38922,Neuron,24.54,35,71.79
CELL_83300,Neuron,45.12,50,76.33
CELL_74143,Leukocyte,37.74,32,55.74
CELL_53550,Leukocyte,58.54,50,62.27
CELL_98976,Erythrocyte,95.92,12,71.52
CELL_57077,Fibroblast,90.42,45,60.82
CELL_87368,Epithelial,33.73,13,51.61
CELL_17117,Erythrocyte,117.7,12,63.42
CELL_27840,Epithelial,90.14,23,79.78
CELL_48288,Fibroblast,92.81,14,54.52
CELL_65490,Erythrocyte,95.29,49,63.08
CELL_49031,Leukocyte,62.37,42,99.29
CELL_25103,Epithelial,36.23,26,97.4
CELL_87058,Leukocyte,53.73,31,60.98
CELL_74511,Stem Cell,104.85,32,75.41
CELL_62821,Leukocyte,11.11,27,70.46
CELL_47713,Neuron,103.84,43,56.16
CELL_31890,Myocyte,90.67,21,93.97
CELL_92318,Stem Cell,66.93,40,87.09
CELL_67386,Stem Cell,86.66,33,78.18
CELL_13391,Leukocyte,117.02,10,97.67
CELL_42975,Epithelial,6.21,49,79.59
CELL_42916,Leukocyte,108.39,40,57.51
CELL_43997,Stem Cell,42.71,45,90.62
CELL_85212,Myocyte,100.31,25,62.56
CELL_52095,Erythrocyte,83.54,9,56.24
CELL_28913,Myocyte,11.42,5,70.44
CELL_57713,Stem Cell,22.87,35,72.47
CELL_20545,Epithelial,71.76,41,59.19
CELL_92909,Epithelial,18.29,48,78.74
CELL_40300,Fibroblast,80.85,28,58.67
CELL_37459,Erythrocyte,36.39,26,86.55
CELL_24692,Fibroblast,35.0,29,67.63
CELL_33527,Stem Cell,37.13,22,66.31
CELL_80313,Fibroblast,19.12,22,98.98
CELL_29690,Epithelial,88.05,6,65.02
CELL_52817,Fibroblast,22.68,14,86.6
CELL_65838,Erythrocyte,43.6,6,77.02
CELL_99720,Fibroblast,61.8,33,61.2
CELL_90613,Epithelial,26.79,16,98.74
CELL_57408,Epithelial,87.93,46,96.43
CELL_31762,Erythrocyte,48.63,43,54.25
CELL_38912,Epithelial,76.12,45,98.86
CELL_33248,Neuron,8.0,15,60.93
CELL_85484,Neuron,78.36,41,88.28
CELL_43758,Erythrocyte,55.37,42,66.11
CELL_66070,Erythrocyte,104.71,37,50.78
CELL_46119,Fibroblast,107.48,36,73.16
CELL_23229,Neuron,77.66,21,95.88
CELL_45117,Stem Cell,92.26,35,73.51
CELL_35282,Epithelial,117.04,33,92.46
CELL_48277,Neuron,31.43,43,91.28
CELL_20464,Fibroblast,47.35,17,80.39
CELL_49180,Neuron,36.08,38,93.0
CELL_74806,Fibroblast,44.91,27,78.75
CELL_90987,Stem Cell,24.1,8,88.67
CELL_12677,Epithelial,58.86,35,94.23
CELL_13356,Epithelial,94.36,9,55.09
CELL_23545,Leukocyte,91.49,22,89.52
CELL_67608,Myocyte,67.43,23,60.5
CELL_35164,Epithelial,61.32,21,64.28
CELL_73261,Epithelial,42.59,37,84.41
CELL_76297,Stem Cell,91.57,7,84.54
CELL_53764,Epithelial,50.06,32,52.41
CELL_58796,Stem Cell,89.82,37,50.47
CELL_14254,Erythrocyte,103.14,27,77.66
CELL_13291,Epithelial,87.14,10,98.19
CELL_94501,Erythrocyte,89.59,35,65.62
CELL_92469,Epithelial,58.9,15,70.88
CELL_56963,Leukocyte,71.92,25,50.66
CELL_36148,Stem Cell,116.79,35,81.95
CELL_95640,Stem Cell,31.41,8,52.25
CELL_40152,Erythrocyte,49.64,45,64.13
CELL_88757,Stem Cell,101.01,27,65.91
CELL_69134,Myocyte,89.97,31,52.87
CELL_43307,Stem Cell,9.44,29,98.35
CELL_37716,Epithelial,46.28,5,96.5
CELL_80303,Leukocyte,44.45,41,54.19
CELL_81530,Epithelial,88.8,11,72.53
CELL_80610,Neuron,54.05,38,77.16
CELL_87325,Myocyte,93.53,8,69.82
CELL_51180,Leukocyte,37.99,28,62.89
CELL_65109,Epithelial,32.39,17,64.87
CELL_10935,Erythrocyte,87.36,12,80.92
CELL_69776,Myocyte,57.25,20,66.78
CELL_99583,Leukocyte,107.82,6,79.33
CELL_21859,Stem Cell,26.29,38,94.11
CELL_43729,Stem Cell,36.45,38,97.48
CELL_49878,Stem Cell,105.4,13,88.75
CELL_66860,Leukocyte,74.07,48,79.49
CELL_96701,Leukocyte,50.74,7,54.89
CELL_40160,Epithelial,78.91,27,63.67
CELL_42085,Fibroblast,81.45,15,98.88
CELL_57253,Leukocyte,75.57,47,51.65
CELL_37313,Leukocyte,115.83,25,60.32
CELL_10394,Neuron,68.22,37,97.74
CELL_37493,Neuron,28.81,36,62.38
CELL_14743,Epithelial,19.34,29,72.57
CELL_74123,Neuron,16.89,49,78.46
CELL_43947,Fibroblast,34.16,39,93.44
CELL_56568,Epithelial,94.17,6,81.35
CELL_20837,Fibroblast,34.44,8,95.02
CELL_36188,Leukocyte,62.76,42,83.87
CELL_51704,Fibroblast,22.62,50,82.09
CELL_24490,Stem Cell,26.39,50,92.8
CELL_97729,Erythrocyte,43.27,8,57.31
CELL_81463,Neuron,102.55,35,76.44
CELL_44442,Fibroblast,8.5,35,95.67
CELL_56267,Neuron,96.55,9,85.6
CELL_23694,Stem Cell,92.8,34,61.52
CELL_32043,Stem Cell,81.44,32,88.99
CELL_90320,Leukocyte,19.97,20,91.38
CELL_58973,Leukocyte,13.43,17,96.24
CELL_19494,Epithelial,64.26,6,82.21
CELL_46546,Neuron,89.37,50,58.07
CELL_98694,Erythrocyte,100.47,8,99.44
CELL_25596,Stem Cell,78.15,44,69.1
CELL_10053,Erythrocyte,110.85,16,88.99
CELL_82177,Myocyte,25.95,35,77.46
CELL_85972,Neuron,44.28,14,98.52
CELL_96936,Fibroblast,95.39,27,60.88
CELL_89944,Leukocyte,38.44,46,82.56
CELL_89206,Neuron,61.65,28,59.02
CELL_41042,Stem Cell,26.78,31,94.79
CELL_10966,Erythrocyte,31.85,17,71.74
CELL_67873,Neuron,117.29,31,56.43
CELL_55271,Leukocyte,49.76,13,78.14
CELL_57779,Epithelial,44.62,31,93.98
CELL_15330,Myocyte,70.13,43,54.25
CELL_77952,Leukocyte,21.04,6,73.89
CELL_36285,Leukocyte,91.92,44,80.8
CELL_46441,Leukocyte,13.81,23,59.26
CELL_93711,Fibroblast,104.17,31,52.55
CELL_30142,Fibroblast,60.24,25,79.48
CELL_97772,Fibroblast,96.89,9,94.02
CELL_68938,Stem Cell,102.36,44,77.9
CELL_19909,Epithelial,86.08,8,73.11
CELL_21120,Neuron,83.16,45,80.11
CELL_50047,Epithelial,6.35,38,78.31
CELL_26933,Erythrocyte,17.72,25,81.85
CELL_35484,Epithelial,101.16,31,55.35
CELL_55427,Fibroblast,22.35,23,97.16
CELL_69538,Epithelial,116.0,40,71.47
CELL_77506,Neuron,37.72,24,95.01
CELL_76324,Epithelial,62.49,21,98.94
CELL_15924,Myocyte,92.62,7,92.9
CELL_85655,Neuron,6.23,8,89.27
CELL_97044,Erythrocyte,43.1,35,65.57
CELL_30087,Myocyte,97.73,31,70.03
CELL_43866,Epithelial,119.28,40,88.77
CELL_53706,Myocyte,18.43,19,65.39
CELL_52160,Epithelial,85.79,38,65.56
CELL_80814,Stem Cell,68.13,5,85.88
CELL_56572,Leukocyte,24.61,30,54.45
CELL_45284,Epithelial,103.4,49,59.01
CELL_66878,Epithelial,71.67,15,69.38
CELL_86842,Stem Cell,79.07,12,78.76
CELL_36144,Leukocyte,17.41,31,75.11
CELL_32537,Neuron,24.17,35,93.25
CELL_88234,Leukocyte,47.41,39,95.13
CELL_42686,Erythrocyte,52.63,27,55.31
CELL_82631,Fibroblast,95.52,5,52.69
CELL_30998,Myocyte,96.95,28,92.48
CELL_12848,Epithelial,53.91,26,75.29
CELL_59463,Leukocyte,9.44,27,61.09
CELL_28302,Stem Cell,45.42,21,91.87
CELL_92678,Erythrocyte,24.24,12,97.49
CELL_19471,Stem Cell,23.27,49,97.6
CELL_71996,Epithelial,74.16,35,85.42
CELL_86907,Myocyte,46.65,43,80.74
CELL_52119,Fibroblast,69.03,49,90.9
CELL_84918,Myocyte,37.29,24,71.65
CELL_97702,Neuron,16.45,27,89.35
CELL_61118,Neuron,72.44,16,73.29
CELL_46125,Fibroblast,54.49,44,54.78
CELL_10536,Stem Cell,79.43,18,76.89
CELL_14224,Stem Cell,49.12,13,94.48
CELL_26563,Stem Cell,15.85,28,50.08
CELL_26432,Erythrocyte,52.73,35,69.25
CELL_86455,Neuron,30.09,42,67.31
CELL_80267,Erythrocyte,81.83,47,54.68
CELL_21667,Erythrocyte,61.34,20,58.23
CELL_92528,Neuron,38.26,28,94.34
CELL_69098,Fibroblast,73.63,15,79.85
CELL_45386,Stem Cell,67.26,30,75.46
CELL_15597,Erythrocyte,56.44,25,98.45
CELL_88360,Leukocyte,97.34,34,73.94
CELL_69944,Erythrocyte,66.31,25,80.66
CELL_16952,Erythrocyte,100.91,49,84.69
CELL_11278,Leukocyte,65.32,8,85.61
CELL_58477,Erythrocyte,43.24,44,56.25
CELL_36151,Stem Cell,50.85,37,63.91
CELL_56389,Leukocyte,40.93,21,73.79
CELL_45218,Erythrocyte,91.0,15,71.12
CELL_91594,Fibroblast,119.89,20,70.12
CELL_11793,Fibroblast,19.92,30,66.64
CELL_74532,Erythrocyte,119.68,7,91.5
CELL_52589,Stem Cell,39.98,50,55.28
CELL_12676,Epithelial,50.94,31,90.81
CELL_59153,Leukocyte,11.4,35,98.12
CELL_87727,Stem Cell,50.04,24,68.54
CELL_60217,Epithelial,29.81,25,76.32
CELL_46316,Stem Cell,19.14,39,99.25
CELL_48109,Leukocyte,72.17,25,96.95
CELL_64414,Myocyte,22.88,27,84.59
CELL_36639,Fibroblast,100.65,45,60.17
CELL_30799,Neuron,49.7,45,60.07
CELL_39531,Stem Cell,104.69,50,98.68
CELL_70500,Epithelial,92.53,44,58.27
CELL_29939,Stem Cell,56.86,47,85.23
CELL_44721,Neuron,104.6,32,82.19
CELL_11091,Erythrocyte,86.58,39,74.97
CELL_65267,Leukocyte,24.0,46,98.93
CELL_90934,Erythrocyte,112.92,11,89.38
CELL_14786,Erythrocyte,49.49,22,72.35
CELL_15080,Erythrocyte,16.79,44,62.32
CELL_45586,Leukocyte,99.51,11,57.16
CELL_71137,Neuron,103.98,12,65.31
CELL_62419,Epithelial,98.44,29,71.85
CELL_43605,Epithelial,83.09,7,67.41
CELL_73664,Leukocyte,57.65,22,60.94
CELL_90409,Neuron,52.45,33,61.51
CELL_68127,Fibroblast,20.37,42,80.16
CELL_69917,Myocyte,118.62,20,74.22
CELL_49426,Erythrocyte,33.64,20,51.17
CELL_55515,Leukocyte,103.16,7,88.31
CELL_78997,Erythrocyte,70.59,31,89.87
CELL_35889,Neuron,28.81,42,97.93
CELL_20620,Stem Cell,19.3,48,54.06
CELL_46546,Erythrocyte,50.44,46,85.47
CELL_22857,Stem Cell,92.53,16,53.77
CELL_24537,Fibroblast,28.43,29,86.13
CELL_38355,Myocyte,93.32,15,95.34
CELL_78206,Erythrocyte,105.81,38,90.26
CELL_27005,Erythrocyte,73.9,18,78.23
CELL_96405,Erythrocyte,51.1,24,55.16
CELL_21035,Leukocyte,6.29,26,51.81
CELL_92095,Erythrocyte,29.7,46,79.44
CELL_64983,Epithelial,115.92,21,70.96
CELL_64839,Neuron,84.96,22,84.54
CELL_69775,Stem Cell,18.66,46,53.33
CELL_97459,Epithelial,24.23,17,75.85
CELL_52221,Epithelial,89.37,24,81.83
CELL_45613,Neuron,99.87,18,50.04
CELL_34457,Leukocyte,118.45,50,54.61
CELL_41958,Fibroblast,69.95,19,78.68
CELL_70128,Erythrocyte,71.44,6,90.25
CELL_83102,Stem Cell,52.73,44,52.34
CELL_54108,Stem Cell,42.67,19,74.96
CELL_40983,Myocyte,66.59,38,52.69
CELL_63633,Neuron,28.85,33,62.92
CELL_52075,Stem Cell,63.55,37,93.83
CELL_68035,Stem Cell,15.35,21,61.94
CELL_90026,Erythrocyte,45.09,14,66.07
CELL_41234,Stem Cell,74.75,24,85.87
CELL_74506,Fibroblast,25.99,45,65.01
CELL_39108,Fibroblast,98.28,32,90.06
CELL_78980,Neuron,69.39,26,67.33
CELL_32085,Leukocyte,90.57,24,78.1
CELL_92137,Fibroblast,46.69,7,56.51
CELL_52629,Erythrocyte,78.59,21,69.28
CELL_32986,Fibroblast,73.82,17,73.73
CELL_54214,Myocyte,62.9,14,67.62
CELL_12924,Erythrocyte,28.73,17,85.91
CELL_47871,Epithelial,61.59,17,63.88
CELL_21587,Epithelial,29.13,26,72.85
CELL_26602,Stem Cell,42.38,21,83.37
CELL_42236,Myocyte,13.13,31,69.14
CELL_24485,Fibroblast,39.36,41,71.26
CELL_95091,Myocyte,83.92,32,90.16
CELL_40041,Myocyte,61.92,43,67.67
CELL_56829,Stem Cell,8.45,30,51.49
CELL_33161,Fibroblast,93.63,5,85.02
CELL_12559,Leukocyte,26.53,39,83.03
CELL_30754,Myocyte,20.47,12,55.76
CELL_78286,Myocyte,28.95,25,95.9
CELL_33325,Myocyte,83.43,9,83.56
CELL_57477,Neuron,73.05,17,93.86
CELL_96702,Stem Cell,111.36,17,60.83
CELL_89629,Leukocyte,101.38,31,77.29
CELL_60620,Fibroblast,31.13,5,63.44
CELL_45823,Neuron,100.57,20,94.1
CELL_47378,Myocyte,55.79,48,70.12
CELL_26477,Fibroblast,28.5,45,58.13
CELL_58078,Neuron,62.09,25,90.12
CELL_66837,Epithelial,71.31,12,56.14
CELL_91562,Fibroblast,11.88,20,82.36
CELL_24158,Leukocyte,65.97,19,76.47
CELL_68820,Stem Cell,49.03,34,88.2
CELL_32672,Neuron,117.34,16,96.25
CELL_55784,Myocyte,75.57,23,57.92
CELL_84600,Erythrocyte,52.47,47,72.53
CELL_43205,Erythrocyte,95.0,28,88.93
CELL_51161,Leukocyte,76.54,6,88.38
CELL_51017,Epithelial,88.32,41,93.15
CELL_40141,Fibroblast,20.92,19,89.7
CELL_88644,Erythrocyte,61.63,23,91.65
CELL_46587,Erythrocyte,61.08,50,77.72
CELL_51117,Fibroblast,17.92,39,80.76
CELL_88556,Erythrocyte,6.91,31,82.53
CELL_84053,Erythrocyte,80.63,22,87.94
CELL_93848,Neuron,12.15,46,83.94
CELL_59625,Leukocyte,55.08,47,78.55
CELL_84824,Myocyte,44.09,28,62.96
CELL_62423,Erythrocyte,24.31,32,59.11
CELL_35899,Myocyte,107.26,45,77.31
CELL_36844,Myocyte,45.51,29,56.14
CELL_95579,Fibroblast,31.77,45,59.34
CELL_85528,Neuron,66.99,22,55.45
CELL_22998,Erythrocyte,70.08,39,50.35
CELL_46799,Fibroblast,21.17,14,79.46
CELL_28133,Fibroblast,114.65,26,92.98
CELL_49164,Leukocyte,44.94,43,59.92
CELL_17108,Erythrocyte,100.71,49,72.29
CELL_41490,Neuron,28.41,41,93.53
CELL_46314,Erythrocyte,15.59,32,83.95
CELL_82389,Erythrocyte,43.75,45,68.12
CELL_60905,Leukocyte,33.63,50,66.69
CELL_40139,Epithelial,118.55,23,84.74
CELL_96753,Fibroblast,20.37,11,59.48
CELL_58260,Leukocyte,107.08,8,51.53
CELL_99790,Myocyte,118.99,41,72.09
CELL_57723,Erythrocyte,51.9,27,53.98
CELL_60678,Epithelial,65.58,12,93.25
CELL_35205,Fibroblast,39.63,31,58.91
CELL_45660,Neuron,5.68,40,50.95
CELL_24436,Stem Cell,40.8,36,87.98
CELL_67355,Fibroblast,30.46,47,89.07
CELL_82967,Fibroblast,38.95,28,91.7
CELL_34026,Myocyte,87.87,23,60.9
CELL_62950,Neuron,82.68,17,84.98
CELL_23590,Myocyte,110.74,28,76.69
CELL_46008,Leukocyte,9.97,21,81.92
CELL_90655,Myocyte,83.14,15,88.3
CELL_16106,Myocyte,57.65,47,66.23
CELL_95259,Myocyte,107.51,13,52.15
CELL_12646,Erythrocyte,23.83,40,54.86
CELL_50917,Myocyte,114.16,48,86.96
CELL_17865,Epithelial,88.4,50,87.55
CELL_85617,Leukocyte,97.39,15,71.51
CELL_63495,Neuron,78.12,49,81.19
CELL_63002,Erythrocyte,77.15,11,56.51
CELL_50475,Erythrocyte,49.14,40,96.96
CELL_23884,Fibroblast,32.77,42,60.99
CELL_43902,Erythrocyte,112.67,39,69.57
CELL_27150,Myocyte,100.08,47,79.92
CELL_76244,Epithelial,33.68,14,63.73
CELL_78123,Stem Cell,89.97,23,71.29
CELL_97209,Leukocyte,116.59,36,96.55
CELL_39844,Erythrocyte,42.8,12,63.97
CELL_42880,Myocyte,33.3,31,86.56
CELL_99456,Epithelial,101.64,6,51.48
CELL_44359,Erythrocyte,27.92,16,51.55
CELL_39332,Neuron,18.78,43,71.79
CELL_28068,Myocyte,113.86,46,82.42
CELL_82331,Neuron,16.64,34,83.5
CELL_10700,Stem Cell,86.98,20,80.72
CELL_13638,Neuron,32.05,27,52.59
CELL_37816,Myocyte,103.74,21,79.49
CELL_12755,Fibroblast,78.06,39,73.17
CELL_17407,Fibroblast,76.87,15,82.23
CELL_60609,Erythrocyte,96.2,29,53.12
CELL_24493,Stem Cell,100.52,27,99.39
CELL_44548,Epithelial,95.42,37,76.65
CELL_83297,Neuron,40.28,45,53.5
CELL_12909,Erythrocyte,64.74,36,62.07
CELL_55129,Erythrocyte,25.9,39,53.95
CELL_17455,Epithelial,88.7,49,52.26
CELL_16547,Erythrocyte,76.09,50,70.63
CELL_32100,Stem Cell,48.9,17,51.79
CELL_36441,Epithelial,46.39,21,88.8
CELL_87323,Epithelial,67.74,44,72.79
CELL_99907,Neuron,34.24,27,65.43
CELL_69488,Myocyte,104.32,38,97.77
CELL_10435,Neuron,60.41,27,56.38
CELL_30369,Fibroblast,107.21,10,55.01
CELL_63065,Stem Cell,38.1,14,94.37
CELL_68555,Neuron,77.11,5,87.38
CELL_70277,Stem Cell,93.32,37,84.25
CELL_57713,Myocyte,80.01,17,84.35
CELL_99977,Stem Cell,100.28,37,66.2
CELL_71190,Neuron,43.86,22,99.79
CELL_75198,Neuron,52.89,35,57.21
CELL_97051,Epithelial,47.83,29,54.34
CELL_31647,Stem Cell,76.38,32,85.34
CELL_31195,Epithelial,112.97,48,54.04
CELL_85489,Erythrocyte,107.5,24,70.08
CELL_58959,Epithelial,117.2,27,92.18
CELL_89339,Fibroblast,41.69,24,65.08
CELL_35193,Stem Cell,61.59,32,62.56
CELL_13779,Leukocyte,116.49,46,93.01
CELL_99083,Fibroblast,48.97,36,92.99
CELL_71146,Myocyte,48.48,23,97.27
CELL_38022,Leukocyte,57.1,10,76.46
CELL_16121,Neuron,41.27,49,89.76
CELL_74457,Erythrocyte,96.23,7,65.68
CELL_59517,Leukocyte,27.39,33,58.46
CELL_20302,Neuron,97.45,5,58.16
CELL_28182,Stem Cell,91.19,13,89.92
CELL_96890,Erythrocyte,108.22,33,90.72
CELL_67688,Myocyte,60.16,33,50.46
CELL_63632,Stem Cell,50.68,8,84.23
CELL_34223,Erythrocyte,98.28,19,59.14
CELL_90181,Epithelial,116.8,5,53.63
CELL_48832,Erythrocyte,13.26,6,67.84
CELL_44152,Stem Cell,108.95,26,93.68
CELL_81121,Erythrocyte,114.14,36,97.03
CELL_93094,Neuron,89.73,24,75.52
CELL_55339,Leukocyte,69.62,29,69.68
CELL_44401,Neuron,114.65,34,84.83
CELL_78112,Leukocyte,34.86,15,82.99
CELL_68674,Epithelial,105.12,34,94.98
CELL_73475,Leukocyte,20.74,45,66.25
CELL_33988,Neuron,66.25,7,76.74
CELL_79167,Neuron,72.93,5,53.06
CELL_55467,Epithelial,101.81,5,74.43
CELL_28449,Neuron,50.09,45,60.17
CELL_39686,Epithelial,25.28,45,55.51
CELL_68254,Stem Cell,103.66,46,98.85
CELL_54942,Myocyte,51.85,16,84.7
CELL_24801,Erythrocyte,83.6,30,74.47
CELL_71066,Fibroblast,101.74,48,95.21
CELL_16614,Leukocyte,111.13,37,87.75
CELL_82242,Stem Cell,80.47,40,69.29
CELL_66443,Stem Cell,17.54,22,52.66
CELL_38954,Erythrocyte,87.53,19,91.48
CELL_77023,Erythrocyte,86.73,47,91.42
CELL_57662,Fibroblast,50.69,25,80.36
CELL_61846,Fibroblast,62.23,19,50.43
CELL_75790,Epithelial,34.87,39,74.65
CELL_63953,Myocyte,43.43,30,53.9
CELL_97712,Fibroblast,22.05,41,96.13
CELL_56614,Erythrocyte,38.97,42,98.44
CELL_13165,Stem Cell,11.16,41,87.4
CELL_87006,Fibroblast,98.76,23,54.56
CELL_59465,Stem Cell,106.67,25,96.07
CELL_21065,Neuron,19.71,30,73.23
CELL_20131,Myocyte,16.85,46,87.69
CELL_92733,Myocyte,65.9,31,78.58
CELL_26159,Epithelial,30.24,19,59.93
CELL_77876,Erythrocyte,11.28,40,53.84
CELL_28611,Myocyte,107.14,25,63.83
CELL_87488,Fibroblast,30.43,30,70.24
CELL_28917,Neuron,44.27,28,77.78
CELL_35481,Epithelial,43.08,14,84.75
CELL_20666,Neuron,117.62,46,69.12
CELL_41112,Neuron,52.0,44,54.85
CELL_80046,Erythrocyte,79.22,33,67.42
CELL_27261,Myocyte,19.87,41,51.87
CELL_37140,Epithelial,20.8,7,83.08
CELL_98440,Stem Cell,71.37,5,94.43
CELL_34574,Stem Cell,39.64,29,91.08
CELL_67535,Myocyte,101.37,17,78.55
CELL_10813,Stem Cell,31.79,38,69.91
CELL_48709,Leukocyte,67.56,42,95.79
CELL_78683,Fibroblast,59.64,12,83.22
CELL_26235,Fibroblast,49.14,41,71.45
CELL_10767,Neuron,102.17,11,88.29
CELL_55916,Myocyte,98.03,8,88.35
CELL_74655,Stem Cell,43.43,40,53.38
CELL_41473,Stem Cell,76.87,50,50.5
CELL_72791,Erythrocyte,21.98,29,86.48
CELL_64734,Stem Cell,5.8,19,72.31
CELL_13227,Neuron,32.18,13,78.9
CELL_53752,Leukocyte,25.78,20,94.87
CELL_85139,Fibroblast,27.32,15,90.63
CELL_98574,Leukocyte,116.97,47,68.64
CELL_26410,Stem Cell,86.99,5,53.02
CELL_45272,Erythrocyte,42.62,19,60.56
CELL_58035,Leukocyte,23.11,10,68.32
CELL_76805,Leukocyte,32.02,12,56.74
CELL_29333,Fibroblast,21.51,22,89.21
CELL_97702,Neuron,78.69,14,53.32
CELL_24638,Erythrocyte,70.72,31,99.45
CELL_42795,Neuron,84.93,11,59.67
CELL_18904,Myocyte,88.28,5,68.14
CELL_47311,Fibroblast,55.54,49,74.73
CELL_86192,Fibroblast,14.08,27,68.28
CELL_29126,Erythrocyte,25.46,21,71.69
CELL_16206,Stem Cell,95.96,50,83.75
CELL_84649,Erythrocyte,19.52,39,61.28
CELL_77131,Neuron,38.16,12,76.36
CELL_55023,Stem Cell,40.5,27,91.63
CELL_41145,Neuron,112.37,9,92.11
CELL_81317,Fibroblast,51.82,21,78.82
CELL_45228,Leukocyte,57.5,44,63.66
CELL_21855,Neuron,16.31,11,66.2
CELL_26919,Myocyte,110.44,27,50.29
CELL_41547,Myocyte,88.33,8,51.62
CELL_47218,Erythrocyte,48.04,31,96.6
CELL_21777,Erythrocyte,87.91,12,54.31
CELL_36808,Erythrocyte,67.52,24,86.34
CELL_29201,Neuron,101.03,35,98.03
CELL_89842,Neuron,82.47,20,79.73
CELL_18389,Erythrocyte,12.7,25,72.7
CELL_91300,Myocyte,101.03,12,98.93
CELL_62345,Fibroblast,111.66,41,95.98
CELL_86533,Epithelial,77.0,28,77.75
CELL_80246,Leukocyte,106.78,45,57.29
CELL_85089,Erythrocyte,48.46,32,65.53
CELL_80496,Myocyte,101.44,41,98.48
CELL_32663,Fibroblast,111.18,47,76.27
CELL_45913,Neuron,89.93,14,55.69
CELL_21535,Erythrocyte,50.24,8,67.82
CELL_90253,Leukocyte,51.77,20,73.74
CELL_40123,Epithelial,49.5,10,78.5
CELL_41250,Epithelial,43.17,15,80.18
CELL_67916,Neuron,76.13,8,60.29
CELL_57030,Epithelial,80.56,27,88.88
CELL_73974,Leukocyte,86.04,35,79.91
CELL_45204,Epithelial,77.02,11,84.4
CELL_74626,Erythrocyte,98.69,28,89.72
CELL_59847,Epithelial,41.76,33,62.08
CELL_25000,Epithelial,86.21,17,63.86
CELL_15987,Stem Cell,5.04,21,58.2
CELL_67718,Epithelial,36.32,14,60.23
CELL_95113,Erythrocyte,61.61,42,67.82
CELL_47671,Myocyte,30.53,50,99.7
CELL_54803,Neuron,39.77,35,87.34
CELL_34930,Erythrocyte,22.34,20,66.71
CELL_88705,Neuron,68.18,8,61.82
CELL_58380,Stem Cell,50.93,40,91.42
CELL_96790,Erythrocyte,93.47,22,78.57
CELL_85168,Fibroblast,97.42,32,75.78
CELL_93162,Epithelial,25.49,6,55.6
CELL_46785,Myocyte,48.19,41,88.8
CELL_99873,Leukocyte,49.76,16,98.03
CELL_32126,Epithelial,116.17,15,72.42
CELL_44842,Epithelial,15.99,28,99.45
CELL_30225,Neuron,111.07,6,66.31
CELL_17881,Myocyte,44.03,34,90.75
CELL_35613,Myocyte,80.92,37,51.52
CELL_80225,Epithelial,34.68,12,52.52
CELL_69418,Myocyte,9.15,12,83.08
CELL_92448,Epithelial,53.9,45,52.65
CELL_34912,Neuron,72.11,11,56.8
CELL_56271,Fibroblast,38.45,25,81.37
CELL_74965,Myocyte,86.48,32,82.21
CELL_68478,Erythrocyte,78.43,34,59.07
CELL_40697,Myocyte,29.52,39,93.08
CELL_91215,Erythrocyte,63.19,33,87.09
CELL_23563,Stem Cell,97.26,38,82.08
CELL_32467,Stem Cell,84.51,45,66.7
CELL_23035,Erythrocyte,67.82,24,92.63
CELL_81030,Neuron,106.42,46,98.44
CELL_57952,Erythrocyte,45.52,25,75.14
CELL_83385,Leukocyte,86.8,47,98.7
CELL_32809,Epithelial,84.93,41,75.63
CELL_65677,Leukocyte,84.86,16,72.97
CELL_24769,Myocyte,42.35,26,98.42
CELL_16534,Myocyte,91.75,50,99.6
CELL_94648,Erythrocyte,94.52,29,68.36
CELL_42533,Leukocyte,32.73,19,57.8
CELL_32500,Myocyte,91.74,38,88.45
CELL_38009,Leukocyte,109.24,26,98.61
CELL_35107,Fibroblast,48.9,5,73.39
CELL_69918,Myocyte,84.8,27,72.98
CELL_56372,Erythrocyte,37.66,42,80.09
CELL_46511,Leukocyte,15.04,29,98.62
CELL_14660,Myocyte,14.15,21,88.52
CELL_42490,Myocyte,48.39,14,99.88
CELL_21314,Epithelial,8.21,41,65.77
CELL_83982,Stem Cell,56.38,30,95.39
CELL_86706,Epithelial,109.28,18,71.78
CELL_80699,Epithelial,60.93,23,70.39
CELL_34466,Neuron,49.21,39,52.6
CELL_48316,Stem Cell,73.16,44,62.3
CELL_33813,Myocyte,87.51,23,66.37
CELL_80633,Neuron,48.26,37,78.03
CELL_51827,Leukocyte,19.57,33,76.71
CELL_37472,Neuron,85.91,14,77.6
CELL_59704,Erythrocyte,112.62,28,53.1
CELL_80318,Neuron,41.92,5,87.4
CELL_87513,Fibroblast,21.92,36,83.59
CELL_68252,Erythrocyte,20.15,29,93.85
CELL_57533,Epithelial,44.34,35,74.88
CELL_38607,Erythrocyte,21.07,22,83.72
CELL_59904,Erythrocyte,30.15,14,62.67
CELL_87366,Stem Cell,54.32,32,80.44
CELL_59832,Epithelial,6.53,15,85.86
CELL_45283,Erythrocyte,30.67,45,82.79
CELL_15430,Fibroblast,84.86,42,62.48
CELL_83207,Fibroblast,26.17,49,77.03
CELL_84993,Leukocyte,45.94,20,85.16
CELL_25726,Epithelial,60.46,20,90.47
CELL_90625,Myocyte,102.23,20,83.45
CELL_99956,Neuron,44.14,7,93.28
CELL_47249,Erythrocyte,118.08,27,55.8
CELL_63416,Epithelial,83.12,49,76.93
CELL_98035,Myocyte,22.58,34,57.59
CELL_71514,Epithelial,53.31,50,99.62
CELL_29136,Leukocyte,31.12,6,55.4
CELL_14829,Epithelial,110.34,42,84.42
CELL_17162,Fibroblast,42.55,37,54.19
CELL_45295,Neuron,65.41,21,57.7
CELL_15889,Leukocyte,19.61,39,83.02
CELL_13936,Erythrocyte,86.19,46,53.39
CELL_29684,Myocyte,113.91,31,52.21
CELL_10543,Myocyte,12.01,5,70.74
CELL_28577,Epithelial,18.7,26,86.8
CELL_70769,Fibroblast,95.31,15,90.46
CELL_52589,Fibroblast,32.57,16,65.11
CELL_91644,Neuron,56.52,7,76.62
CELL_15452,Fibroblast,104.04,32,53.78
CELL_28596,Myocyte,112.73,20,72.34
CELL_58114,Erythrocyte,119.93,20,87.77
CELL_72479,Fibroblast,30.63,16,55.24
CELL_51100,Stem Cell,54.76,32,82.3
CELL_69629,Epithelial,71.1,21,78.83
CELL_14621,Epithelial,66.72,34,77.9
CELL_82768,Stem Cell,15.98,41,96.73
CELL_72086,Myocyte,39.03,26,95.64
CELL_48544,Epithelial,64.97,36,89.1
CELL_54019,Neuron,115.39,14,71.3
CELL_17537,Epithelial,63.77,33,78.19
CELL_23681,Leukocyte,105.63,39,68.44
CELL_70130,Erythrocyte,80.02,42,78.0
CELL_23085,Neuron,77.51,41,63.62
CELL_49098,Neuron,73.38,14,70.76
CELL_79252,Myocyte,98.25,9,94.62
CELL_86801,Erythrocyte,24.07,23,80.16
CELL_38567,Leukocyte,75.87,14,54.01
CELL_79725,Epithelial,23.81,43,84.41
CELL_54974,Epithelial,80.25,18,76.08
CELL_78968,Neuron,87.67,42,66.66
CELL_89482,Erythrocyte,61.37,12,84.71
CELL_68174,Leukocyte,69.96,39,85.79
CELL_85120,Leukocyte,103.71,12,89.72
CELL_73458,Neuron,37.7,48,53.1
CELL_54566,Neuron,7.14,10,86.58
CELL_65822,Stem Cell,46.78,32,84.57
CELL_72735,Epithelial,102.59,29,84.67
CELL_97578,Myocyte,53.66,22,67.0
CELL_35352,Leukocyte,88.13,29,68.98
CELL_95449,Neuron,86.28,17,71.78
CELL_73688,Neuron,59.73,36,73.75
CELL_55661,Neuron,67.0,21,70.37
CELL_49848,Epithelial,77.17,45,68.86
CELL_81959,Stem Cell,108.43,16,56.03
CELL_13091,Erythrocyte,16.08,37,83.06
CELL_73808,Erythrocyte,61.88,15,50.99
CELL_86781,Stem Cell,93.29,7,96.41
CELL_19651,Stem Cell,16.97,11,82.81
CELL_21389,Leukocyte,90.27,9,54.95
CELL_84358,Myocyte,79.05,20,54.05
CELL_80855,Stem Cell,93.15,15,87.54
CELL_59367,Myocyte,114.0,37,62.94
CELL_45525,Neuron,31.95,29,89.2
CELL_65270,Fibroblast,93.75,13,83.38
CELL_87744,Neuron,81.17,31,95.01
CELL_73825,Fibroblast,23.02,48,91.32
CELL_25537,Leukocyte,106.61,23,67.66
CELL_95552,Fibroblast,71.38,40,89.95
CELL_62171,Leukocyte,62.55,23,84.3
CELL_45860,Epithelial,46.26,46,55.21
CELL_72223,Erythrocyte,7.65,36,67.02
CELL_66448,Myocyte,91.42,19,88.09
CELL_10179,Stem Cell,98.21,37,67.43
CELL_29270,Leukocyte,28.36,5,66.48
CELL_11446,Erythrocyte,32.09,49,50.39
CELL_29776,Fibroblast,69.91,25,85.79
CELL_63055,Myocyte,49.18,8,53.94
CELL_29368,Leukocyte,67.1,9,73.14
CELL_25004,Fibroblast,113.44,20,73.34
CELL_41429,Myocyte,44.86,21,57.77
CELL_75629,Erythrocyte,23.3,16,51.6
CELL_27732,Leukocyte,62.52,11,51.21
CELL_25571,Myocyte,84.49,9,78.27
CELL_79143,Fibroblast,57.97,33,80.47
CELL_33479,Fibroblast,75.81,10,55.75
CELL_64447,Neuron,47.74,24,63.56
CELL_21754,Fibroblast,66.35,5,77.42
CELL_49073,Fibroblast,59.38,18,72.86
CELL_15197,Fibroblast,90.84,46,88.07
CELL_56797,Myocyte,50.11,47,76.16
CELL_17398,Fibroblast,65.73,49,75.33
CELL_85248,Stem Cell,64.76,49,93.14
CELL_16784,Myocyte,84.85,10,64.63
CELL_74113,Neuron,74.33,43,51.58
CELL_95761,Myocyte,90.44,18,94.22
CELL_42991,Neuron,86.9,38,82.78
CELL_78710,Fibroblast,87.18,40,97.19
CELL_89362,Stem Cell,52.8,25,72.64
CELL_55005,Epithelial,46.89,5,73.44
CELL_82712,Epithelial,101.11,33,68.81
CELL_80424,Myocyte,14.02,23,90.96
CELL_11284,Neuron,49.24,27,57.28
CELL_80709,Neuron,23.0,42,52.12
CELL_32214,Myocyte,66.69,27,74.72
CELL_32906,Erythrocyte,72.02,6,96.25
CELL_55713,Myocyte,65.77,29,65.76
CELL_41594,Epithelial,14.33,42,59.81
CELL_96202,Neuron,6.13,23,89.55
CELL_28827,Myocyte,23.48,47,50.45
CELL_80656,Neuron,51.73,41,81.61
CELL_26982,Fibroblast,100.31,15,50.22
CELL_49313,Leukocyte,78.69,16,52.05
CELL_64619,Leukocyte,7.7,37,56.94
CELL_47232,Neuron,57.33,9,67.91
CELL_52221,Myocyte,77.89,39,94.22
CELL_75751,Fibroblast,52.05,14,71.1
CELL_15515,Leukocyte,35.58,28,59.54
CELL_69766,Leukocyte,81.18,42,79.13
CELL_51036,Fibroblast,58.76,36,73.27
CELL_36716,Epithelial,72.93,13,61.27
CELL_65715,Fibroblast,51.05,30,75.33
CELL_57958,Fibroblast,113.02,8,71.52
CELL_21045,Myocyte,19.5,28,69.74
CELL_85440,Myocyte,53.85,8,80.45
CELL_45270,Epithelial,7.66,7,65.56
CELL_31566,Stem Cell,94.15,42,73.4
CELL_80253,Fibroblast,102.57,47,52.12
CELL_52494,Stem Cell,19.64,14,53.28
CELL_31093,Stem Cell,85.07,40,86.68
CELL_76349,Leukocyte,69.0,44,79.4
CELL_25596,Epithelial,33.71,42,71.35
CELL_80901,Fibroblast,119.58,5,84.34
CELL_63352,Fibroblast,78.37,45,91.36
CELL_33076,Neuron,66.62,39,79.78
CELL_39462,Neuron,71.81,46,52.2
CELL_53637,Epithelial,25.72,10,73.39
CELL_92223,Epithelial,35.51,12,64.73
CELL_38270,Myocyte,81.7,50,90.71
CELL_89145,Neuron,115.12,46,65.14
CELL_57645,Myocyte,113.3,33,51.08
CELL_98578,Leukocyte,94.11,45,82.68
CELL_65512,Epithelial,45.76,16,62.21
CELL_61579,Myocyte,118.82,14,65.16
CELL_85472,Stem Cell,48.84,49,78.68
CELL_39095,Myocyte,13.02,32,66.32
CELL_64495,Erythrocyte,102.84,8,89.47
CELL_96879,Epithelial,77.71,40,87.14
CELL_32938,Neuron,9.48,6,76.9
CELL_36686,Myocyte,115.55,13,51.9
CELL_35923,Neuron,16.39,15,94.69
CELL_17776,Fibroblast,35.53,47,72.68
CELL_82378,Stem Cell,84.22,32,93.16
CELL_81292,Erythrocyte,99.14,29,60.93
CELL_36226,Fibroblast,30.21,7,72.24
CELL_13358,Fibroblast,50.64,43,61.03
CELL_73416,Erythrocyte,110.28,22,70.24
CELL_33239,Epithelial,58.14,18,54.97
CELL_59788,Epithelial,84.54,37,73.42
CELL_21083,Epithelial,40.48,15,72.76
CELL_15410,Fibroblast,95.2,44,70.43
CELL_80821,Neuron,97.42,27,68.32
CELL_22528,Fibroblast,47.38,20,66.62
CELL_21150,Fibroblast,12.36,21,57.54
CELL_24764,Leukocyte,78.84,21,70.35
CELL_16418,Leukocyte,51.85,10,96.86
CELL_26896,Fibroblast,113.48,7,63.79
CELL_52699,Erythrocyte,28.73,38,75.3
CELL_20909,Leukocyte,44.47,29,87.7
CELL_90620,Fibroblast,18.16,13,60.36
CELL_74200,Fibroblast,59.61,46,89.2
CELL_65533,Leukocyte,54.27,36,72.34
CELL_43753,Epithelial,43.53,30,85.25
CELL_72692,Epithelial,118.31,34,68.34
CELL_99859,Epithelial,93.22,20,61.15
CELL_52372,Fibroblast,111.04,45,84.94
CELL_47484,Erythrocyte,91.05,6,83.05
CELL_34741,Leukocyte,42.07,10,68.19
CELL_89979,Neuron,9.86,47,53.1
CELL_36092,Epithelial,71.65,11,93.41
CELL_90098,Erythrocyte,54.86,39,73.12
CELL_30762,Neuron,61.22,33,71.46
CELL_97123,Myocyte,49.07,41,63.78
CELL_57745,Fibroblast,42.66,35,70.27
CELL_10076,Fibroblast,43.49,17,82.56
CELL_24265,Neuron,111.17,40,86.93
CELL_74930,Fibroblast,9.94,47,84.02
CELL_16782,Fibroblast,21.9,39,59.15
CELL_13073,Leukocyte,28.66,30,96.41
CELL_50013,Stem Cell,96.44,21,50.14
CELL_23941,Erythrocyte,101.6,38,79.89
CELL_15710,Myocyte,64.46,21,67.89
CELL_28684,Myocyte,19.93,28,85.78
CELL_32004,Fibroblast,96.11,21,99.52
CELL_41461,Neuron,98.44,28,85.8
CELL_43253,Stem Cell,96.86,34,54.61
CELL_40513,Myocyte,60.74,17,77.14
CELL_95317,Neuron,29.11,14,84.19
CELL_19530,Neuron,24.17,22,58.33
CELL_64030,Stem Cell,24.98,34,82.67
CELL_11868,Neuron,78.49,41,62.39
CELL_74196,Epithelial,95.66,9,90.21
CELL_52385,Leukocyte,29.39,27,71.49
CELL_60221,Epithelial,41.2,19,79.21
CELL_82491,Fibroblast,45.77,12,61.56
CELL_13950,Leukocyte,9.73,31,76.56
CELL_31166,Stem Cell,64.53,12,59.29
CELL_88666,Neuron,16.15,17,67.04
CELL_51475,Epithelial,109.56,41,84.33
CELL_26385,Myocyte,71.07,18,75.36
CELL_30282,Neuron,90.15,30,61.42
CELL_47099,Erythrocyte,45.66,39,82.98
CELL_77731,Fibroblast,69.62,48,58.54
CELL_12815,Neuron,98.4,45,59.13
CELL_20991,Neuron,48.38,15,68.66
CELL_79515,Neuron,5.66,20,67.38
CELL_89421,Leukocyte,93.87,31,71.57
CELL_76281,Erythrocyte,48.24,43,98.48
CELL_45969,Myocyte,105.03,32,56.19
CELL_50145,Stem Cell,100.53,9,94.66
CELL_78843,Stem Cell,12.34,9,97.81
CELL_45370,Leukocyte,5.23,28,61.58
CELL_74241,Leukocyte,30.05,13,76.74
CELL_77476,Epithelial,110.87,39,72.09
CELL_18136,Epithelial,101.4,18,93.27
CELL_76125,Fibroblast,119.96,46,60.77
CELL_73118,Erythrocyte,117.4,24,68.72
CELL_41911,Leukocyte,8.0,28,76.24
CELL_10298,Neuron,117.45,44,99.05
CELL_76502,Epithelial,48.55,43,93.14
CELL_13288,Myocyte,73.03,35,63.8
CELL_10960,Myocyte,53.79,16,51.93
CELL_83772,Fibroblast,79.84,17,50.22
CELL_57903,Epithelial,114.39,5,60.61
CELL_73992,Leukocyte,118.6,22,89.17
CELL_69140,Fibroblast,103.46,14,57.27
CELL_27730,Neuron,78.2,16,71.26
CELL_23113,Myocyte,41.54,11,76.17
CELL_43694,Neuron,89.63,18,82.6
CELL_17476,Stem Cell,33.8,46,93.43
CELL_23587,Neuron,114.26,12,80.79
CELL_22120,Neuron,115.17,50,57.83
CELL_65773,Epithelial,21.03,19,92.46
CELL_17350,Epithelial,26.56,43,64.63
CELL_98982,Epithelial,41.87,26,77.68
CELL_56595,Epithelial,91.89,7,80.08
CELL_94712,Leukocyte,21.36,32,54.43
CELL_55708,Myocyte,43.22,7,79.99
CELL_18037,Myocyte,26.77,45,93.02
CELL_25376,Myocyte,9.59,35,89.25
CELL_47219,Stem Cell,97.65,38,85.06
CELL_74271,Epithelial,67.26,35,56.56
CELL_16768,Erythrocyte,78.34,28,79.07
CELL_99350,Neuron,116.22,45,75.43
CELL_83490,Epithelial,119.89,25,60.27
CELL_78859,Erythrocyte,40.34,20,82.75
CELL_71480,Epithelial,47.09,45,82.18
CELL_49694,Fibroblast,100.29,35,65.2
CELL_27077,Leukocyte,37.25,10,92.09
CELL_85540,Fibroblast,74.63,20,78.28
CELL_44620,Fibroblast,103.0,11,53.75
CELL_26913,Erythrocyte,40.88,27,80.08
CELL_44534,Erythrocyte,13.62,34,81.71
CELL_63107,Myocyte,97.5,10,83.31
CELL_86870,Epithelial,19.58,44,62.51
CELL_88575,Stem Cell,12.48,17,69.68
CELL_33950,Myocyte,24.54,36,63.56
CELL_18163,Erythrocyte,107.18,11,66.4
CELL_43764,Epithelial,21.91,39,84.33
CELL_86077,Erythrocyte,60.82,47,74.94
CELL_24013,Leukocyte,94.15,18,52.95
CELL_58125,Neuron,103.89,43,64.07
CELL_61597,Myocyte,82.31,45,81.51
CELL_86020,Myocyte,98.03,7,91.16
CELL_15088,Leukocyte,39.77,39,77.99
CELL_78293,Epithelial,18.2,6,74.58
CELL_79821,Stem Cell,41.98,7,94.8
CELL_16154,Epithelial,83.91,44,78.24
CELL_18068,Erythrocyte,76.51,29,65.28
CELL_66804,Leukocyte,119.77,36,82.07
CELL_24760,Leukocyte,37.82,30,54.09
CELL_65212,Myocyte,37.17,30,56.06
CELL_21903,Erythrocyte,118.16,32,74.48
CELL_95804,Leukocyte,57.37,47,59.09
CELL_36348,Fibroblast,112.44,36,66.85
CELL_33966,Stem Cell,41.74,41,81.74
CELL_35293,Stem Cell,35.39,37,88.58
CELL_36537,Stem Cell,119.15,22,59.22
CELL_35076,Neuron,42.42,29,81.02
CELL_93114,Neuron,10.64,16,95.76
CELL_48404,Epithelial,14.66,10,62.67
CELL_32817,Fibroblast,11.7,20,70.97
CELL_83919,Myocyte,62.73,32,89.65
CELL_12396,Erythrocyte,114.95,21,92.7
CELL_74253,Myocyte,60.18,7,59.87
CELL_44205,Stem Cell,42.06,34,52.38
CELL_98674,Neuron,119.46,25,83.89
CELL_54347,Leukocyte,34.5,45,72.15
CELL_47947,Leukocyte,90.89,15,83.0
CELL_85956,Epithelial,29.19,48,78.05
CELL_66534,Epithelial,81.28,23,75.88
CELL_36759,Epithelial,32.91,31,85.7
CELL_91004,Erythrocyte,119.36,12,82.08
CELL_63257,Myocyte,110.68,44,79.79
CELL_81832,Epithelial,68.61,10,96.16
CELL_11282,Neuron,8.74,30,95.76
CELL_47177,Leukocyte,27.39,32,72.64
CELL_82194,Neuron,98.91,21,93.28
CELL_74244,Fibroblast,87.3,6,88.13
CELL_33392,Fibroblast,39.49,12,81.21
CELL_41683,Myocyte,24.56,35,62.96
CELL_76445,Stem Cell,90.78,9,62.66
CELL_93304,Neuron,71.66,42,53.14
CELL_75527,Leukocyte,78.33,18,85.18
CELL_87640,Leukocyte,15.08,48,71.94
CELL_38626,Epithelial,42.8,8,69.52
CELL_40260,Fibroblast,73.2,38,74.2
CELL_78779,Leukocyte,13.91,26,95.06
CELL_70068,Epithelial,113.78,21,86.32
CELL_64350,Neuron,76.16,15,71.1
CELL_71326,Epithelial,72.04,8,79.24
CELL_94272,Myocyte,48.58,48,65.16
CELL_32402,Epithelial,84.96,30,99.99
CELL_35580,Leukocyte,93.72,34,95.28
CELL_16487,Fibroblast,19.4,37,87.33
CELL_49834,Neuron,62.85,41,77.87
CELL_76648,Fibroblast,97.41,35,67.27
CELL_10400,Leukocyte,35.04,37,67.86
CELL_85089,Fibroblast,48.38,39,69.52
CELL_42745,Erythrocyte,77.78,33,57.54
CELL_71724,Leukocyte,59.68,31,78.43
CELL_78515,Stem Cell,63.25,23,87.18
CELL_20748,Stem Cell,29.95,6,93.01
CELL_73740,Myocyte,101.84,39,89.52
CELL_76613,Stem Cell,76.02,17,72.69
CELL_59476,Myocyte,73.03,24,70.03
CELL_37410,Fibroblast,80.62,27,62.08
CELL_43444,Epithelial,94.95,38,62.83
CELL_76931,Fibroblast,51.8,49,86.15
CELL_12470,Fibroblast,70.08,14,66.52
CELL_24340,Epithelial,23.49,24,57.28
CELL_77645,Epithelial,101.84,6,72.43
CELL_18186,Neuron,31.18,23,55.44
CELL_25788,Stem Cell,99.93,13,72.0
CELL_12768,Neuron,119.85,27,77.4
CELL_72487,Leukocyte,35.72,25,74.61
CELL_63554,Fibroblast,27.46,18,63.64
CELL_76945,Erythrocyte,43.88,48,64.92
CELL_72837,Myocyte,102.91,43,62.05
CELL_38738,Neuron,77.3,35,83.4
CELL_55541,Epithelial,7.19,49,76.06
CELL_65039,Epithelial,79.57,34,52.94
CELL_80097,Stem Cell,61.2,16,98.2
CELL_44944,Erythrocyte,104.33,12,92.24
CELL_89045,Erythrocyte,109.9,18,95.74
CELL_86613,Fibroblast,40.0,34,69.23
CELL_45232,Erythrocyte,33.47,46,55.77
CELL_36610,Myocyte,96.09,10,58.16
CELL_62205,Epithelial,10.37,20,84.99
CELL_63275,Myocyte,90.49,10,57.43
CELL_29137,Myocyte,68.75,47,75.16
CELL_25476,Erythrocyte,94.67,48,98.28
CELL_92021,Stem Cell,43.68,29,70.98
CELL_47776,Stem Cell,73.1,17,64.83
CELL_58645,Epithelial,9.34,33,72.67
CELL_20502,Leukocyte,45.85,29,60.73
CELL_70337,Myocyte,10.53,24,83.45
CELL_51858,Myocyte,62.14,44,77.36
CELL_66421,Epithelial,36.56,15,90.2
CELL_85685,Stem Cell,26.88,6,53.02
CELL_28139,Stem Cell,10.76,5,65.11
CELL_19944,Neuron,29.79,20,61.82
CELL_59593,Epithelial,53.16,28,56.25
CELL_34842,Myocyte,84.31,41,86.4
CELL_63250,Erythrocyte,14.71,7,96.85
CELL_43737,Fibroblast,56.24,12,55.15
CELL_61007,Erythrocyte,65.62,39,87.18
CELL_87209,Myocyte,17.79,7,70.09
CELL_94275,Leukocyte,17.49,33,87.17
CELL_83436,Myocyte,115.05,5,54.4
CELL_85725,Myocyte,27.08,38,94.01
CELL_94744,Neuron,77.18,38,69.64
CELL_31552,Fibroblast,67.15,9,61.72
CELL_83392,Myocyte,105.37,34,66.65
CELL_35801,Epithelial,71.23,40,67.22
CELL_37540,Epithelial,86.94,35,72.7
CELL_89473,Fibroblast,82.21,23,70.81
CELL_23709,Myocyte,16.44,19,98.63
CELL_41733,Stem Cell,77.03,21,69.26
CELL_12070,Epithelial,66.08,24,56.12
CELL_30193,Erythrocyte,83.91,43,77.05
CELL_72526,Leukocyte,28.63,14,91.77
CELL_13010,Leukocyte,50.92,5,54.59
CELL_22674,Fibroblast,101.03,28,76.69
CELL_95516,Neuron,12.35,43,56.34
CELL_38873,Leukocyte,80.52,19,71.89
CELL_53198,Myocyte,80.88,47,51.42
CELL_34024,Erythrocyte,54.65,25,81.85
CELL_47233,Epithelial,25.75,12,95.3
CELL_89244,Leukocyte,46.68,18,97.99
CELL_65210,Neuron,101.67,14,66.22
CELL_33567,Myocyte,60.45,8,77.33
CELL_54556,Fibroblast,86.55,10,59.96
CELL_43693,Myocyte,113.74,24,82.59
CELL_45097,Stem Cell,81.91,30,55.6
CELL_26490,Stem Cell,58.7,47,60.48
CELL_50734,Erythrocyte,6.97,7,59.11
CELL_16863,Fibroblast,66.97,12,85.19
CELL_28555,Stem Cell,60.42,43,98.29
CELL_99526,Stem Cell,17.06,41,64.98
CELL_14962,Stem Cell,67.89,31,98.33
CELL_26903,Neuron,67.54,50,60.43
CELL_46125,Leukocyte,114.32,20,99.66
CELL_37342,Myocyte,54.3,42,50.1
CELL_82742,Myocyte,112.09,40,53.84
CELL_94122,Stem Cell,90.57,14,96.74
CELL_27697,Stem Cell,94.95,8,57.96
CELL_56503,Myocyte,16.7,34,72.37
CELL_13884,Stem Cell,51.34,11,80.54
CELL_27115,Stem Cell,108.72,28,67.42
CELL_29134,Neuron,53.19,48,82.76
CELL_98310,Stem Cell,90.93,32,61.05
CELL_37191,Fibroblast,42.44,39,64.65
CELL_40986,Erythrocyte,93.02,21,79.83
CELL_47645,Myocyte,46.21,18,71.62
CELL_93135,Epithelial,57.47,8,84.92
CELL_37045,Epithelial,84.86,22,80.66
CELL_74464,Leukocyte,18.97,23,78.9
CELL_22314,Erythrocyte,27.85,31,98.55
CELL_25994,Neuron,95.96,6,50.28
CELL_19467,Leukocyte,65.68,42,99.93
CELL_35111,Stem Cell,37.43,44,65.25
CELL_45103,Myocyte,39.45,7,57.15
CELL_62683,Fibroblast,91.18,12,97.62
CELL_36276,Neuron,60.11,21,76.99
CELL_56821,Epithelial,60.24,33,73.56
CELL_70557,Epithelial,64.91,9,93.5
CELL_68905,Leukocyte,91.58,26,52.43
CELL_66822,Myocyte,87.69,42,83.15
CELL_86391,Erythrocyte,91.16,19,52.32
CELL_55987,Fibroblast,11.8,10,75.05
CELL_19456,Neuron,14.42,11,54.23
CELL_75952,Stem Cell,50.25,44,98.92
CELL_42723,Leukocyte,9.25,21,75.3
CELL_45555,Neuron,18.43,26,70.5
CELL_85408,Stem Cell,96.42,48,94.31
CELL_80022,Stem Cell,81.71,39,75.51
CELL_31747,Epithelial,16.95,21,97.95
CELL_17372,Neuron,78.28,13,97.57
CELL_42231,Epithelial,69.98,8,63.28
CELL_71456,Myocyte,82.4,26,85.49
CELL_42028,Myocyte,50.47,30,83.31
CELL_93984,Fibroblast,13.54,47,86.65
CELL_61823,Leukocyte,108.02,32,61.88
CELL_68733,Myocyte,16.25,29,79.84
CELL_66740,Leukocyte,11.8,14,52.19
CELL_25277,Epithelial,35.3,30,80.97
CELL_85550,Neuron,57.44,19,98.86
CELL_70507,Neuron,9.36,33,53.66
CELL_82332,Epithelial,60.59,22,81.37
CELL_66764,Leukocyte,98.38,11,82.94
CELL_33244,Leukocyte,41.55,33,97.86
CELL_74492,Erythrocyte,33.54,45,82.17
CELL_85333,Fibroblast,19.27,6,63.26
CELL_20957,Stem Cell,93.51,33,89.06
CELL_21753,Leukocyte,51.67,15,74.88
CELL_71231,Myocyte,20.97,27,72.39
CELL_21024,Erythrocyte,82.2,17,51.37
CELL_81101,Leukocyte,94.2,22,61.18
CELL_13335,Epithelial,116.24,34,55.68
CELL_65976,Epithelial,49.65,20,90.15
CELL_42199,Leukocyte,81.75,30,77.79
CELL_61318,Myocyte,70.41,40,50.26
CELL_19946,Stem Cell,10.17,24,81.25
CELL_80547,Leukocyte,111.43,11,86.15
CELL_13517,Myocyte,8.55,8,56.92
CELL_69735,Erythrocyte,15.97,47,54.86
CELL_19630,Neuron,16.7,23,93.87
CELL_68834,Stem Cell,74.9,39,63.15
CELL_24436,Fibroblast,55.09,38,58.89
CELL_79283,Epithelial,11.54,36,96.45
CELL_64690,Myocyte,99.31,30,52.91
CELL_89069,Myocyte,86.39,32,83.18
CELL_46216,Stem Cell,103.47,35,94.27
CELL_12343,Erythrocyte,24.07,37,58.41
CELL_83550,Epithelial,83.68,14,52.89
CELL_60391,Erythrocyte,91.25,26,97.46
CELL_81024,Epithelial,46.79,26,79.86
CELL_88163,Myocyte,31.96,38,71.68
CELL_93707,Neuron,78.32,20,71.65
CELL_61452,Epithelial,52.46,20,77.47
CELL_35035,Myocyte,72.75,43,52.86
CELL_72386,Neuron,64.24,20,87.03
CELL_49589,Erythrocyte,60.06,12,86.92
CELL_65522,Epithelial,24.12,15,77.66
CELL_71231,Leukocyte,94.11,42,89.64
CELL_87076,Myocyte,7.89,30,84.03
CELL_92723,Myocyte,30.91,39,98.05
CELL_25612,Neuron,99.62,35,54.71
CELL_42687,Stem Cell,11.5,23,88.52
CELL_79154,Leukocyte,35.48,35,50.8
CELL_53437,Epithelial,5.24,19,55.97
CELL_93522,Stem Cell,30.59,29,93.71
CELL_48887,Fibroblast,75.24,9,85.99
CELL_56012,Fibroblast,16.11,36,67.21
CELL_94349,Myocyte,71.04,8,92.15
CELL_83509,Fibroblast,97.24,42,84.32
CELL_93104,Leukocyte,91.69,13,55.9
CELL_67170,Epithelial,13.72,26,64.88
CELL_61877,Stem Cell,23.07,13,83.41
CELL_78826,Neuron,70.85,44,59.29
CELL_66158,Myocyte,115.31,37,60.78
CELL_70056,Myocyte,17.2,21,69.4
CELL_61447,Erythrocyte,99.91,41,77.16
CELL_55061,Fibroblast,40.75,16,95.39
CELL_70639,Erythrocyte,103.02,39,54.73
CELL_94360,Stem Cell,99.62,12,56.64
CELL_85859,Neuron,98.69,26,50.64
CELL_57256,Fibroblast,85.27,21,72.4
CELL_75396,Fibroblast,18.58,9,66.15
CELL_69399,Stem Cell,69.4,49,68.95
CELL_34869,Fibroblast,12.38,27,50.83
CELL_62878,Stem Cell,66.5,20,68.69
CELL_25573,Epithelial,39.46,50,50.38
CELL_61102,Neuron,18.36,22,98.36
CELL_86877,Neuron,66.24,38,70.12
CELL_20419,Neuron,49.39,45,99.32
CELL_35141,Stem Cell,34.18,32,78.41
CELL_49283,Neuron,96.74,23,76.28
CELL_82895,Erythrocyte,29.62,43,77.5
CELL_60735,Fibroblast,112.03,48,82.32
CELL_33509,Leukocyte,79.91,21,86.45
CELL_50590,Epithelial,11.06,13,90.67
CELL_88159,Leukocyte,109.95,22,74.22
CELL_46107,Neuron,44.5,9,51.44
CELL_82242,Epithelial,16.41,26,75.54
CELL_93399,Neuron,104.85,18,77.52
CELL_10861,Epithelial,28.87,9,54.16
CELL_69220,Myocyte,96.59,45,64.43
CELL_71697,Stem Cell,42.9,47,89.83
CELL_44155,Stem Cell,19.19,23,77.26
CELL_48082,Erythrocyte,114.48,28,75.05
CELL_66707,Leukocyte,51.39,17,69.62
CELL_85351,Erythrocyte,100.6,30,91.3
CELL_67870,Erythrocyte,16.45,35,86.89
CELL_55609,Stem Cell,92.58,9,97.87
CELL_79004,Leukocyte,50.5,12,80.58
CELL_69711,Erythrocyte,56.9,32,94.6
CELL_65483,Fibroblast,47.71,20,84.45
CELL_54393,Stem Cell,32.89,50,96.13
CELL_35253,Fibroblast,57.48,49,57.49
CELL_62442,Myocyte,30.66,25,53.86
CELL_74847,Leukocyte,16.23,35,67.26
CELL_59970,Epithelial,108.64,16,81.3
CELL_13794,Myocyte,14.48,15,91.64
CELL_47071,Leukocyte,69.93,18,53.06
CELL_63156,Myocyte,30.53,41,81.21
CELL_26232,Leukocyte,20.42,5,50.02
CELL_96905,Epithelial,74.76,9,91.57
CELL_76285,Epithelial,104.15,20,93.59
CELL_56671,Erythrocyte,30.72,49,57.83
CELL_78415,Fibroblast,54.46,37,53.81
CELL_40369,Stem Cell,110.01,18,60.17
CELL_14045,Myocyte,92.46,21,80.89
CELL_82224,Myocyte,54.16,48,97.65
CELL_78966,Erythrocyte,39.36,16,84.93
CELL_56617,Erythrocyte,88.72,33,73.3
CELL_94040,Erythrocyte,10.66,15,62.59
CELL_47984,Neuron,58.43,29,68.15
CELL_33918,Myocyte,34.34,36,84.7
CELL_10696,Myocyte,82.06,50,90.28
CELL_83366,Stem Cell,51.88,10,70.65
CELL_32269,Stem Cell,92.14,34,86.38
CELL_21637,Neuron,68.34,44,74.09
CELL_12771,Myocyte,75.65,50,87.44
CELL_39617,Stem Cell,53.42,6,67.2
CELL_53410,Neuron,15.19,37,68.75
CELL_39904,Neuron,46.23,33,80.13
CELL_46588,Fibroblast,40.58,41,79.66
CELL_30658,Neuron,8.94,40,90.1
CELL_86320,Myocyte,17.45,35,63.41
CELL_61018,Stem Cell,62.73,21,80.49
CELL_44539,Fibroblast,66.82,20,60.02
CELL_83978,Neuron,104.83,45,69.49
CELL_12203,Fibroblast,56.29,7,67.06
CELL_24922,Stem Cell,24.97,36,73.07
CELL_84659,Myocyte,20.3,18,80.6
CELL_75949,Stem Cell,9.88,17,63.07
CELL_12960,Leukocyte,50.85,11,87.51
CELL_32494,Stem Cell,63.92,37,54.0
CELL_90748,Fibroblast,59.51,34,63.09
CELL_88583,Neuron,80.38,9,54.42
CELL_98639,Neuron,22.1,42,53.78
CELL_67620,Neuron,53.79,45,65.42
CELL_87159,Leukocyte,82.55,13,55.96
CELL_99496,Epithelial,61.75,40,93.31
CELL_55272,Epithelial,84.4,39,62.84
CELL_78144,Stem Cell,69.12,49,57.26
CELL_73738,Stem Cell,76.55,38,74.08
CELL_44274,Erythrocyte,79.84,50,63.83
CELL_76494,Myocyte,73.01,8,83.74
CELL_19027,Neuron,108.87,20,81.67
CELL_65415,Epithelial,33.83,45,79.09
CELL_50577,Fibroblast,55.69,49,83.48
CELL_45717,Leukocyte,98.69,48,87.49
CELL_89300,Myocyte,76.41,31,71.68
CELL_36159,Stem Cell,76.87,12,51.76
CELL_61849,Erythrocyte,106.76,33,50.31
CELL_26392,Stem Cell,16.73,39,66.75
CELL_69370,Erythrocyte,81.75,30,73.71
CELL_89510,Leukocyte,5.88,34,82.69
CELL_54289,Neuron,59.47,22,74.36
CELL_58210,Leukocyte,76.27,27,92.48
CELL_15117,Epithelial,108.74,8,52.38
CELL_28880,Myocyte,69.19,17,60.74
CELL_68392,Fibroblast,87.68,21,74.33
CELL_93939,Myocyte,49.22,43,86.8
CELL_64429,Epithelial,104.5,37,57.09
CELL_10651,Leukocyte,30.8,17,70.31
CELL_83629,Leukocyte,12.83,6,73.65
CELL_10984,Epithelial,57.32,7,81.38
CELL_21468,Stem Cell,69.24,45,55.6
CELL_68495,Stem Cell,31.51,10,74.77
CELL_13335,Erythrocyte,43.79,12,95.27
CELL_81299,Erythrocyte,114.6,42,77.48
CELL_59558,Stem Cell,37.42,50,72.79
CELL_45853,Epithelial,29.47,29,80.06
CELL_52762,Erythrocyte,80.16,12,94.07
CELL_47087,Neuron,39.0,19,88.93
CELL_94494,Neuron,88.84,22,74.63
CELL_13291,Fibroblast,46.34,20,71.76
CELL_44056,Erythrocyte,67.86,27,73.24
CELL_58629,Stem Cell,77.18,28,94.56
CELL_95232,Erythrocyte,59.29,5,97.39
CELL_83019,Neuron,17.75,40,93.64
CELL_17731,Erythrocyte,58.49,35,54.61
CELL_43483,Fibroblast,10.24,6,83.65
CELL_16313,Neuron,114.23,24,84.28
CELL_56069,Myocyte,21.71,34,54.34
CELL_76487,Myocyte,25.1,26,95.94
CELL_93695,Fibroblast,25.9,12,69.32
CELL_52413,Stem Cell,23.94,13,96.48
CELL_29565,Fibroblast,17.59,37,81.22
CELL_61470,Stem Cell,95.83,10,67.64
CELL_93935,Epithelial,39.51,38,60.98
CELL_97462,Erythrocyte,109.49,42,96.64
CELL_56518,Myocyte,13.16,18,61.46
CELL_91968,Myocyte,114.91,16,62.11
CELL_96089,Erythrocyte,30.7,43,80.96
CELL_24837,Fibroblast,111.24,26,71.97
CELL_27595,Myocyte,83.16,23,72.68
CELL_96721,Fibroblast,61.84,7,82.76
CELL_84228,Myocyte,38.52,5,52.82
CELL_79086,Epithelial,9.27,25,53.08
CELL_80661,Erythrocyte,92.63,7,52.28
CELL_26692,Erythrocyte,75.8,18,66.71
CELL_66257,Stem Cell,16.24,32,65.77
CELL_59990,Fibroblast,30.9,33,82.54
CELL_92374,Neuron,51.57,25,73.09
CELL_29753,Stem Cell,88.49,26,77.69
CELL_94778,Leukocyte,69.47,15,75.98
CELL_31629,Stem Cell,85.05,20,52.06
CELL_92677,Stem Cell,74.5,47,66.86
CELL_44592,Neuron,40.01,10,67.21
CELL_94760,Epithelial,99.03,15,75.19
CELL_21027,Leukocyte,16.82,43,63.02
CELL_94257,Epithelial,58.65,40,87.4
CELL_85560,Fibroblast,99.56,7,59.16
CELL_65163,Leukocyte,91.07,22,89.52
CELL_46868,Fibroblast,48.59,43,62.67
CELL_39965,Neuron,100.36,49,58.9
CELL_30730,Leukocyte,64.09,20,79.05
CELL_29325,Leukocyte,106.79,47,66.14
CELL_26680,Erythrocyte,89.48,9,79.74
CELL_86354,Erythrocyte,68.09,49,51.2
CELL_19237,Epithelial,10.89,22,92.85
CELL_49282,Myocyte,11.36,38,79.99
CELL_38593,Fibroblast,115.74,35,80.13
CELL_19540,Fibroblast,84.78,14,91.63
CELL_72464,Epithelial,80.06,20,70.12
CELL_58970,Epithelial,9.34,42,76.33
CELL_39583,Neuron,33.09,17,53.64
CELL_70613,Stem Cell,36.07,6,69.48
CELL_69885,Stem Cell,13.7,15,74.75
CELL_38674,Epithelial,72.45,32,66.66
CELL_77328,Fibroblast,25.51,44,82.2
CELL_34145,Myocyte,113.69,31,74.82
CELL_23289,Neuron,113.57,38,51.92
CELL_95609,Erythrocyte,98.34,30,67.92
CELL_54760,Neuron,87.62,23,57.59
CELL_18668,Myocyte,72.0,24,68.18
CELL_75576,Fibroblast,78.07,36,77.74
CELL_48410,Epithelial,112.63,22,62.38
CELL_56568,Erythrocyte,40.51,21,76.26
CELL_93954,Neuron,111.6,17,69.96
CELL_32778,Fibroblast,52.58,43,87.6
CELL_48190,Erythrocyte,73.08,8,88.84
CELL_18277,Fibroblast,56.6,32,95.43
CELL_15637,Erythrocyte,43.12,26,60.59
CELL_55641,Neuron,70.62,27,76.79
CELL_17786,Fibroblast,101.55,7,90.11
CELL_57751,Stem Cell,82.78,23,80.06
CELL_35176,Epithelial,50.73,47,75.89
CELL_67828,Erythrocyte,69.6,7,65.99
CELL_54568,Leukocyte,67.49,43,54.35
CELL_74716,Fibroblast,31.59,40,72.92
CELL_26036,Neuron,64.14,41,66.87
CELL_10198,Fibroblast,54.11,35,60.3
CELL_35730,Fibroblast,38.25,46,60.26
CELL_31189,Leukocyte,64.57,15,74.67
CELL_16515,Erythrocyte,91.31,50,94.23
CELL_70992,Leukocyte,69.21,19,86.46
CELL_74392,Leukocyte,118.74,33,69.98
CELL_37438,Fibroblast,109.55,40,99.73
CELL_27555,Fibroblast,38.68,17,83.08
CELL_17176,Stem Cell,55.82,41,53.77
CELL_52154,Neuron,45.88,34,81.53
CELL_69832,Fibroblast,49.5,49,65.28
CELL_19699,Epithelial,111.18,44,88.14
CELL_52168,Fibroblast,115.83,16,69.15
CELL_52246,Epithelial,61.91,10,53.79
CELL_57738,Leukocyte,91.94,38,54.43
CELL_53295,Erythrocyte,93.29,30,67.73
CELL_84185,Neuron,56.82,6,96.13
CELL_98095,Epithelial,106.17,8,51.61
CELL_41321,Stem Cell,59.29,48,75.98
CELL_30344,Myocyte,87.4,23,65.27
CELL_61146,Fibroblast,85.75,14,80.32
CELL_17924,Leukocyte,65.58,34,88.77
CELL_10807,Neuron,45.75,13,91.46
CELL_12808,Neuron,7.46,16,81.8
CELL_76138,Fibroblast,9.83,19,78.38
CELL_55681,Neuron,96.15,50,71.81
CELL_10083,Epithelial,31.16,49,65.26
CELL_92677,Leukocyte,113.46,29,58.49
CELL_35105,Myocyte,59.65,16,70.3
CELL_90445,Erythrocyte,52.73,9,94.29
CELL_81614,Myocyte,44.8,39,62.75
CELL_82023,Myocyte,85.62,39,94.28
CELL_21756,Erythrocyte,66.32,7,54.32
CELL_97834,Myocyte,49.91,28,83.4
CELL_63595,Fibroblast,72.69,27,96.26
CELL_75736,Fibroblast,113.31,48,96.29
CELL_22384,Stem Cell,28.39,30,61.4
CELL_44984,Leukocyte,97.05,42,52.65
CELL_78375,Neuron,67.76,16,53.84
CELL_92675,Stem Cell,62.22,7,82.63
CELL_56438,Stem Cell,18.22,6,93.16
CELL_83160,Leukocyte,75.38,24,66.02
CELL_77025,Stem Cell,90.83,40,90.68
CELL_61969,Neuron,28.93,26,80.05
CELL_57466,Neuron,113.28,35,80.25
CELL_48909,Neuron,68.98,25,89.2
CELL_32012,Leukocyte,69.17,19,97.73
CELL_26127,Fibroblast,37.62,48,65.28
CELL_69712,Erythrocyte,8.84,24,50.1
CELL_91966,Myocyte,114.79,21,83.74
CELL_49468,Stem Cell,12.48,10,91.99
CELL_82320,Myocyte,117.7,20,74.44
CELL_95730,Epithelial,83.75,43,68.55
CELL_58537,Erythrocyte,97.33,38,62.42
CELL_52071,Fibroblast,71.69,14,95.15
CELL_59979,Leukocyte,64.54,22,86.23
CELL_49211,Erythrocyte,14.84,31,65.64
CELL_67930,Stem Cell,32.57,30,87.86
CELL_47611,Neuron,62.71,14,79.63
CELL_11361,Epithelial,73.37,41,90.09
CELL_54952,Stem Cell,110.08,5,58.2
CELL_79760,Erythrocyte,84.05,30,68.19
CELL_30259,Neuron,49.29,22,57.55
CELL_15111,Myocyte,34.13,50,75.09
CELL_38542,Myocyte,23.91,5,74.71
CELL_32708,Leukocyte,23.47,24,96.27
CELL_76177,Fibroblast,18.41,50,66.6
CELL_89646,Leukocyte,102.77,19,85.82
CELL_39399,Leukocyte,99.98,21,68.08
CELL_17218,Leukocyte,55.83,5,62.15
CELL_97868,Fibroblast,81.96,10,85.4
CELL_86665,Neuron,78.46,32,67.14
CELL_26575,Erythrocyte,21.72,49,79.44
CELL_21562,Myocyte,82.52,42,50.59
CELL_68104,Neuron,84.68,10,58.26
CELL_96269,Erythrocyte,115.28,39,85.91
CELL_45217,Leukocyte,86.96,38,79.95
CELL_61670,Leukocyte,91.94,34,50.13
CELL_54968,Leukocyte,90.36,15,56.65
CELL_49790,Erythrocyte,25.08,15,94.62
CELL_71072,Erythrocyte,106.1,5,66.37
CELL_50175,Stem Cell,62.95,27,99.6
CELL_15209,Stem Cell,69.29,28,53.26
CELL_25235,Leukocyte,54.49,17,92.73
CELL_14248,Neuron,25.17,35,87.25
CELL_72505,Epithelial,71.44,15,99.88
CELL_73559,Epithelial,108.65,30,97.5
CELL_95807,Neuron,26.61,6,91.4
CELL_67912,Leukocyte,6.73,30,92.47
CELL_41058,Myocyte,112.33,39,79.82
CELL_98348,Stem Cell,96.55,38,94.5
CELL_37709,Stem Cell,66.67,7,96.79
CELL_57963,Neuron,18.1,13,98.3
CELL_40688,Leukocyte,34.81,15,50.2
CELL_54860,Fibroblast,56.56,31,55.81
CELL_29387,Fibroblast,106.65,11,89.09
CELL_16224,Stem Cell,94.23,15,90.3
CELL_60104,Myocyte,21.96,26,94.15
CELL_95592,Stem Cell,8.61,12,99.39
CELL_65079,Stem Cell,13.57,27,53.69
CELL_90662,Epithelial,55.07,13,65.52
CELL_33103,Stem Cell,81.9,44,83.12
CELL_21859,Erythrocyte,74.96,10,63.67
CELL_87231,Neuron,32.0,11,72.51
CELL_75650,Leukocyte,31.07,13,74.54
CELL_55002,Erythrocyte,97.59,36,89.06
CELL_63162,Epithelial,11.13,47,88.7
CELL_56513,Stem Cell,49.69,31,64.67
CELL_64061,Neuron,115.54,34,76.75
CELL_16920,Neuron,39.88,25,78.54
CELL_29386,Fibroblast,16.85,7,58.61
CELL_61177,Fibroblast,87.18,35,64.67
CELL_47764,Myocyte,11.48,16,87.53
CELL_38263,Epithelial,78.27,40,58.49
CELL_80008,Fibroblast,27.99,45,97.99
CELL_11932,Epithelial,10.23,34,86.72
CELL_28514,Erythrocyte,22.98,6,68.21
CELL_10544,Neuron,52.96,33,88.21
CELL_22619,Leukocyte,115.54,42,78.93
CELL_16248,Neuron,76.01,7,93.21
CELL_73009,Neuron,118.02,45,98.87
CELL_18129,Erythrocyte,90.04,29,97.28
CELL_42911,Myocyte,50.23,26,75.02
CELL_28195,Myocyte,39.72,8,63.08
CELL_99793,Fibroblast,64.51,19,83.1
CELL_65395,Erythrocyte,29.57,36,76.27
CELL_95080,Epithelial,47.2,43,59.31
CELL_27667,Fibroblast,94.94,46,78.82
CELL_51110,Leukocyte,88.06,10,65.81
CELL_64196,Erythrocyte,58.57,40,70.09
CELL_66923,Epithelial,56.9,18,57.48
CELL_50859,Epithelial,83.33,20,65.52
CELL_20710,Epithelial,119.48,18,59.8
CELL_77187,Fibroblast,77.91,45,99.07
CELL_48052,Epithelial,72.89,18,81.93
CELL_58591,Neuron,74.39,48,80.94
CELL_45832,Leukocyte,32.58,7,54.35
CELL_89418,Leukocyte,18.75,44,79.94
CELL_19068,Myocyte,42.57,22,85.3
CELL_20110,Erythrocyte,56.87,40,93.91
CELL_95545,Erythrocyte,50.39,8,63.83
CELL_82666,Stem Cell,7.53,8,55.19
CELL_28484,Fibroblast,62.14,35,81.57
CELL_31614,Leukocyte,27.88,28,79.14
CELL_63141,Myocyte,66.37,9,81.35
CELL_25318,Epithelial,93.87,35,72.65
CELL_93968,Neuron,22.67,41,89.78
CELL_19138,Neuron,90.89,33,72.41
CELL_47069,Leukocyte,95.78,35,84.56
CELL_11590,Myocyte,112.96,17,57.79
CELL_91166,Erythrocyte,13.0,14,50.74
CELL_73301,Myocyte,49.58,5,79.51
CELL_95186,Epithelial,34.26,45,58.07
CELL_88429,Erythrocyte,73.21,36,83.29
CELL_32509,Fibroblast,66.95,6,79.37
CELL_90486,Myocyte,39.26,38,85.58
CELL_24417,Myocyte,60.4,48,99.52
CELL_72792,Leukocyte,6.8,34,96.76
CELL_21372,Neuron,93.0,24,90.4
CELL_12097,Stem Cell,99.65,19,86.3
CELL_78947,Leukocyte,7.64,44,82.14
CELL_80080,Leukocyte,21.45,44,97.98
CELL_55579,Erythrocyte,34.42,7,71.93
CELL_94176,Erythrocyte,102.3,8,90.9
CELL_57654,Erythrocyte,49.77,9,86.83
CELL_71516,Erythrocyte,63.56,39,92.24
CELL_13493,Myocyte,76.82,28,62.51
CELL_34375,Erythrocyte,79.06,43,70.71
CELL_37960,Leukocyte,88.95,15,74.27
CELL_80299,Myocyte,114.53,26,74.05
CELL_74505,Fibroblast,103.95,34,71.56
CELL_20944,Myocyte,106.35,45,83.05
CELL_19283,Stem Cell,80.73,7,59.93
CELL_71418,Erythrocyte,76.32,8,90.47
CELL_70002,Myocyte,76.04,30,62.76
CELL_40817,Myocyte,61.76,42,62.38
CELL_88425,Neuron,84.23,29,99.83
CELL_74977,Myocyte,31.22,10,93.69
CELL_53402,Stem Cell,48.03,22,77.43
CELL_69203,Epithelial,34.35,45,78.2
CELL_89882,Erythrocyte,105.96,27,83.95
CELL_22358,Leukocyte,33.36,7,53.63
CELL_78327,Stem Cell,46.62,34,93.49
CELL_71317,Epithelial,77.65,46,61.81
CELL_66655,Stem Cell,75.14,42,96.32
CELL_16200,Leukocyte,113.92,31,52.2
CELL_61432,Fibroblast,37.14,37,96.37
CELL_92827,Erythrocyte,108.27,19,55.52
CELL_50844,Epithelial,86.63,47,85.96
CELL_16758,Epithelial,31.75,25,81.43
CELL_69583,Fibroblast,42.02,30,57.37
CELL_99126,Neuron,84.94,15,65.57
CELL_45818,Erythrocyte,22.41,13,89.03
CELL_73184,Epithelial,32.94,22,82.62
CELL_26236,Myocyte,17.92,26,89.62
CELL_96393,Stem Cell,50.18,48,73.06
CELL_62321,Stem Cell,75.78,19,59.69
CELL_85713,Myocyte,16.68,36,78.09
CELL_88322,Stem Cell,29.17,14,63.85
CELL_34877,Leukocyte,26.22,50,69.21
CELL_75203,Epithelial,25.56,14,61.53
CELL_21347,Stem Cell,46.73,37,75.34
CELL_66323,Leukocyte,62.69,24,51.79
CELL_86384,Myocyte,38.76,28,77.29
CELL_51858,Erythrocyte,86.34,40,93.25
CELL_69215,Stem Cell,63.46,35,53.04
CELL_60164,Epithelial,14.46,13,73.57
CELL_53588,Leukocyte,51.6,13,68.63
CELL_52141,Stem Cell,8.22,46,95.52
CELL_64948,Erythrocyte,27.88,29,64.66
CELL_15758,Epithelial,84.45,14,59.22
CELL_37605,Myocyte,88.47,40,85.38
CELL_84148,Stem Cell,49.66,27,61.18
CELL_72190,Myocyte,104.27,20,64.09
CELL_37576,Neuron,99.49,16,66.8
CELL_27212,Leukocyte,64.36,16,57.95
CELL_15465,Myocyte,19.36,39,66.26
CELL_91095,Erythrocyte,97.72,41,73.07
CELL_50426,Myocyte,38.16,9,94.12
CELL_53104,Fibroblast,23.93,42,50.67
CELL_56286,Neuron,62.3,27,94.84
CELL_67858,Epithelial,86.44,27,69.4
CELL_93563,Neuron,67.45,45,89.84
CELL_15214,Fibroblast,46.26,39,70.85
CELL_48936,Stem Cell,83.8,11,71.3
CELL_26967,Stem Cell,66.4,18,84.0
CELL_50126,Leukocyte,106.22,12,64.04
CELL_93335,Neuron,103.48,39,70.07
CELL_62506,Fibroblast,74.28,27,59.69
CELL_60561,Leukocyte,50.78,29,52.03
CELL_27184,Fibroblast,104.12,32,82.6
CELL_33450,Fibroblast,37.25,6,54.36
CELL_67290,Epithelial,78.9,5,89.14
CELL_79779,Neuron,96.82,24,97.05
CELL_82111,Epithelial,55.57,46,56.56
CELL_98652,Stem Cell,119.02,5,84.83
CELL_72974,Myocyte,99.6,19,98.56
CELL_83699,Erythrocyte,82.17,50,75.98
CELL_31395,Leukocyte,92.15,33,76.76
CELL_52654,Fibroblast,63.98,47,56.38
CELL_83239,Leukocyte,15.0,44,76.43
CELL_25416,Myocyte,18.73,20,56.38
CELL_94951,Erythrocyte,16.79,28,99.28
CELL_38163,Erythrocyte,44.42,10,79.26
CELL_35141,Leukocyte,111.85,27,66.13
CELL_23854,Erythrocyte,33.75,20,64.78
CELL_33159,Myocyte,79.86,18,71.96
CELL_75459,Neuron,68.66,36,63.53
CELL_99575,Fibroblast,113.65,48,71.09
CELL_58418,Erythrocyte,119.44,6,95.14
CELL_78612,Fibroblast,90.09,20,84.65
CELL_19009,Leukocyte,98.11,34,67.64
CELL_41160,Myocyte,25.54,50,84.93
CELL_66592,Stem Cell,74.87,35,86.15
CELL_68478,Fibroblast,68.74,10,99.72
CELL_33900,Erythrocyte,67.37,21,76.5
CELL_21142,Neuron,11.54,33,68.95
CELL_30192,Epithelial,47.8,49,89.73
CELL_71669,Fibroblast,84.59,37,81.68
CELL_89342,Neuron,54.94,6,51.18
CELL_90874,Stem Cell,86.11,27,55.64
CELL_84500,Stem Cell,94.9,44,83.83
CELL_71636,Stem Cell,59.22,50,76.59
CELL_37780,Erythrocyte,117.32,38,61.55
CELL_27720,Leukocyte,18.6,33,56.66
CELL_95658,Myocyte,86.85,19,83.95
CELL_55537,Epithelial,30.4,45,70.01
CELL_92984,Fibroblast,79.89,6,85.67
CELL_83376,Myocyte,91.12,29,62.91
CELL_37765,Epithelial,62.56,26,61.39
CELL_63363,Myocyte,102.24,49,58.67
CELL_25844,Leukocyte,49.06,48,65.9
CELL_28553,Fibroblast,43.37,48,52.81
CELL_18247,Myocyte,27.57,34,59.81
CELL_81152,Fibroblast,85.25,50,88.79
CELL_64379,Stem Cell,26.26,19,76.76
CELL_78408,Neuron,103.1,13,82.07
CELL_72433,Neuron,103.55,27,88.76
CELL_45624,Myocyte,35.56,45,59.37
CELL_87670,Neuron,30.86,39,68.08
CELL_53288,Stem Cell,70.02,17,79.99
CELL_57846,Fibroblast,44.95,18,61.09
CELL_49712,Stem Cell,101.07,30,96.86
CELL_29270,Neuron,116.4,14,86.92
CELL_61159,Leukocyte,52.62,41,74.01
CELL_36326,Stem Cell,79.77,23,98.64
CELL_15964,Leukocyte,49.17,44,86.26
CELL_86119,Stem Cell,83.29,32,93.88
CELL_50747,Epithelial,60.85,37,68.39
CELL_58604,Erythrocyte,41.22,44,55.77
CELL_77522,Stem Cell,114.7,36,67.46
CELL_99310,Stem Cell,100.74,37,55.86
CELL_10220,Erythrocyte,10.28,36,63.52
CELL_73311,Leukocyte,108.89,47,88.23
CELL_12763,Erythrocyte,82.31,14,60.39
CELL_42265,Neuron,33.29,48,83.68
CELL_88743,Neuron,116.7,41,86.22
CELL_98404,Stem Cell,31.41,34,79.37
CELL_42576,Myocyte,62.37,13,97.65
CELL_31528,Stem Cell,40.7,41,88.79
CELL_52644,Fibroblast,64.23,33,99.57
CELL_77870,Epithelial,90.95,29,57.14
CELL_86666,Fibroblast,48.1,38,81.3
CELL_44042,Epithelial,92.42,29,76.93
CELL_45422,Epithelial,103.23,14,59.91
CELL_26530,Fibroblast,19.64,8,50.37
CELL_94097,Neuron,119.78,49,76.9
CELL_13704,Fibroblast,54.68,16,91.49
CELL_19681,Erythrocyte,88.42,49,77.56
CELL_41221,Epithelial,85.62,46,88.99
CELL_95277,Neuron,90.04,49,56.19
CELL_98631,Fibroblast,6.14,36,67.89
CELL_30639,Leukocyte,82.2,5,78.71
CELL_17314,Leukocyte,91.3,24,64.85
CELL_16158,Leukocyte,7.29,29,60.62
CELL_30977,Fibroblast,48.82,7,96.35
CELL_28881,Myocyte,60.21,44,83.49
CELL_57818,Epithelial,68.49,21,69.33
CELL_16937,Neuron,96.16,35,94.18
CELL_14100,Erythrocyte,8.37,6,72.48
CELL_20171,Fibroblast,118.01,41,59.65
CELL_47479,Neuron,23.84,7,77.25
CELL_96005,Epithelial,111.07,31,85.88
CELL_84381,Myocyte,87.78,12,66.9
CELL_23810,Fibroblast,14.13,49,92.23
CELL_81232,Myocyte,12.64,48,57.86
CELL_29025,Erythrocyte,39.27,46,98.1
CELL_91984,Leukocyte,113.27,46,60.21
CELL_88864,Epithelial,72.94,24,71.15
CELL_28417,Erythrocyte,71.68,11,54.2
CELL_83955,Fibroblast,41.23,20,97.04
CELL_39751,Myocyte,62.5,30,68.24
CELL_14467,Fibroblast,85.88,5,68.12
CELL_62471,Epithelial,87.6,13,57.39
CELL_88416,Myocyte,109.38,12,81.72
CELL_68536,Fibroblast,32.83,9,72.05
CELL_86689,Leukocyte,14.79,24,99.67
CELL_99412,Fibroblast,30.26,43,78.0
CELL_31365,Fibroblast,21.54,43,61.39
CELL_62306,Leukocyte,57.52,6,90.87
CELL_78899,Leukocyte,13.58,25,85.94
CELL_23097,Neuron,32.78,31,72.08
CELL_27946,Stem Cell,26.15,47,55.19
CELL_92025,Epithelial,63.19,30,86.5
CELL_73695,Myocyte,67.01,20,68.94
CELL_82121,Erythrocyte,35.92,32,89.03
CELL_11541,Leukocyte,56.16,43,87.57
CELL_44516,Neuron,71.03,39,84.57
CELL_88171,Epithelial,12.1,11,99.62
CELL_19548,Epithelial,46.13,32,97.63
CELL_42421,Myocyte,89.78,20,70.67
CELL_55868,Epithelial,68.91,12,50.02
CELL_64923,Myocyte,119.46,10,60.82
CELL_30780,Erythrocyte,21.94,39,53.82
CELL_57268,Neuron,87.66,46,81.91
CELL_62992,Myocyte,52.7,5,82.77
CELL_70945,Leukocyte,113.34,12,86.48
CELL_42525,Fibroblast,50.28,22,82.4
CELL_26111,Erythrocyte,40.79,34,72.07
CELL_33151,Fibroblast,5.43,35,82.15
CELL_13740,Erythrocyte,20.76,45,86.27
CELL_74178,Myocyte,103.59,9,86.27
CELL_87294,Myocyte,75.29,21,59.64
CELL_66272,Stem Cell,52.14,15,82.67
CELL_22131,Epithelial,53.27,40,93.16
CELL_27154,Neuron,47.34,45,65.25
CELL_94242,Fibroblast,104.61,21,69.26
CELL_82828,Erythrocyte,105.67,7,75.4
CELL_83077,Fibroblast,106.61,39,95.54
CELL_85437,Myocyte,91.04,10,73.92
CELL_63586,Leukocyte,37.49,13,55.49
CELL_74857,Erythrocyte,118.13,16,89.07
CELL_77026,Erythrocyte,106.46,33,65.47
CELL_69635,Leukocyte,111.2,7,76.8
CELL_18848,Fibroblast,88.42,37,91.09
CELL_38867,Erythrocyte,117.11,30,94.56
CELL_39813,Stem Cell,62.31,45,85.52
CELL_34652,Neuron,78.91,47,66.83
CELL_19281,Fibroblast,77.94,11,91.27
CELL_94992,Leukocyte,38.79,48,85.75
CELL_39111,Erythrocyte,56.68,26,61.45
CELL_21132,Leukocyte,95.02,21,90.75
CELL_12553,Epithelial,112.64,39,85.61
CELL_78047,Leukocyte,46.13,34,66.74
CELL_85410,Epithelial,118.71,5,91.69
CELL_54669,Leukocyte,32.97,11,73.56
CELL_52691,Neuron,9.91,31,69.92
CELL_33923,Epithelial,12.61,17,78.15
CELL_65417,Myocyte,54.87,16,64.01
CELL_22565,Myocyte,15.92,24,76.22
CELL_66868,Neuron,68.02,47,78.17
CELL_54482,Neuron,48.87,46,77.95
CELL_78443,Stem Cell,96.56,49,77.43
CELL_21615,Erythrocyte,81.28,22,91.02
CELL_54183,Erythrocyte,54.76,20,60.78
CELL_87887,Erythrocyte,103.57,29,59.61
CELL_52502,Neuron,32.97,24,93.78
CELL_69410,Leukocyte,92.87,23,53.49
CELL_25544,Fibroblast,45.0,24,93.66
CELL_81761,Erythrocyte,44.39,28,53.82
CELL_91554,Myocyte,55.67,26,70.34
CELL_12755,Myocyte,80.05,37,96.32
CELL_42447,Fibroblast,112.24,26,67.94
CELL_89716,Leukocyte,93.81,22,84.69
CELL_49601,Stem Cell,95.32,23,71.3
CELL_20833,Epithelial,16.12,50,52.31
CELL_75057,Leukocyte,98.77,48,96.02
CELL_20911,Myocyte,9.98,9,75.99
CELL_77857,Leukocyte,24.44,12,58.3
CELL_52174,Leukocyte,77.81,42,92.18
CELL_64140,Erythrocyte,92.79,46,78.48
CELL_53956,Stem Cell,104.45,27,97.55
CELL_40914,Epithelial,58.67,15,86.54
CELL_86585,Fibroblast,116.95,7,76.3
CELL_79685,Neuron,52.53,6,66.76
CELL_91696,Fibroblast,26.09,9,84.47
CELL_85544,Fibroblast,6.69,44,57.94
CELL_29720,Stem Cell,12.57,9,98.57
CELL_80387,Fibroblast,25.93,46,76.51
CELL_47047,Epithelial,49.1,48,78.6
CELL_92820,Leukocyte,21.17,42,88.62
CELL_80731,Stem Cell,111.18,19,90.74
CELL_60589,Epithelial,118.22,6,99.91
CELL_78603,Fibroblast,58.03,23,69.45
CELL_62576,Fibroblast,64.95,48,87.5
CELL_96944,Epithelial,17.78,10,89.34
CELL_86396,Erythrocyte,98.71,13,94.31
CELL_62891,Epithelial,58.31,34,63.06
CELL_35927,Stem Cell,82.94,40,99.0
CELL_45303,Leukocyte,109.61,50,51.61
CELL_43890,Epithelial,79.86,36,63.53
CELL_75192,Epithelial,113.17,42,91.09
CELL_75246,Fibroblast,11.43,30,94.07
CELL_25209,Myocyte,79.35,6,64.84
CELL_35340,Fibroblast,29.82,10,51.3
CELL_81172,Stem Cell,94.22,19,63.41
CELL_62241,Leukocyte,58.1,30,63.79
CELL_68895,Leukocyte,76.9,46,92.26
CELL_31821,Erythrocyte,17.76,31,99.4
CELL_10726,Leukocyte,111.99,21,83.61
CELL_11135,Stem Cell,31.35,30,71.17
CELL_25055,Leukocyte,18.6,40,92.51
CELL_30726,Stem Cell,108.23,46,73.19
CELL_34952,Myocyte,89.58,34,61.0
CELL_18474,Myocyte,113.14,10,55.8
CELL_39376,Leukocyte,56.45,28,72.84
CELL_12279,Myocyte,112.07,6,58.93
CELL_50878,Myocyte,32.64,6,54.77
CELL_50310,Stem Cell,7.17,32,91.65
CELL_81017,Myocyte,20.05,23,69.33
CELL_48262,Leukocyte,10.09,26,63.71
CELL_46457,Myocyte,96.74,38,50.57
CELL_87028,Neuron,45.26,10,77.73
CELL_44743,Neuron,94.4,5,81.45
CELL_76546,Erythrocyte,26.04,48,78.73
CELL_84724,Fibroblast,20.24,32,55.92
CELL_95795,Epithelial,94.26,35,82.5
CELL_87426,Neuron,61.92,30,68.45
CELL_62186,Erythrocyte,105.81,23,84.02
CELL_96452,Myocyte,66.95,21,84.29
CELL_91757,Stem Cell,14.15,21,79.86
CELL_13160,Fibroblast,5.67,6,93.03
CELL_46154,Erythrocyte,95.77,42,75.52
CELL_80941,Neuron,43.32,35,92.54
CELL_34304,Epithelial,6.95,17,61.74
CELL_75570,Stem Cell,83.36,24,78.78
CELL_85395,Myocyte,93.77,5,62.16
CELL_65601,Myocyte,112.14,22,55.12
CELL_50342,Stem Cell,31.82,14,86.38
CELL_58721,Neuron,27.66,14,84.42
CELL_67453,Leukocyte,16.5,46,85.58
CELL_84665,Leukocyte,87.37,30,98.35
CELL_76393,Neuron,113.54,49,51.26
CELL_46771,Epithelial,11.37,21,74.39
CELL_32432,Erythrocyte,74.14,47,55.87
CELL_34088,Neuron,17.64,12,71.81
CELL_78099,Epithelial,98.59,48,55.83
CELL_97220,Erythrocyte,34.42,7,62.18
CELL_93541,Neuron,86.08,7,95.12
CELL_12469,Stem Cell,52.03,18,72.75
CELL_44495,Neuron,90.13,38,95.48
CELL_26217,Neuron,117.07,9,87.13
CELL_77673,Fibroblast,55.28,6,76.2
CELL_25385,Erythrocyte,32.67,7,57.46
CELL_41795,Fibroblast,57.92,44,78.9
CELL_64436,Myocyte,18.36,6,54.2
CELL_37882,Fibroblast,5.2,34,98.65
CELL_25195,Myocyte,82.35,10,63.22
CELL_28612,Leukocyte,22.85,50,74.43
CELL_80996,Neuron,102.38,10,96.89
CELL_89102,Epithelial,85.74,25,64.03
CELL_85264,Leukocyte,67.46,50,85.52
CELL_70070,Epithelial,115.9,10,66.38
CELL_74202,Myocyte,63.0,19,60.41
CELL_50229,Fibroblast,55.61,9,84.42
CELL_30734,Neuron,6.38,15,53.17
CELL_70503,Leukocyte,32.35,28,67.76
CELL_61232,Myocyte,104.95,48,60.61
CELL_59830,Epithelial,70.49,24,51.06
CELL_52164,Epithelial,44.62,35,53.74
CELL_82464,Erythrocyte,30.14,34,58.14
CELL_19406,Epithelial,109.01,17,91.39
CELL_35772,Myocyte,80.92,7,78.51
CELL_71113,Epithelial,17.43,20,89.92
CELL_89811,Epithelial,66.48,38,68.19
CELL_25758,Leukocyte,118.48,43,88.44
CELL_37225,Epithelial,87.22,8,96.17
CELL_47079,Neuron,8.31,14,95.99
CELL_92560,Erythrocyte,60.61,17,99.44
CELL_18638,Epithelial,59.69,38,78.42
CELL_69840,Stem Cell,73.38,40,52.9
CELL_88059,Leukocyte,32.2,33,68.21
CELL_73286,Fibroblast,113.96,37,78.66
CELL_73416,Myocyte,99.08,44,99.63
CELL_64607,Neuron,41.54,13,52.85
CELL_64871,Stem Cell,23.49,23,68.76
CELL_37651,Epithelial,96.29,13,66.93
CELL_14237,Leukocyte,42.04,23,62.08
CELL_48490,Stem Cell,58.36,28,55.02
CELL_42711,Erythrocyte,67.57,38,70.74
CELL_13884,Epithelial,35.78,41,89.99
CELL_41077,Epithelial,35.28,37,67.03
CELL_83423,Leukocyte,104.5,26,87.73
CELL_82034,Erythrocyte,23.72,8,95.62
CELL_66768,Erythrocyte,116.73,43,59.86
CELL_23695,Stem Cell,103.9,31,86.16
CELL_96333,Erythrocyte,25.36,8,66.18
CELL_71050,Neuron,104.76,36,57.47
CELL_34836,Leukocyte,39.47,6,67.25
CELL_36374,Neuron,40.54,13,55.78
CELL_63044,Myocyte,25.75,24,77.14
CELL_19884,Erythrocyte,40.39,40,79.21
CELL_24508,Stem Cell,58.8,31,66.62
CELL_95771,Erythrocyte,66.35,18,99.78
CELL_70038,Epithelial,37.61,48,80.79
CELL_72577,Epithelial,52.48,16,79.79
CELL_17684,Neuron,99.37,21,95.25
CELL_21797,Neuron,40.46,20,51.02
CELL_93389,Fibroblast,73.19,26,76.96
CELL_71034,Stem Cell,33.73,32,86.51
CELL_83978,Stem Cell,98.28,33,76.06
CELL_10189,Erythrocyte,19.0,37,83.87
CELL_34147,Leukocyte,59.28,20,65.03
CELL_82799,Stem Cell,73.38,23,58.79
CELL_70552,Erythrocyte,86.54,6,61.98
CELL_12583,Myocyte,93.95,14,68.75
CELL_17106,Fibroblast,33.78,31,51.66
CELL_43333,Fibroblast,44.58,34,52.58
CELL_55404,Erythrocyte,103.34,46,51.51
CELL_55246,Myocyte,75.08,48,62.33
CELL_98464,Stem Cell,17.53,12,89.1
CELL_16634,Epithelial,92.89,38,76.49
CELL_19850,Myocyte,55.22,39,82.12
CELL_81521,Neuron,118.65,14,53.87
CELL_61794,Epithelial,118.57,32,51.56
CELL_29477,Epithelial,68.56,15,64.29
CELL_88707,Neuron,27.26,17,92.12
CELL_51357,Stem Cell,26.28,21,88.85
CELL_71015,Fibroblast,75.14,20,92.28
CELL_57701,Myocyte,5.61,36,63.73
CELL_88427,Leukocyte,55.21,9,95.42
CELL_59841,Epithelial,114.62,41,55.09
CELL_19995,Epithelial,89.24,19,50.67
CELL_57651,Epithelial,65.17,32,78.31
CELL_59587,Erythrocyte,58.9,44,85.69
CELL_30000,Leukocyte,98.88,39,68.17
CELL_33669,Epithelial,106.38,34,66.94
CELL_67462,Stem Cell,97.15,49,72.19
CELL_45954,Stem Cell,52.39,41,50.72
CELL_19179,Myocyte,118.22,41,82.04
CELL_49356,Leukocyte,66.58,19,58.06
CELL_34019,Neuron,29.45,9,68.57
CELL_59819,Leukocyte,6.47,42,99.35
CELL_89385,Stem Cell,118.8,14,98.35
CELL_61208,Fibroblast,105.22,25,57.62
CELL_66308,Leukocyte,51.32,42,94.93
CELL_96595,Erythrocyte,24.68,21,66.33
CELL_50349,Epithelial,107.08,44,63.45
CELL_57306,Stem Cell,21.26,8,89.43
CELL_12625,Erythrocyte,80.05,36,61.56
CELL_21627,Stem Cell,92.39,17,63.19
CELL_54439,Leukocyte,115.27,10,58.74
CELL_23512,Neuron,65.19,41,93.92
CELL_23770,Myocyte,118.35,26,91.41
CELL_69833,Stem Cell,69.64,7,51.25
CELL_45365,Leukocyte,38.48,34,57.74
CELL_29570,Fibroblast,94.86,27,94.85
CELL_46391,Fibroblast,91.53,34,76.17
CELL_95048,Leukocyte,37.58,49,98.98
CELL_85394,Stem Cell,15.63,37,69.14
CELL_28644,Erythrocyte,48.79,19,96.44
CELL_34589,Epithelial,106.68,27,67.96
CELL_99153,Neuron,64.0,9,86.57
CELL_80994,Stem Cell,50.91,44,66.18
CELL_59335,Leukocyte,43.33,27,80.52
CELL_76757,Erythrocyte,23.24,29,56.52
CELL_67575,Stem Cell,90.98,36,92.97
CELL_60071,Erythrocyte,68.7,29,90.67
CELL_40741,Myocyte,10.49,43,59.48
CELL_96563,Myocyte,95.64,15,68.99
CELL_54752,Leukocyte,52.26,47,93.89
CELL_79275,Neuron,21.69,31,66.23
CELL_67575,Erythrocyte,30.04,48,70.78
CELL_51771,Stem Cell,117.34,36,92.52
CELL_46587,Neuron,74.65,19,73.37
CELL_89365,Fibroblast,91.74,24,86.36
CELL_67449,Fibroblast,83.9,16,95.9
CELL_19327,Epithelial,74.32,42,75.38
CELL_73561,Neuron,112.88,21,91.16
CELL_44838,Erythrocyte,20.92,29,70.34
CELL_34963,Neuron,84.66,12,52.11
CELL_63417,Erythrocyte,28.04,11,57.96
CELL_78035,Stem Cell,99.18,34,74.26
CELL_79339,Myocyte,64.75,17,67.1
CELL_74653,Leukocyte,39.58,42,95.51
CELL_79327,Leukocyte,107.04,36,59.6
CELL_52697,Myocyte,58.99,25,66.56
CELL_16807,Fibroblast,42.57,5,81.61
CELL_21103,Neuron,45.17,24,95.88
CELL_75699,Stem Cell,99.1,24,65.8
CELL_62116,Erythrocyte,26.7,35,91.5
CELL_26269,Neuron,45.58,28,88.39
CELL_76903,Myocyte,57.77,25,57.34
CELL_96322,Epithelial,6.38,36,97.79
CELL_85247,Neuron,42.57,46,53.0
CELL_58762,Neuron,31.58,45,67.97
CELL_49763,Fibroblast,92.02,26,95.94
CELL_75800,Myocyte,72.39,36,69.14
CELL_65457,Fibroblast,86.27,12,68.03
CELL_78382,Myocyte,111.29,21,67.62
CELL_71993,Epithelial,112.69,49,80.72
CELL_22869,Stem Cell,46.07,43,56.1
CELL_68134,Myocyte,111.48,24,80.37
CELL_85697,Epithelial,7.03,49,92.84
CELL_82916,Myocyte,30.53,39,56.84
CELL_37957,Myocyte,16.15,15,86.14
CELL_75029,Neuron,78.62,27,58.84
CELL_76780,Epithelial,37.42,38,83.03
CELL_95902,Erythrocyte,89.61,19,71.65
CELL_78458,Fibroblast,22.81,34,68.38
CELL_29643,Neuron,41.16,8,74.89
CELL_51298,Leukocyte,10.28,30,96.0
CELL_58175,Fibroblast,87.13,15,68.94
CELL_63845,Myocyte,116.46,32,81.45
CELL_46101,Stem Cell,32.06,26,50.29
CELL_76110,Fibroblast,12.21,43,93.75
CELL_86485,Fibroblast,100.88,25,76.44
CELL_48231,Leukocyte,45.02,42,96.79
CELL_17551,Leukocyte,91.91,22,80.18
CELL_27869,Leukocyte,58.59,19,82.72
CELL_10350,Neuron,14.31,50,52.94
CELL_12726,Myocyte,31.17,26,67.42
CELL_79678,Stem Cell,11.78,32,60.5
CELL_79322,Leukocyte,112.25,25,80.58
CELL_55232,Epithelial,104.21,25,66.21
CELL_33994,Erythrocyte,94.1,31,94.68
CELL_57070,Myocyte,30.15,6,93.83
CELL_78871,Epithelial,23.29,20,74.83
CELL_70323,Fibroblast,116.5,41,61.77
CELL_83836,Leukocyte,19.54,48,52.58
CELL_91312,Erythrocyte,114.75,49,84.05
CELL_91316,Stem Cell,100.81,36,76.43
CELL_98901,Epithelial,26.32,36,63.87
CELL_85478,Leukocyte,15.19,7,52.13
CELL_64222,Epithelial,58.39,21,72.19
CELL_49640,Neuron,40.53,25,73.12
CELL_47492,Leukocyte,62.2,9,88.47
CELL_62954,Leukocyte,45.92,37,82.18
CELL_10242,Fibroblast,91.9,23,98.85
CELL_13289,Fibroblast,118.75,45,85.94
CELL_96264,Myocyte,81.47,35,55.86
CELL_40975,Leukocyte,110.08,39,94.39
CELL_35180,Leukocyte,65.5,44,71.53
CELL_21510,Neuron,52.96,15,64.57
CELL_34143,Epithelial,78.84,39,65.62
CELL_60154,Neuron,108.16,8,52.26
CELL_63755,Stem Cell,12.97,32,95.04
CELL_64120,Erythrocyte,16.23,16,65.63
CELL_74533,Stem Cell,7.54,41,84.05
CELL_82496,Epithelial,19.49,13,53.26
CELL_57710,Fibroblast,14.14,30,58.35
CELL_69535,Fibroblast,114.62,17,57.93
CELL_59452,Erythrocyte,37.73,11,90.94
CELL_25617,Erythrocyte,35.07,33,75.71
CELL_64250,Fibroblast,38.94,38,97.82
CELL_69207,Neuron,115.78,37,50.52
CELL_62030,Erythrocyte,70.6,19,50.34
CELL_67972,Stem Cell,25.12,37,87.25
CELL_29964,Leukocyte,38.07,12,55.21
CELL_52569,Epithelial,89.99,19,58.32
CELL_39355,Erythrocyte,19.16,28,65.21
CELL_80169,Erythrocyte,80.91,43,73.05
CELL_90459,Stem Cell,97.44,39,94.49
CELL_48128,Epithelial,115.06,15,71.13
CELL_93426,Leukocyte,25.2,41,93.74
CELL_15371,Neuron,6.67,13,90.51
CELL_59841,Myocyte,82.25,13,76.21
CELL_12895,Epithelial,42.71,24,98.93
CELL_35303,Fibroblast,78.41,33,87.14
CELL_56163,Myocyte,73.92,30,80.95
CELL_16753,Myocyte,91.43,48,62.66
CELL_60460,Erythrocyte,55.24,24,90.56
CELL_77409,Leukocyte,95.6,5,96.98
CELL_22432,Erythrocyte,32.44,15,84.15
CELL_75341,Neuron,14.32,25,79.28
CELL_53722,Leukocyte,116.09,7,84.2
CELL_90472,Leukocyte,15.59,47,73.01
CELL_72556,Fibroblast,49.93,42,60.2
CELL_11587,Myocyte,78.13,18,82.89
CELL_46646,Myocyte,66.25,7,70.87
CELL_65104,Leukocyte,78.44,37,71.23
CELL_74442,Epithelial,83.33,18,68.49
CELL_71195,Epithelial,11.06,36,55.9
CELL_85559,Epithelial,73.79,10,81.27
CELL_60645,Fibroblast,109.34,25,85.06
CELL_52349,Neuron,92.61,46,82.92
CELL_37290,Stem Cell,90.38,16,78.25
CELL_65225,Stem Cell,102.02,8,55.31
CELL_33803,Stem Cell,7.36,47,83.77
CELL_13964,Myocyte,104.81,35,83.39
CELL_33315,Epithelial,95.07,26,87.34
CELL_37422,Stem Cell,104.45,14,96.36
CELL_98072,Leukocyte,55.53,17,54.78
CELL_34916,Neuron,94.45,14,73.74
CELL_50814,Stem Cell,17.89,23,94.88
CELL_35389,Leukocyte,27.95,27,90.3
CELL_37899,Epithelial,81.23,5,95.87
CELL_78565,Leukocyte,23.8,22,79.97
CELL_93875,Leukocyte,84.8,42,92.5
CELL_45683,Fibroblast,81.09,36,69.02
CELL_13761,Erythrocyte,83.53,34,56.38
CELL_73120,Stem Cell,94.77,26,73.97
CELL_10640,Neuron,28.17,50,92.9
CELL_67294,Myocyte,89.63,38,84.58
CELL_86504,Leukocyte,68.83,49,58.79
CELL_23027,Neuron,82.94,18,57.19
CELL_74818,Neuron,67.66,6,70.92
CELL_71850,Neuron,114.66,12,61.43
CELL_51505,Erythrocyte,68.9,22,79.65
CELL_30770,Stem Cell,110.05,47,59.32
CELL_25342,Neuron,79.24,40,77.76
CELL_70090,Fibroblast,25.18,27,97.12
CELL_32056,Myocyte,74.75,42,68.41
CELL_99313,Fibroblast,47.97,15,72.25
CELL_36083,Epithelial,85.23,9,90.79
CELL_64647,Myocyte,9.54,16,82.2
CELL_70712,Stem Cell,98.27,22,74.65
CELL_12996,Fibroblast,7.19,31,85.58
CELL_29051,Stem Cell,47.97,50,75.42
CELL_54105,Neuron,102.85,49,92.17
CELL_91060,Epithelial,31.34,34,76.3
CELL_90916,Fibroblast,76.79,10,74.33
CELL_20108,Fibroblast,16.43,12,76.02
CELL_40329,Fibroblast,14.72,40,84.69
CELL_84237,Myocyte,102.73,5,51.2
CELL_69543,Epithelial,41.4,22,74.91
CELL_26428,Epithelial,19.13,43,88.78
CELL_63795,Erythrocyte,109.32,41,54.31
CELL_10851,Neuron,118.78,12,56.23
CELL_93161,Leukocyte,76.8,43,64.71
CELL_54356,Fibroblast,71.45,44,65.06
CELL_26488,Erythrocyte,115.67,34,76.09
CELL_88895,Leukocyte,57.16,50,67.85
CELL_81515,Myocyte,28.57,25,98.57
CELL_25899,Myocyte,23.12,22,82.51
CELL_77714,Leukocyte,56.77,42,77.13
CELL_11490,Stem Cell,75.15,18,89.99
CELL_46757,Stem Cell,72.25,27,77.89
CELL_94578,Epithelial,86.59,31,51.11
CELL_19791,Stem Cell,65.24,22,87.87
CELL_93854,Neuron,86.84,44,69.64
CELL_30755,Erythrocyte,30.41,50,52.45
CELL_12673,Myocyte,118.57,13,99.94
CELL_66273,Leukocyte,65.09,13,63.15
CELL_12043,Myocyte,18.78,50,96.44
CELL_97544,Leukocyte,93.31,34,85.21
CELL_19767,Myocyte,88.65,20,50.36
CELL_83368,Leukocyte,9.28,40,95.24
CELL_33032,Epithelial,48.47,42,51.62
CELL_76481,Leukocyte,82.24,48,88.87
CELL_95111,Myocyte,21.43,39,89.32
CELL_12742,Leukocyte,99.31,29,80.77
CELL_30355,Myocyte,30.21,22,64.89
CELL_11053,Myocyte,91.29,17,88.36
CELL_89595,Fibroblast,110.93,22,78.6
CELL_79197,Stem Cell,100.51,15,71.85
CELL_84240,Stem Cell,99.88,16,82.17
CELL_53986,Erythrocyte,57.39,22,97.3
CELL_78517,Myocyte,74.87,33,73.68
CELL_34503,Neuron,91.91,19,95.57
CELL_66028,Stem Cell,52.55,28,95.89
CELL_55575,Myocyte,109.64,41,89.13
CELL_78892,Stem Cell,88.12,30,56.43
CELL_93442,Erythrocyte,65.71,14,92.86
CELL_21766,Epithelial,88.31,48,71.49
CELL_43054,Epithelial,70.59,6,61.93
CELL_37755,Erythrocyte,82.58,23,87.19
CELL_55753,Epithelial,40.64,13,51.08
CELL_95021,Myocyte,19.08,22,68.5
CELL_17564,Neuron,13.58,38,83.03
CELL_72007,Myocyte,64.42,34,85.79
CELL_88235,Erythrocyte,117.75,6,69.91
CELL_36744,Myocyte,14.6,18,65.59
CELL_14040,Leukocyte,118.47,24,98.86
CELL_58779,Myocyte,83.95,45,93.06
CELL_30583,Neuron,62.34,27,61.52
CELL_39888,Fibroblast,6.82,28,61.96
CELL_31426,Erythrocyte,90.78,18,79.82
CELL_53059,Fibroblast,119.06,33,85.87
CELL_44559,Stem Cell,63.56,5,87.47
CELL_38893,Epithelial,96.42,40,70.05
CELL_92469,Myocyte,76.34,19,57.37
CELL_31363,Leukocyte,18.31,29,69.95
CELL_67989,Myocyte,98.77,42,81.22
CELL_13909,Fibroblast,43.41,29,75.45
CELL_49720,Stem Cell,7.8,13,90.86
CELL_38519,Epithelial,71.33,34,96.61
CELL_88276,Epithelial,106.37,10,74.03
CELL_37458,Neuron,5.94,41,79.16
CELL_15776,Fibroblast,49.31,25,73.79
CELL_47982,Leukocyte,56.27,24,99.85
CELL_82990,Stem Cell,85.73,22,91.41
CELL_82353,Myocyte,115.84,44,66.51
CELL_44967,Epithelial,5.31,12,77.53
CELL_93455,Erythrocyte,39.76,6,77.13
CELL_76740,Fibroblast,23.76,21,91.57
CELL_85123,Erythrocyte,76.65,18,53.8
CELL_63763,Myocyte,38.94,21,95.56
CELL_27263,Leukocyte,13.97,42,69.6
CELL_99478,Myocyte,84.81,40,61.3
CELL_71323,Erythrocyte,101.52,9,97.82
CELL_77570,Epithelial,66.4,8,90.75
CELL_63897,Epithelial,52.16,20,99.31
CELL_76236,Epithelial,59.36,35,59.55
CELL_14682,Fibroblast,49.2,37,57.43
CELL_64190,Erythrocyte,108.22,15,75.39
CELL_27458,Epithelial,103.14,41,71.34
CELL_58788,Myocyte,11.46,41,97.54
CELL_46090,Neuron,95.13,6,74.03
CELL_10060,Stem Cell,59.78,32,77.17
CELL_79683,Fibroblast,61.78,43,91.58
CELL_87787,Epithelial,55.49,49,94.87
CELL_77014,Fibroblast,11.98,46,64.03
CELL_79352,Leukocyte,78.24,29,82.46
CELL_57161,Stem Cell,97.68,39,68.19
CELL_24512,Erythrocyte,6.25,32,88.78
CELL_59812,Erythrocyte,53.98,29,70.25
CELL_55849,Myocyte,9.19,39,82.8
CELL_69412,Myocyte,12.31,9,81.67
CELL_74427,Stem Cell,89.23,39,53.77
CELL_68337,Neuron,54.36,35,98.65
CELL_96335,Leukocyte,55.22,26,83.14
CELL_29280,Myocyte,8.32,12,92.9
CELL_37830,Epithelial,32.24,6,72.07
CELL_24222,Stem Cell,37.08,8,67.11
CELL_14370,Leukocyte,10.18,25,90.37
CELL_16241,Erythrocyte,111.99,15,79.56
CELL_71802,Epithelial,42.57,8,72.66
CELL_85117,Epithelial,64.06,7,58.13
CELL_59348,Fibroblast,49.69,46,67.61
CELL_10720,Erythrocyte,101.22,5,96.87
CELL_67589,Fibroblast,86.7,13,56.33
CELL_69480,Fibroblast,117.52,48,66.28
CELL_91496,Erythrocyte,99.98,43,54.78
CELL_84531,Myocyte,78.27,41,67.22
CELL_46460,Neuron,34.88,44,70.01
CELL_92198,Neuron,52.18,9,52.1
CELL_49807,Neuron,68.17,5,96.83
CELL_90260,Fibroblast,107.86,45,60.44
CELL_55225,Erythrocyte,11.85,43,77.05
CELL_13435,Neuron,61.83,12,98.99
CELL_28534,Fibroblast,18.5,35,51.77
CELL_14842,Neuron,107.43,27,55.2
CELL_51912,Erythrocyte,93.02,19,65.11
CELL_67951,Leukocyte,34.49,15,99.98
CELL_10396,Stem Cell,86.82,20,84.02
CELL_97090,Myocyte,90.25,34,69.51
CELL_97642,Neuron,81.12,43,92.44
CELL_71115,Leukocyte,107.31,48,83.85
CELL_76701,Erythrocyte,66.7,13,71.71
CELL_16136,Stem Cell,54.6,23,98.06
CELL_75637,Epithelial,97.52,49,54.37
CELL_68653,Epithelial,45.89,19,52.63
CELL_11302,Fibroblast,15.81,24,74.89
CELL_63987,Fibroblast,13.68,30,50.45
CELL_94401,Fibroblast,33.75,16,56.61
CELL_61003,Neuron,87.65,9,93.84
CELL_43964,Fibroblast,69.54,33,76.48
CELL_51597,Epithelial,49.95,35,55.45
CELL_87068,Leukocyte,75.22,27,97.88
CELL_55642,Leukocyte,9.41,30,63.18
CELL_72492,Epithelial,14.22,22,61.03
CELL_71341,Epithelial,75.35,26,80.49
CELL_19772,Myocyte,38.31,46,54.82
CELL_48379,Erythrocyte,81.41,34,61.96
CELL_47831,Fibroblast,72.08,23,59.79
CELL_72121,Neuron,68.87,34,98.28
CELL_16764,Myocyte,99.77,30,79.34
CELL_23552,Stem Cell,46.93,24,91.81
CELL_24460,Erythrocyte,10.61,9,64.31
CELL_56574,Stem Cell,82.15,26,70.0
CELL_49057,Leukocyte,69.39,16,50.35
CELL_32540,Epithelial,64.03,17,54.07
CELL_90684,Neuron,28.89,37,98.61
CELL_21900,Stem Cell,6.66,8,78.35
CELL_55669,Stem Cell,30.98,22,57.34
CELL_41258,Erythrocyte,98.45,5,98.38
CELL_80453,Leukocyte,43.51,14,81.16
CELL_84674,Epithelial,90.26,43,64.37
CELL_10524,Neuron,101.64,48,56.3
CELL_18984,Leukocyte,100.59,16,72.68
CELL_13805,Neuron,60.07,23,52.25
CELL_49471,Neuron,80.5,9,91.77
CELL_61226,Epithelial,46.72,14,50.43
CELL_90697,Leukocyte,23.2,9,83.63
CELL_81546,Myocyte,116.34,26,82.95
CELL_95349,Stem Cell,60.07,39,54.1
CELL_17024,Myocyte,80.57,37,80.16
CELL_15092,Fibroblast,75.94,19,95.56
CELL_13559,Epithelial,38.59,28,54.39
CELL_30563,Leukocyte,5.77,18,67.63
CELL_86007,Erythrocyte,18.35,30,84.85
CELL_33698,Myocyte,85.17,6,77.32
CELL_20240,Leukocyte,102.28,25,69.78
CELL_69406,Stem Cell,11.56,48,88.5
CELL_75970,Erythrocyte,9.58,11,57.79
CELL_36615,Neuron,70.59,9,93.68
CELL_58129,Stem Cell,95.56,11,78.81
CELL_46058,Stem Cell,41.99,36,78.9
CELL_82353,Stem Cell,43.79,43,94.48
CELL_37035,Epithelial,73.01,10,74.98
CELL_25551,Fibroblast,44.75,18,53.25
CELL_20077,Neuron,55.57,34,74.75
CELL_91406,Neuron,28.57,50,85.01
CELL_59691,Stem Cell,67.1,22,66.06
CELL_65067,Leukocyte,63.71,18,98.13
CELL_41173,Leukocyte,34.48,24,93.23
CELL_10862,Leukocyte,94.39,17,99.51
CELL_41342,Epithelial,111.16,21,98.34
CELL_93426,Leukocyte,8.07,35,64.17
CELL_49678,Leukocyte,37.75,46,52.37
CELL_33984,Fibroblast,28.78,45,53.62
CELL_54858,Neuron,28.47,14,92.57
CELL_57068,Epithelial,20.84,28,97.77
CELL_10730,Neuron,102.56,45,59.02
CELL_95413,Fibroblast,35.87,26,85.98
CELL_40755,Stem Cell,71.81,21,76.18
CELL_65594,Stem Cell,53.29,18,95.92
CELL_62004,Neuron,81.81,29,60.32
CELL_60296,Leukocyte,114.18,19,67.54
CELL_83269,Epithelial,34.08,48,78.34
CELL_76032,Neuron,113.78,49,98.26
CELL_31823,Neuron,40.92,47,96.77
CELL_80161,Leukocyte,99.3,8,51.52
CELL_19458,Myocyte,37.99,7,62.09
CELL_35829,Epithelial,74.19,24,86.55
CELL_50914,Neuron,53.21,29,55.84
CELL_35475,Erythrocyte,85.07,26,91.39
CELL_42332,Stem Cell,30.83,39,61.62
CELL_47425,Leukocyte,100.1,10,52.92
CELL_74927,Myocyte,21.53,27,52.04
CELL_87427,Leukocyte,103.05,12,82.68
CELL_12647,Leukocyte,111.29,24,98.31
CELL_77986,Erythrocyte,49.04,12,65.1
CELL_46674,Leukocyte,81.01,15,74.33
CELL_54160,Erythrocyte,92.94,5,78.14
CELL_60257,Epithelial,6.38,19,50.62
CELL_63259,Neuron,13.02,37,50.9
CELL_48495,Neuron,81.84,46,69.69
CELL_96506,Myocyte,116.93,9,98.41
CELL_25281,Fibroblast,62.53,43,56.92
CELL_74493,Epithelial,83.34,48,70.53
CELL_51733,Fibroblast,112.22,30,87.28
CELL_65448,Leukocyte,83.54,15,50.39
CELL_99552,Epithelial,51.4,35,93.36
CELL_79654,Neuron,60.6,12,68.32
CELL_64142,Fibroblast,98.21,46,62.8
CELL_75513,Stem Cell,54.72,22,54.84
CELL_24829,Stem Cell,44.39,24,75.73
CELL_45905,Epithelial,27.77,37,77.31
CELL_66643,Neuron,9.24,35,51.57
CELL_88388,Stem Cell,110.54,39,94.6
CELL_69359,Myocyte,19.46,13,65.79
CELL_44002,Myocyte,43.84,46,85.15
CELL_14039,Neuron,24.27,39,63.09
CELL_84834,Fibroblast,85.3,19,99.76
CELL_88773,Neuron,119.75,20,87.49
CELL_63563,Myocyte,50.54,41,58.26
CELL_81990,Myocyte,48.68,38,68.39
CELL_58834,Myocyte,13.25,38,88.4
CELL_39524,Leukocyte,108.88,44,73.9
CELL_76223,Leukocyte,64.94,16,70.42
CELL_91591,Stem Cell,112.86,34,99.61
CELL_54448,Erythrocyte,42.23,6,74.21
CELL_56588,Neuron,75.06,11,75.61
CELL_67919,Myocyte,6.67,18,99.34
CELL_66702,Stem Cell,5.6,42,52.94
CELL_84071,Epithelial,41.16,19,74.52
CELL_87603,Leukocyte,72.23,15,75.87
CELL_36348,Myocyte,53.08,41,79.44
CELL_59340,Fibroblast,74.82,40,94.41
CELL_16722,Myocyte,32.34,42,55.94
CELL_30674,Epithelial,43.03,40,82.3
CELL_11699,Epithelial,7.96,37,76.44
CELL_70593,Epithelial,96.08,45,86.66
CELL_30177,Leukocyte,105.71,42,59.86
CELL_68029,Stem Cell,37.52,16,73.87
CELL_48272,Fibroblast,103.54,27,76.99
CELL_48690,Neuron,6.25,40,51.29
CELL_20789,Myocyte,108.75,22,97.13
CELL_58904,Fibroblast,99.2,5,94.38
CELL_88804,Fibroblast,83.84,31,52.91
CELL_76837,Epithelial,16.11,21,59.24
CELL_58577,Stem Cell,99.11,32,51.54
CELL_29592,Stem Cell,19.82,30,58.7
CELL_22898,Fibroblast,96.56,17,88.48
CELL_66011,Myocyte,79.19,13,70.76
CELL_51837,Fibroblast,109.92,40,72.76
CELL_23427,Epithelial,26.03,18,57.82
CELL_41151,Erythrocyte,36.46,47,68.04
CELL_42612,Stem Cell,70.42,26,91.05
CELL_61618,Erythrocyte,96.47,50,59.95
CELL_16235,Leukocyte,102.37,21,68.61
CELL_34603,Neuron,13.54,14,79.37
CELL_18520,Stem Cell,27.24,27,51.48
CELL_93115,Fibroblast,24.58,6,64.62
CELL_91932,Epithelial,113.4,45,93.1
CELL_24356,Neuron,28.05,25,75.59
CELL_31336,Epithelial,96.53,15,66.1
CELL_96029,Leukocyte,91.51,36,76.64
CELL_26831,Myocyte,66.75,50,55.81
CELL_45177,Stem Cell,44.39,32,65.43
CELL_69010,Stem Cell,13.88,47,90.32
CELL_87284,Leukocyte,8.59,14,90.59
CELL_80970,Erythrocyte,73.7,37,75.25
CELL_14598,Stem Cell,24.08,22,81.31
CELL_19302,Myocyte,24.91,47,85.14
CELL_38554,Fibroblast,82.36,38,70.33
CELL_43548,Neuron,24.99,21,76.21
CELL_46330,Myocyte,23.45,16,82.86
CELL_78984,Epithelial,97.86,43,73.92
CELL_99105,Myocyte,75.66,21,67.99
CELL_42819,Fibroblast,51.43,15,76.79
CELL_72502,Epithelial,106.77,38,93.25
CELL_46892,Neuron,115.25,6,55.68
CELL_40170,Neuron,75.3,15,65.94
CELL_35577,Fibroblast,107.0,45,75.54
CELL_33931,Leukocyte,35.33,15,91.55
CELL_17866,Epithelial,45.64,44,84.39
CELL_69069,Neuron,93.01,49,54.51
CELL_32029,Leukocyte,69.34,17,98.26
CELL_88355,Epithelial,78.99,39,83.26
CELL_36217,Neuron,22.25,20,85.51
CELL_19948,Erythrocyte,12.65,18,52.3
CELL_51546,Epithelial,113.76,42,59.32
CELL_22111,Neuron,117.67,15,91.23
CELL_26155,Myocyte,100.02,19,89.07
CELL_98865,Stem Cell,26.58,32,67.54
CELL_27358,Neuron,91.76,38,67.16
CELL_69466,Fibroblast,6.97,49,95.43
CELL_33282,Epithelial,14.76,44,51.38
CELL_78783,Stem Cell,77.97,48,95.46
CELL_70671,Stem Cell,109.99,20,77.75
CELL_83032,Epithelial,18.43,35,78.89
CELL_41441,Epithelial,90.76,47,93.65
CELL_21987,Stem Cell,37.1,47,58.51
CELL_56253,Epithelial,91.78,32,64.84
CELL_16989,Fibroblast,95.62,24,66.38
CELL_81953,Erythrocyte,43.7,41,77.09
CELL_70560,Myocyte,58.55,27,75.79
CELL_12265,Epithelial,69.69,49,77.76
CELL_87233,Leukocyte,75.53,49,98.66
CELL_66316,Myocyte,108.41,15,78.89
CELL_69671,Fibroblast,50.91,35,70.45
CELL_83104,Myocyte,66.86,26,58.14
CELL_81559,Leukocyte,68.83,21,86.12
CELL_55933,Fibroblast,83.23,29,86.9
CELL_94587,Neuron,43.01,31,96.61
CELL_59243,Fibroblast,10.07,27,92.26
CELL_43110,Erythrocyte,34.89,10,92.37
CELL_31526,Fibroblast,117.57,34,98.76
CELL_60775,Epithelial,56.0,45,69.89
CELL_61257,Fibroblast,10.26,6,58.43
CELL_71066,Epithelial,32.84,25,81.3
CELL_70520,Myocyte,25.03,18,99.09
CELL_35916,Leukocyte,72.72,39,99.05
CELL_26181,Myocyte,36.59,32,71.17
CELL_78162,Myocyte,51.95,18,50.67
CELL_97076,Epithelial,55.44,29,94.59
CELL_34526,Fibroblast,65.81,45,79.75
CELL_51901,Neuron,68.25,16,73.74
CELL_39081,Erythrocyte,88.51,13,96.21
CELL_44337,Erythrocyte,31.91,15,77.78
CELL_36602,Erythrocyte,39.95,34,97.42
CELL_29231,Neuron,28.05,11,89.0
CELL_75839,Stem Cell,39.03,31,51.8
CELL_52395,Stem Cell,117.12,25,85.65
CELL_90892,Epithelial,22.71,6,76.21
CELL_42953,Epithelial,116.17,43,77.15
CELL_93061,Leukocyte,119.11,37,51.98
CELL_49245,Myocyte,85.64,46,83.55
CELL_89488,Neuron,113.08,6,96.68
CELL_28458,Myocyte,47.15,22,77.72
CELL_75787,Erythrocyte,82.64,34,65.97
CELL_58803,Fibroblast,84.59,21,78.28
CELL_26203,Neuron,37.14,36,82.35
CELL_52268,Epithelial,25.5,16,53.01
CELL_27048,Myocyte,7.52,18,70.78
CELL_67281,Epithelial,30.58,31,56.64
CELL_72558,Myocyte,108.8,27,69.04
CELL_71803,Neuron,47.2,49,59.4
CELL_14600,Fibroblast,119.87,36,69.28
CELL_39943,Stem Cell,117.66,19,70.83
CELL_52914,Fibroblast,43.75,10,59.13
CELL_49464,Myocyte,88.79,50,52.68
CELL_34367,Leukocyte,36.07,33,78.27
CELL_39333,Leukocyte,49.37,17,97.02
CELL_51049,Myocyte,40.74,33,58.95
CELL_16534,Neuron,57.28,49,79.79
CELL_30547,Myocyte,23.46,10,71.01
CELL_97500,Fibroblast,31.4,34,61.08
CELL_35537,Leukocyte,21.52,44,88.64
CELL_98346,Myocyte,19.24,27,77.11
CELL_35167,Fibroblast,105.34,22,50.39
CELL_86041,Myocyte,9.67,47,64.82
CELL_13702,Leukocyte,43.87,42,69.65
CELL_42476,Erythrocyte,59.22,32,53.48
CELL_27370,Fibroblast,29.37,18,98.79
CELL_33977,Fibroblast,83.28,6,84.62
CELL_48363,Leukocyte,7.71,50,85.66
CELL_59432,Neuron,42.99,29,58.67
CELL_94084,Neuron,11.53,10,57.63
CELL_62850,Leukocyte,25.98,20,91.25
CELL_83452,Myocyte,97.61,9,63.57
CELL_23628,Epithelial,70.67,15,99.23
CELL_76763,Fibroblast,111.77,39,76.25
CELL_33839,Stem Cell,66.38,5,85.57
CELL_73867,Leukocyte,78.14,20,82.77
CELL_56816,Stem Cell,13.22,18,88.57
CELL_20250,Myocyte,99.5,46,72.03
CELL_57548,Erythrocyte,28.61,5,69.53
CELL_36312,Neuron,103.46,25,55.55
CELL_49272,Leukocyte,98.16,12,68.11
CELL_29289,Epithelial,114.72,40,56.02
CELL_52475,Epithelial,82.13,5,85.09
CELL_88940,Leukocyte,35.39,16,82.08
CELL_12691,Neuron,10.97,31,74.67
CELL_64763,Fibroblast,86.23,23,92.96
CELL_56195,Epithelial,15.59,45,73.84
CELL_83733,Epithelial,62.01,8,85.54
CELL_32636,Stem Cell,38.63,17,91.67
CELL_46740,Neuron,106.64,29,61.27
CELL_43602,Neuron,39.28,19,55.47
CELL_83269,Leukocyte,25.41,28,63.17
CELL_52128,Neuron,7.59,43,51.78
CELL_17538,Neuron,46.37,49,85.54
CELL_53791,Epithelial,53.83,22,81.53
CELL_34499,Fibroblast,78.48,8,97.88
CELL_41927,Fibroblast,115.06,35,50.84
CELL_81536,Stem Cell,82.4,26,89.73
CELL_71958,Epithelial,30.82,28,74.43
CELL_36074,Erythrocyte,91.77,37,69.65
CELL_32953,Epithelial,63.87,39,87.79
CELL_24369,Leukocyte,18.59,47,61.57
CELL_49962,Neuron,73.9,28,99.98
CELL_79919,Leukocyte,73.52,18,74.29
CELL_12094,Epithelial,65.78,41,90.24
CELL_12129,Leukocyte,60.05,31,64.98
CELL_20997,Fibroblast,109.83,29,99.53
CELL_24811,Myocyte,13.09,13,96.7
CELL_98822,Fibroblast,61.51,12,98.31
CELL_37050,Stem Cell,81.56,46,79.16
CELL_63841,Epithelial,74.18,28,74.03
CELL_71680,Erythrocyte,22.07,29,59.55
CELL_93699,Neuron,62.71,36,93.12
CELL_98853,Epithelial,68.88,21,56.07
CELL_89258,Fibroblast,59.64,50,68.45
CELL_73513,Fibroblast,50.1,33,61.2
CELL_71223,Erythrocyte,8.61,9,73.55
CELL_66489,Neuron,56.05,29,81.54
CELL_18799,Epithelial,73.32,50,80.35
CELL_76763,Epithelial,76.59,32,82.72
CELL_99097,Fibroblast,55.26,15,83.37
CELL_39932,Epithelial,74.12,25,83.57
CELL_26573,Epithelial,89.38,40,66.5
CELL_99863,Stem Cell,60.7,9,71.92
CELL_38647,Stem Cell,64.46,35,80.43
CELL_78236,Fibroblast,57.57,17,55.75
CELL_69511,Stem Cell,42.39,40,88.36
CELL_69788,Neuron,50.42,19,84.32
CELL_67062,Erythrocyte,119.18,19,59.88
CELL_85665,Leukocyte,61.3,21,69.6
CELL_77539,Neuron,35.03,37,69.61
CELL_86257,Fibroblast,40.35,48,97.7
CELL_13975,Fibroblast,13.15,41,85.7
CELL_53786,Stem Cell,52.13,26,68.88
CELL_83773,Leukocyte,72.82,46,62.36
CELL_16695,Myocyte,88.68,8,68.6
CELL_69687,Stem Cell,118.18,34,50.88
CELL_53969,Erythrocyte,102.27,45,55.77
CELL_52159,Leukocyte,67.16,21,78.92
CELL_73569,Leukocyte,74.1,38,56.64
CELL_74475,Stem Cell,102.23,28,57.65
CELL_56091,Stem Cell,30.15,24,67.14
CELL_13411,Neuron,95.25,50,89.7
CELL_10482,Myocyte,73.8,42,77.22
CELL_89419,Erythrocyte,65.33,6,71.19
CELL_25166,Myocyte,81.63,28,57.55
CELL_31737,Erythrocyte,9.8,21,57.01
CELL_35535,Leukocyte,50.2,26,88.63
CELL_95556,Stem Cell,46.21,14,69.52
CELL_24900,Erythrocyte,99.24,23,97.78
CELL_14291,Neuron,61.58,11,53.12
CELL_76630,Leukocyte,73.06,23,90.21
CELL_11796,Myocyte,74.9,20,91.06
CELL_93726,Fibroblast,10.97,49,64.15
CELL_87579,Neuron,11.79,36,73.86
CELL_48348,Stem Cell,9.28,46,80.42
CELL_85673,Myocyte,108.58,21,69.62
CELL_70412,Stem Cell,20.63,50,76.21
CELL_70054,Epithelial,87.56,11,59.04
CELL_54944,Fibroblast,103.51,17,72.36
CELL_37008,Fibroblast,13.16,32,65.83
CELL_26540,Leukocyte,35.46,47,62.31
CELL_88852,Leukocyte,22.24,25,66.57
CELL_17184,Leukocyte,24.45,11,56.85
CELL_64874,Fibroblast,92.62,27,51.87
CELL_21207,Stem Cell,117.08,26,98.82
CELL_85237,Myocyte,86.53,7,60.78
CELL_44703,Erythrocyte,85.37,44,52.24
CELL_64139,Epithelial,22.31,15,80.5
CELL_81963,Epithelial,115.87,34,87.16
CELL_89217,Epithelial,100.67,37,77.27
CELL_60224,Leukocyte,95.76,25,62.17
CELL_38833,Stem Cell,54.24,33,82.99
CELL_64424,Leukocyte,77.74,37,96.68
CELL_96465,Erythrocyte,111.4,22,72.77
CELL_10319,Neuron,26.77,27,96.14
CELL_14173,Leukocyte,11.17,7,95.58
CELL_22833,Neuron,74.35,8,94.46
CELL_51833,Neuron,104.07,12,85.94
CELL_50918,Fibroblast,97.3,21,60.45
CELL_64569,Leukocyte,111.72,17,80.79
CELL_10627,Epithelial,101.3,43,66.12
CELL_69426,Leukocyte,59.8,13,67.03
CELL_66227,Myocyte,104.75,14,69.58
CELL_80792,Myocyte,92.62,6,66.1
CELL_76985,Myocyte,66.73,8,75.32
CELL_29622,Erythrocyte,50.23,17,57.72
CELL_73516,Erythrocyte,87.41,9,67.27
CELL_71916,Stem Cell,13.13,39,96.9
CELL_52034,Fibroblast,71.56,17,93.12
CELL_14320,Stem Cell,60.76,13,78.55
CELL_60655,Fibroblast,117.78,48,51.12
CELL_63718,Epithelial,89.69,26,96.16
CELL_14057,Neuron,38.13,28,96.62
CELL_88447,Myocyte,92.62,7,53.48
CELL_12562,Fibroblast,105.18,49,89.86
CELL_21956,Fibroblast,39.66,14,83.27
CELL_87746,Erythrocyte,104.13,28,57.84
CELL_42671,Stem Cell,32.4,40,93.41
CELL_99242,Fibroblast,66.88,44,75.03
CELL_39051,Epithelial,110.93,31,52.23
CELL_95292,Erythrocyte,72.95,47,61.4
CELL_16722,Stem Cell,29.71,46,91.81
CELL_76294,Myocyte,97.52,17,82.9
CELL_35734,Stem Cell,100.09,50,64.85
CELL_82710,Epithelial,44.9,20,72.77
CELL_32975,Neuron,26.49,29,80.95
CELL_42694,Leukocyte,101.67,50,60.2
CELL_38273,Fibroblast,92.94,29,64.16
CELL_79762,Erythrocyte,115.53,50,98.12
CELL_72356,Neuron,107.6,8,84.49
CELL_72635,Neuron,39.18,49,90.74
CELL_78214,Leukocyte,47.3,37,70.03
CELL_57487,Myocyte,101.85,24,98.09
CELL_93273,Erythrocyte,39.83,15,59.88
CELL_22913,Erythrocyte,103.76,30,64.77
CELL_52440,Erythrocyte,66.14,14,92.24
CELL_40197,Neuron,54.19,14,67.56
CELL_30701,Erythrocyte,53.79,45,88.75
CELL_23863,Epithelial,119.51,38,81.38
CELL_15329,Fibroblast,31.96,35,98.01
CELL_70832,Epithelial,110.94,8,85.29
CELL_16944,Epithelial,77.11,32,81.5
CELL_31608,Erythrocyte,40.74,21,86.59
CELL_35667,Neuron,88.76,36,93.28
CELL_38511,Epithelial,89.9,21,87.45
CELL_61441,Epithelial,93.55,47,96.05
CELL_13680,Epithelial,81.04,34,59.97
CELL_80753,Neuron,60.66,25,71.76
CELL_53522,Neuron,118.24,19,83.86
CELL_81402,Epithelial,33.85,41,56.96
CELL_94738,Stem Cell,109.07,43,86.9
CELL_37874,Epithelial,58.56,11,69.61
CELL_46451,Epithelial,103.14,23,52.68
CELL_14206,Erythrocyte,61.25,27,99.57
CELL_46001,Myocyte,58.63,20,96.86
CELL_97883,Fibroblast,113.69,32,97.98
CELL_16051,Myocyte,55.23,36,68.9
CELL_25532,Epithelial,61.45,18,59.91
CELL_58387,Leukocyte,96.27,15,62.85
CELL_39233,Stem Cell,92.18,35,79.99
CELL_11099,Fibroblast,34.16,47,70.75
CELL_33612,Fibroblast,117.12,49,59.02
CELL_67891,Erythrocyte,82.25,33,77.93
CELL_43606,Leukocyte,82.32,37,64.71
CELL_58767,Fibroblast,59.68,25,75.95
CELL_30637,Myocyte,103.98,22,59.25
CELL_49843,Erythrocyte,87.49,5,74.09
CELL_82541,Fibroblast,54.87,12,83.85
CELL_90519,Neuron,78.03,18,64.59
CELL_22304,Stem Cell,119.43,22,87.79
CELL_84054,Leukocyte,14.56,46,80.73
CELL_61559,Stem Cell,96.05,41,52.82
CELL_69557,Fibroblast,88.86,25,85.25
CELL_92093,Neuron,63.52,33,70.74
CELL_41699,Neuron,96.64,30,75.19
CELL_18373,Myocyte,89.38,34,98.17
CELL_68281,Myocyte,48.34,16,67.14
CELL_68162,Stem Cell,59.65,35,59.07
CELL_15124,Neuron,22.45,7,55.2
CELL_22083,Fibroblast,26.55,30,95.11
CELL_17956,Myocyte,81.12,9,93.54
CELL_57426,Erythrocyte,66.46,49,66.32
CELL_40961,Neuron,33.98,26,53.44
CELL_42719,Neuron,17.5,25,85.64
CELL_12793,Fibroblast,76.06,39,81.51
CELL_36987,Epithelial,98.02,47,61.41
CELL_75833,Stem Cell,107.83,21,63.31
CELL_18440,Leukocyte,71.96,16,88.06
CELL_10150,Myocyte,51.92,10,72.18
CELL_94108,Epithelial,35.4,17,57.35
CELL_50774,Neuron,31.78,19,70.61
CELL_98469,Myocyte,17.26,26,74.63
CELL_30228,Neuron,62.17,21,79.26
CELL_45230,Myocyte,81.93,15,81.01
CELL_21926,Leukocyte,24.01,32,79.99
CELL_34299,Fibroblast,51.73,17,57.67
CELL_23135,Neuron,97.66,13,75.41
CELL_34965,Myocyte,58.82,35,71.87
CELL_47887,Epithelial,105.19,21,96.07
CELL_38357,Leukocyte,14.58,18,86.38
CELL_59751,Fibroblast,96.8,29,73.16
CELL_34891,Fibroblast,78.61,24,78.87
CELL_74445,Neuron,24.66,20,71.2
CELL_12354,Neuron,110.7,16,82.01
CELL_59884,Leukocyte,107.0,6,50.48
CELL_72036,Fibroblast,116.63,25,82.55
CELL_69643,Epithelial,95.23,28,80.43
CELL_36113,Fibroblast,77.49,12,76.98
CELL_93720,Neuron,18.72,50,91.68
CELL_56003,Stem Cell,85.56,31,78.6
CELL_20512,Myocyte,42.91,19,86.01
CELL_17060,Myocyte,31.6,5,84.78
CELL_99639,Fibroblast,8.95,38,96.19
CELL_24859,Erythrocyte,105.01,33,94.1
CELL_16711,Myocyte,35.19,32,60.72
CELL_91760,Stem Cell,43.66,29,87.17
CELL_75971,Stem Cell,21.05,48,57.47
CELL_81351,Stem Cell,80.63,47,85.41
CELL_96407,Epithelial,6.78,48,95.01
CELL_46086,Myocyte,40.44,35,57.53
CELL_58967,Stem Cell,11.6,5,84.55
CELL_46357,Fibroblast,89.47,23,92.55
CELL_72708,Epithelial,41.08,36,68.46
CELL_59340,Neuron,111.65,29,94.22
CELL_93766,Neuron,31.51,33,93.66
CELL_25695,Stem Cell,24.04,46,71.74
CELL_51255,Stem Cell,41.3,29,79.13
CELL_24261,Leukocyte,41.21,20,76.41
CELL_31962,Stem Cell,31.97,5,59.01
CELL_18942,Neuron,97.51,17,63.61
CELL_89693,Erythrocyte,104.35,20,79.36
CELL_94817,Stem Cell,105.36,5,54.52
CELL_39938,Neuron,118.35,42,77.1
CELL_42883,Leukocyte,60.82,50,98.01
CELL_75151,Erythrocyte,26.49,29,84.22
CELL_86703,Epithelial,103.64,13,74.83
CELL_47084,Neuron,82.2,47,85.11
CELL_94899,Neuron,11.25,44,98.14
CELL_54687,Epithelial,90.32,39,89.2
CELL_59040,Neuron,116.12,16,77.23
CELL_37672,Fibroblast,33.72,31,91.71
CELL_95277,Stem Cell,103.36,19,57.23
CELL_94571,Erythrocyte,54.0,19,67.74
CELL_86307,Fibroblast,106.34,10,84.83
CELL_46992,Epithelial,39.87,5,80.28
CELL_22609,Epithelial,113.44,43,70.9
CELL_25457,Fibroblast,96.29,13,97.37
CELL_57232,Erythrocyte,60.94,21,71.34
CELL_36752,Erythrocyte,69.05,28,53.04
CELL_33241,Epithelial,68.8,12,69.05
CELL_33968,Myocyte,75.03,34,89.96
CELL_37127,Erythrocyte,33.21,38,88.35
CELL_68237,Stem Cell,47.42,41,61.83
CELL_98086,Myocyte,42.89,45,95.82
CELL_26434,Erythrocyte,106.94,11,89.32
CELL_74924,Stem Cell,42.61,16,96.71
CELL_40145,Neuron,9.46,44,74.32
CELL_61594,Epithelial,18.62,42,74.6
CELL_50860,Fibroblast,49.41,29,56.75
CELL_26547,Epithelial,90.26,46,77.95
CELL_67640,Myocyte,106.69,46,70.26
CELL_76717,Myocyte,76.9,47,62.55
CELL_25506,Neuron,24.72,44,75.26
CELL_15081,Leukocyte,69.85,14,79.57
CELL_14307,Neuron,8.44,20,62.76
CELL_40074,Epithelial,94.51,23,79.52
CELL_74455,Myocyte,69.65,42,64.42
CELL_18030,Myocyte,23.22,16,92.75
CELL_41491,Erythrocyte,92.09,15,87.85
CELL_14694,Myocyte,65.51,47,73.63
CELL_74404,Epithelial,8.9,12,90.58
CELL_37256,Erythrocyte,24.82,13,77.79
CELL_58861,Fibroblast,39.37,14,71.67
CELL_60770,Epithelial,55.74,44,61.32
CELL_11505,Fibroblast,31.01,39,71.8
CELL_36471,Myocyte,97.21,31,67.38
CELL_50279,Erythrocyte,117.52,16,80.91
CELL_16008,Leukocyte,76.58,9,79.07
CELL_71284,Stem Cell,75.77,9,62.73
CELL_70027,Myocyte,75.76,18,55.34
CELL_17376,Neuron,78.3,49,53.27
CELL_25763,Neuron,10.68,47,75.63
CELL_59258,Neuron,61.24,40,97.93
CELL_25971,Fibroblast,5.82,14,59.56
CELL_46048,Myocyte,99.69,26,64.57
CELL_15961,Epithelial,112.94,21,81.78
CELL_28897,Fibroblast,96.77,12,87.24
CELL_35421,Erythrocyte,64.03,49,96.27
CELL_93652,Epithelial,94.18,34,69.7
CELL_12984,Stem Cell,74.33,26,95.83
CELL_93204,Epithelial,39.62,37,67.78
CELL_64649,Neuron,115.21,29,69.12
CELL_48027,Epithelial,106.76,15,88.86
CELL_84415,Erythrocyte,105.39,10,86.02
CELL_18506,Myocyte,26.69,27,80.1
CELL_88426,Neuron,118.84,7,79.17
CELL_69689,Leukocyte,101.06,19,78.84
CELL_38641,Fibroblast,72.27,12,54.93
CELL_31247,Myocyte,84.36,15,90.91
CELL_87768,Stem Cell,80.72,6,99.89
CELL_20176,Neuron,89.34,48,53.39
CELL_30315,Leukocyte,77.62,17,67.64
CELL_97838,Neuron,52.62,39,54.04
CELL_84886,Neuron,33.66,48,77.73
CELL_13144,Myocyte,57.82,39,90.96
CELL_19403,Erythrocyte,22.14,28,50.36
CELL_83176,Stem Cell,89.22,45,61.87
CELL_15913,Myocyte,89.71,7,62.78
CELL_65266,Myocyte,89.78,17,68.32
CELL_57211,Epithelial,19.64,16,90.34
CELL_93332,Stem Cell,44.5,27,98.23
CELL_75813,Leukocyte,104.95,28,60.23
CELL_88689,Leukocyte,106.15,24,71.51
CELL_52555,Neuron,53.71,26,86.29
CELL_55087,Stem Cell,61.7,45,95.52
CELL_53621,Myocyte,44.25,5,57.14
CELL_69896,Erythrocyte,51.15,32,67.37
CELL_68280,Stem Cell,68.49,9,83.83
CELL_18715,Erythrocyte,36.03,48,83.88
CELL_34854,Myocyte,6.21,31,89.87
CELL_57583,Myocyte,91.36,39,78.42
CELL_50621,Erythrocyte,65.23,28,78.06
CELL_94474,Neuron,93.24,35,93.36
CELL_48175,Leukocyte,36.28,49,93.19
CELL_43062,Neuron,72.04,16,82.17
CELL_69203,Neuron,74.41,19,53.53
CELL_44741,Erythrocyte,89.8,11,88.45
CELL_34654,Epithelial,35.19,9,81.03
CELL_49305,Neuron,119.07,21,81.61
CELL_92977,Epithelial,38.83,41,86.33
CELL_80020,Stem Cell,9.55,26,99.36
CELL_56316,Fibroblast,53.79,29,92.39
CELL_72663,Epithelial,64.58,49,62.09
CELL_85782,Erythrocyte,53.65,7,76.89
CELL_24649,Leukocyte,93.22,45,69.43
CELL_28161,Stem Cell,11.35,21,58.12
CELL_49409,Fibroblast,55.08,35,87.96
CELL_19688,Erythrocyte,24.25,38,86.4
CELL_11824,Leukocyte,54.75,27,98.98
CELL_69284,Erythrocyte,103.93,27,83.51
CELL_56297,Epithelial,81.22,31,56.47
CELL_18221,Erythrocyte,35.93,6,58.02
CELL_95804,Leukocyte,98.09,31,97.55
CELL_82426,Stem Cell,6.98,40,80.85
CELL_61776,Neuron,13.9,38,63.87
CELL_62324,Epithelial,82.31,31,98.21
CELL_87132,Neuron,21.78,41,62.37
CELL_52435,Leukocyte,107.12,22,90.5
CELL_42880,Erythrocyte,40.69,10,70.59
CELL_25757,Myocyte,85.63,7,89.92
CELL_53297,Neuron,82.62,12,65.33
CELL_75272,Epithelial,23.15,31,70.13
CELL_30478,Epithelial,108.89,34,51.86
CELL_56998,Myocyte,84.3,9,72.79
CELL_25776,Epithelial,35.05,25,92.87
CELL_82538,Epithelial,111.41,30,71.91
CELL_30751,Myocyte,95.3,43,57.44
CELL_67150,Leukocyte,106.59,12,50.1
CELL_75139,Stem Cell,33.0,11,95.69
CELL_15250,Epithelial,89.17,25,85.78
CELL_50905,Neuron,57.95,27,57.21
CELL_24755,Stem Cell,85.86,7,51.71
CELL_79728,Stem Cell,67.29,35,90.84
CELL_49360,Neuron,105.05,27,74.06
CELL_34889,Fibroblast,68.82,7,66.75
CELL_38227,Erythrocyte,16.29,20,87.41
CELL_78108,Epithelial,12.71,19,95.27
CELL_37966,Erythrocyte,90.88,21,93.32
CELL_94355,Erythrocyte,93.92,21,85.76
CELL_68331,Erythrocyte,81.56,29,92.3
CELL_23421,Myocyte,88.67,10,72.86
CELL_44374,Neuron,38.22,46,76.25
CELL_68961,Neuron,27.79,47,63.04
CELL_32527,Leukocyte,15.74,37,88.28
CELL_34044,Leukocyte,110.41,8,94.68
CELL_94019,Leukocyte,114.64,33,79.43
CELL_70682,Myocyte,50.34,33,95.21
CELL_26616,Fibroblast,115.32,19,73.91
CELL_36943,Leukocyte,6.01,29,96.77
CELL_56293,Stem Cell,81.52,35,51.71
CELL_68031,Leukocyte,100.77,8,87.04
CELL_67209,Fibroblast,97.75,22,67.94
CELL_33660,Myocyte,90.47,22,50.57
CELL_96964,Stem Cell,15.85,30,58.24
CELL_31706,Fibroblast,9.84,7,53.76
CELL_56578,Neuron,37.33,16,60.58
CELL_97043,Leukocyte,39.3,43,76.95
CELL_40323,Myocyte,77.17,44,84.32
CELL_51673,Epithelial,89.5,38,86.81
CELL_90145,Stem Cell,118.78,6,55.53
CELL_41325,Fibroblast,32.43,32,55.64
CELL_17115,Leukocyte,75.6,13,62.51
CELL_41709,Neuron,85.0,25,73.32
CELL_24936,Stem Cell,109.08,37,94.57
CELL_98464,Epithelial,17.98,36,70.09
CELL_93645,Epithelial,111.74,6,67.29
CELL_37897,Stem Cell,77.66,24,58.98
CELL_27801,Myocyte,63.71,36,63.06
CELL_18034,Leukocyte,75.13,12,98.11
CELL_21802,Stem Cell,67.11,47,71.51
CELL_43422,Neuron,64.34,43,89.81
CELL_76921,Neuron,39.3,34,85.52
CELL_44137,Erythrocyte,48.56,43,56.91
CELL_52429,Erythrocyte,23.14,46,99.44
CELL_55403,Erythrocyte,74.41,35,60.77
CELL_39963,Fibroblast,23.29,36,62.22
CELL_98809,Erythrocyte,8.48,10,55.11
CELL_54103,Leukocyte,21.67,14,76.55
CELL_29105,Epithelial,91.19,14,80.41
CELL_77520,Neuron,14.02,11,75.25
CELL_10765,Myocyte,36.12,39,82.42
CELL_18085,Fibroblast,29.7,33,52.64
CELL_27568,Myocyte,47.49,35,88.04
CELL_70464,Stem Cell,36.12,34,68.85
CELL_47997,Erythrocyte,14.96,47,99.2
CELL_19896,Leukocyte,118.65,11,83.96
CELL_37791,Fibroblast,43.49,46,59.11
CELL_17918,Erythrocyte,83.78,35,89.56
CELL_33492,Erythrocyte,59.25,31,86.55
CELL_18239,Neuron,48.76,44,86.5
CELL_99638,Erythrocyte,16.84,14,71.55
CELL_13661,Stem Cell,51.35,35,59.14
CELL_37366,Myocyte,13.86,24,96.28
CELL_43900,Fibroblast,23.93,8,69.83
CELL_83480,Myocyte,115.27,17,64.61
CELL_48760,Fibroblast,37.85,12,88.02
CELL_76431,Fibroblast,20.51,38,66.27
CELL_27353,Neuron,119.46,28,81.12
CELL_64761,Epithelial,89.19,21,76.8
CELL_18943,Erythrocyte,105.25,31,96.65
CELL_30383,Epithelial,33.32,33,75.25
CELL_94012,Fibroblast,15.73,34,76.89
CELL_24724,Myocyte,108.86,20,64.57
CELL_44320,Myocyte,47.54,48,96.16
CELL_30380,Epithelial,83.45,19,79.13
CELL_74975,Erythrocyte,47.76,22,96.79
CELL_60570,Neuron,8.25,49,54.91
CELL_47045,Myocyte,20.09,16,55.29
CELL_20516,Neuron,118.8,24,66.4
CELL_49290,Neuron,63.33,19,87.08
CELL_44847,Stem Cell,116.37,50,58.9
CELL_30199,Stem Cell,80.78,35,61.25
CELL_67566,Myocyte,19.56,26,82.22
CELL_90587,Stem Cell,99.56,28,65.94
CELL_70962,Leukocyte,84.0,46,65.25
CELL_69012,Leukocyte,41.59,48,81.97
CELL_67861,Stem Cell,23.35,40,67.38
CELL_30760,Epithelial,55.07,43,85.48
CELL_13218,Myocyte,57.56,19,98.83
CELL_89288,Erythrocyte,105.69,46,59.22
CELL_25726,Epithelial,82.24,14,98.58
CELL_18762,Leukocyte,113.07,32,88.98
CELL_48974,Neuron,101.27,45,56.72
CELL_49160,Myocyte,117.35,27,77.35
CELL_40914,Stem Cell,37.59,49,60.88
CELL_39304,Leukocyte,109.69,12,80.87
CELL_60094,Epithelial,31.95,32,59.59
CELL_56211,Neuron,36.69,30,72.83
CELL_34701,Stem Cell,18.46,6,59.15
CELL_28644,Myocyte,66.16,35,55.71
CELL_74612,Leukocyte,69.71,14,93.89
CELL_28466,Stem Cell,23.67,19,95.88
CELL_60241,Leukocyte,104.73,39,92.25
CELL_83072,Leukocyte,90.69,45,51.95
CELL_52952,Erythrocyte,99.49,13,80.83
CELL_62849,Epithelial,11.05,15,59.49
CELL_26397,Fibroblast,31.08,35,82.87
CELL_39762,Epithelial,45.76,14,87.63
CELL_69803,Neuron,48.53,16,72.04
CELL_22855,Neuron,13.04,12,91.4
CELL_61667,Neuron,12.29,16,58.44
CELL_27901,Myocyte,11.97,43,94.2
CELL_72816,Neuron,74.71,34,71.45
CELL_98795,Neuron,86.91,17,52.26
CELL_44341,Erythrocyte,7.82,44,83.34
CELL_20415,Leukocyte,104.97,47,93.73
CELL_15725,Leukocyte,69.07,7,87.66
CELL_10429,Epithelial,101.14,22,86.05
CELL_51997,Myocyte,106.9,49,77.78
CELL_47332,Epithelial,14.37,9,98.74
CELL_47005,Epithelial,50.9,39,54.32
CELL_16288,Erythrocyte,87.21,45,58.61
CELL_12503,Myocyte,79.57,40,70.13
CELL_23996,Fibroblast,92.1,5,59.19
CELL_90703,Neuron,70.22,7,57.09
CELL_55893,Neuron,22.67,32,85.46
CELL_55054,Erythrocyte,16.76,21,52.86
CELL_12837,Fibroblast,68.49,46,96.14
CELL_34192,Neuron,115.4,31,58.37
CELL_28105,Stem Cell,26.97,27,78.93
CELL_20718,Neuron,71.3,19,55.52
CELL_29464,Stem Cell,115.29,29,98.09
CELL_99031,Myocyte,22.02,25,94.72
CELL_28773,Epithelial,112.33,23,60.06
CELL_72826,Stem Cell,56.98,41,55.63
CELL_72072,Neuron,16.18,19,91.6
CELL_98142,Leukocyte,114.36,17,98.1
CELL_76629,Stem Cell,39.44,6,74.94
CELL_49526,Leukocyte,24.5,19,73.29
CELL_48771,Myocyte,11.14,39,68.09
CELL_31813,Erythrocyte,61.61,44,90.98
CELL_49341,Fibroblast,67.03,39,82.1
CELL_91508,Stem Cell,25.15,38,99.04
CELL_36812,Neuron,70.82,26,77.43
CELL_82022,Erythrocyte,28.25,30,82.32
CELL_83977,Myocyte,47.9,18,56.36
CELL_31159,Epithelial,45.88,25,74.43
CELL_72128,Neuron,106.76,45,91.22
CELL_43670,Epithelial,73.46,40,90.49
CELL_43294,Neuron,71.74,9,54.68
CELL_87848,Leukocyte,28.75,28,76.22
CELL_50044,Stem Cell,53.61,8,89.73
CELL_66771,Myocyte,36.93,7,61.69
CELL_73563,Myocyte,30.55,42,71.15
CELL_81209,Erythrocyte,73.57,10,83.23
CELL_24861,Stem Cell,6.89,18,86.09
CELL_25969,Neuron,17.44,22,89.8
CELL_76491,Neuron,23.86,27,99.54
CELL_57622,Fibroblast,111.76,32,81.46
CELL_80354,Epithelial,66.94,15,68.94
CELL_17440,Epithelial,44.97,28,74.37
CELL_25893,Fibroblast,51.05,7,50.08
CELL_57368,Fibroblast,108.85,25,80.12
CELL_63033,Leukocyte,119.08,23,90.75
CELL_35873,Epithelial,40.71,28,53.73
CELL_31842,Stem Cell,113.11,21,90.06
CELL_27509,Leukocyte,103.48,22,54.34
CELL_19996,Leukocyte,85.49,29,57.72
CELL_67019,Leukocyte,119.45,17,73.54
CELL_66870,Erythrocyte,64.74,10,56.25
CELL_60821,Stem Cell,62.6,26,73.07
CELL_91201,Stem Cell,111.14,40,64.19
CELL_62726,Fibroblast,17.3,33,85.87
CELL_95254,Fibroblast,86.6,45,86.83
CELL_70492,Stem Cell,70.88,24,51.35
CELL_42489,Fibroblast,66.56,12,61.42
CELL_31153,Fibroblast,28.08,34,52.62
CELL_96437,Myocyte,63.23,24,89.31
CELL_80344,Neuron,73.69,48,57.36
CELL_75194,Leukocyte,111.0,20,60.73
CELL_33798,Stem Cell,91.29,9,93.55
CELL_14875,Fibroblast,7.95,36,61.96
CELL_34370,Epithelial,68.0,8,56.29
CELL_14574,Fibroblast,50.6,27,93.21
CELL_42780,Stem Cell,111.75,9,56.1
CELL_93711,Fibroblast,63.94,36,95.4
CELL_91328,Myocyte,16.9,19,87.89
CELL_13081,Myocyte,82.01,12,92.36
CELL_53508,Erythrocyte,114.69,40,54.66
CELL_24666,Fibroblast,40.3,39,97.98
CELL_13585,Fibroblast,58.52,10,58.11
CELL_63451,Erythrocyte,26.5,34,58.69
CELL_51825,Myocyte,60.31,24,52.17
CELL_33419,Stem Cell,28.37,50,90.84
CELL_34328,Epithelial,33.86,28,74.22
CELL_34508,Neuron,63.81,42,87.69
CELL_54978,Fibroblast,83.31,11,80.74
CELL_98171,Erythrocyte,99.15,42,89.05
CELL_13062,Fibroblast,24.98,38,93.28
CELL_33622,Neuron,107.49,13,67.85
CELL_26875,Stem Cell,64.65,25,81.6
CELL_64202,Stem Cell,82.33,20,69.7
CELL_33272,Leukocyte,28.5,20,79.33
CELL_54986,Stem Cell,42.26,31,71.73
CELL_96766,Neuron,96.02,12,92.9
CELL_32980,Leukocyte,41.64,40,62.23
CELL_93031,Epithelial,99.82,5,64.59
CELL_75495,Leukocyte,39.88,5,63.35
CELL_74502,Myocyte,101.14,21,89.69
CELL_72297,Myocyte,114.57,26,92.54
CELL_11605,Neuron,92.19,40,86.67
CELL_86339,Fibroblast,51.65,21,74.4
CELL_33356,Stem Cell,83.36,47,91.27
CELL_98330,Stem Cell,23.5,40,70.41
CELL_55695,Myocyte,19.99,23,67.56
CELL_39079,Stem Cell,63.27,40,57.3
CELL_44212,Epithelial,63.52,24,99.86
CELL_52748,Epithelial,108.95,25,88.33
CELL_72651,Erythrocyte,7.54,37,88.75
CELL_49076,Stem Cell,79.68,41,83.5
CELL_61351,Myocyte,78.78,17,92.6
CELL_99631,Stem Cell,35.14,20,64.83
CELL_62651,Leukocyte,42.42,48,85.35
CELL_73402,Leukocyte,35.44,45,76.23
CELL_15924,Erythrocyte,7.37,39,86.97
CELL_15166,Neuron,78.76,9,87.86
CELL_98175,Epithelial,119.25,44,80.35
CELL_82624,Fibroblast,96.96,15,60.68
CELL_14818,Erythrocyte,119.35,20,85.03
CELL_57813,Erythrocyte,48.66,21,89.68
CELL_67391,Fibroblast,14.38,25,76.01
