cell_id,cell_type,diameter_um,organelle_count,viability_pct
CELL_84335,Stem Cell,48.38,5,95.59
CELL_69933,Stem Cell,32.32,25,81.6
CELL_61455,Erythrocyte,114.1,7,87.26
CELL_88626,Myocyte,27.13,34,68.03
CELL_32830,Erythrocyte,25.54,18,74.72
CELL_16536,Neuron,86.15,42,53.15
CELL_44371,Myocyte,73.92,36,76.65
CELL_41391,Leukocyte,17.44,41,55.04
CELL_87839,Leukocyte,24.23,12,52.53
CELL_82336,Fibroblast,33.37,18,55.49
CELL_75417,Erythrocyte,27.39,37,62.57
CELL_38599,Epithelial,31.45,49,93.73
CELL_13978,Leukocyte,9.69,40,55.98
CELL_42077,Leukocyte,81.36,40,64.54
CELL_49027,Myocyte,76.97,17,51.57
CELL_11186,Erythrocyte,22.03,20,68.89
CELL_77788,Erythrocyte,51.48,45,52.61
CELL_59104,Fibroblast,113.72,47,52.63
CELL_19292,Fibroblast,6.58,49,72.19
CELL_81051,Stem Cell,104.59,9,71.43
CELL_90799,Stem Cell,85.91,21,82.83
CELL_67339,Stem Cell,46.05,14,87.6
CELL_76062,Epithelial,11.85,49,72.32
CELL_94240,Stem Cell,16.44,45,88.54
CELL_19241,Epithelial,25.38,23,99.79
CELL_29106,Erythrocyte,93.19,37,58.71
CELL_32258,Leukocyte,28.41,12,94.62
CELL_97631,Epithelial,84.91,9,96.15
CELL_77827,Fibroblast,49.08,25,57.33
CELL_18726,Leukocyte,112.65,25,85.34
CELL_83171,Neuron,57.49,22,67.12
CELL_76766,Epithelial,38.54,20,51.65
CELL_51926,Stem Cell,101.26,46,80.15
CELL_41884,Leukocyte,75.92,45,59.24
CELL_91617,Myocyte,59.29,6,82.59
CELL_98665,Epithelial,25.03,48,68.44
CELL_27844,Leukocyte,110.42,11,88.58
CELL_82766,Fibroblast,90.55,37,52.03
CELL_89391,Myocyte,50.84,5,99.64
CELL_12376,Neuron,107.3,20,68.95
CELL_28259,Myocyte,38.69,42,57.73
CELL_35496,Stem Cell,47.49,19,53.19
CELL_18199,Erythrocyte,23.17,21,73.89
CELL_67157,Fibroblast,42.19,44,96.51
CELL_84822,Myocyte,45.49,8,98.27
CELL_70938,Epithelial,67.01,43,81.08
CELL_35440,Myocyte,7.24,5,58.73
CELL_96748,Myocyte,74.26,50,79.81
CELL_46344,Fibroblast,109.28,39,60.8
CELL_95411,Neuron,107.91,40,66.8
CELL_96411,Fibroblast,45.82,25,88.88
CELL_68821,Epithelial,98.62,38,62.85
CELL_98557,Erythrocyte,10.15,44,81.44
CELL_59785,Erythrocyte,71.86,16,81.92
CELL_75020,Myocyte,54.98,12,95.54
CELL_34843,Neuron,86.8,45,88.39
CELL_37473,Leukocyte,84.32,16,86.7
CELL_43975,Epithelial,29.44,37,56.89
CELL_77741,Fibroblast,22.87,46,54.31
CELL_75729,Stem Cell,28.74,17,97.67
CELL_83609,Erythrocyte,112.86,30,93.86
CELL_58510,Stem Cell,112.24,8,83.57
CELL_46975,Myocyte,51.46,44,60.05
CELL_32853,Fibroblast,89.08,36,93.23
CELL_10061,Leukocyte,11.03,11,89.0
CELL_27839,Erythrocyte,80.61,47,95.56
CELL_40643,Stem Cell,6.42,12,83.56
CELL_93682,Stem Cell,49.36,26,64.71
CELL_50701,Leukocyte,112.58,7,97.35
CELL_70706,Neuron,19.07,19,94.66
CELL_90588,Fibroblast,58.56,47,80.31
CELL_54385,Neuron,70.39,22,91.84
CELL_15840,Erythrocyte,61.45,30,93.44
CELL_61590,Neuron,25.55,21,93.34
CELL_85054,Epithelial,61.61,9,74.01
CELL_94633,Epithelial,57.53,41,63.15
CELL_31797,Stem Cell,52.14,34,86.63
CELL_41247,Erythrocyte,108.55,17,72.63
CELL_83348,Myocyte,8.83,8,66.7
CELL_24907,Epithelial,50.07,39,91.33
CELL_56602,Epithelial,22.31,20,81.93
CELL_61271,Erythrocyte,94.74,28,57.89
CELL_45122,Fibroblast,52.64,36,55.54
CELL_87567,Myocyte,97.68,43,79.55
CELL_84864,Stem Cell,114.44,48,95.35
CELL_30163,Stem Cell,48.07,33,77.64
CELL_61343,Epithelial,95.5,48,91.44
CELL_27811,Myocyte,57.35,38,64.65
CELL_59269,Myocyte,27.48,8,80.03
CELL_15489,Erythrocyte,84.2,8,61.91
CELL_86768,Epithelial,66.94,41,71.91
CELL_29786,Erythrocyte,38.14,35,90.46
CELL_34728,Neuron,97.81,37,64.66
CELL_25327,Epithelial,15.1,21,99.65
CELL_65095,Epithelial,31.57,12,80.37
CELL_56643,Stem Cell,102.1,14,89.55
CELL_91561,Neuron,33.44,23,90.18
CELL_16287,Myocyte,106.66,25,52.05
CELL_49475,Stem Cell,71.85,40,93.83
CELL_79972,Neuron,73.44,37,83.15
CELL_33939,Fibroblast,51.44,26,80.63
CELL_18743,Fibroblast,72.61,13,94.43
CELL_99139,Fibroblast,31.9,45,57.36
CELL_15595,Stem Cell,103.07,50,78.73
CELL_14832,Stem Cell,106.44,15,70.79
CELL_70818,Myocyte,66.35,39,88.91
CELL_42400,Stem Cell,17.36,17,82.9
CELL_19406,Neuron,96.11,50,80.4
CELL_62040,Erythrocyte,55.93,24,85.3
CELL_26446,Fibroblast,81.1,32,81.54
CELL_16318,Erythrocyte,108.97,43,78.87
CELL_72988,Epithelial,38.49,19,58.21
CELL_59672,Epithelial,32.91,24,95.09
CELL_80914,Myocyte,40.53,20,66.1
CELL_71180,Myocyte,51.24,43,73.5
CELL_29300,Epithelial,30.83,7,86.95
CELL_26128,Stem Cell,111.46,24,76.24
CELL_48432,Epithelial,82.05,41,96.04
CELL_48135,Epithelial,50.65,35,93.98
CELL_40148,Epithelial,40.87,16,71.11
CELL_52577,Epithelial,100.51,30,60.85
CELL_54017,Stem Cell,19.15,38,97.56
CELL_51751,Fibroblast,51.58,5,68.71
CELL_28945,Epithelial,60.56,14,87.81
CELL_85496,Epithelial,5.67,20,94.72
CELL_94909,Fibroblast,85.55,9,90.49
CELL_56972,Stem Cell,110.11,34,66.65
CELL_77653,Erythrocyte,65.49,23,82.56
CELL_29937,Fibroblast,85.55,37,92.21
CELL_35681,Leukocyte,77.12,30,54.35
CELL_63359,Myocyte,14.99,25,93.98
CELL_81887,Fibroblast,37.18,8,53.53
CELL_31219,Myocyte,112.68,29,66.16
CELL_70412,Stem Cell,11.65,6,77.12
CELL_36634,Stem Cell,32.98,49,64.84
CELL_47596,Neuron,112.02,43,95.39
CELL_23516,Neuron,49.84,49,94.2
CELL_54094,Fibroblast,36.47,16,98.72
CELL_83610,Fibroblast,75.29,48,90.26
CELL_50646,Stem Cell,58.4,10,76.83
CELL_28667,Leukocyte,73.31,34,53.06
CELL_34030,Stem Cell,79.59,48,87.01
CELL_30040,Stem Cell,23.76,35,50.93
CELL_78307,Myocyte,87.72,46,67.26
CELL_17191,Stem Cell,29.56,12,50.36
CELL_91248,Myocyte,46.74,27,99.57
CELL_25327,Myocyte,48.17,35,76.71
CELL_95830,Epithelial,50.16,47,51.26
CELL_46378,Neuron,109.94,29,95.93
CELL_25028,Stem Cell,79.1,38,66.12
CELL_26656,Stem Cell,70.75,24,97.76
CELL_40493,Epithelial,19.62,18,77.0
CELL_67269,Leukocyte,95.88,21,83.71
CELL_20817,Myocyte,80.82,27,63.84
CELL_37183,Stem Cell,81.15,10,85.88
CELL_16730,Fibroblast,66.58,30,98.71
CELL_37917,Leukocyte,90.51,27,82.31
CELL_95481,Epithelial,56.0,42,50.68
CELL_26971,Neuron,53.41,50,88.42
CELL_11165,Neuron,5.91,31,90.52
CELL_60527,Stem Cell,66.7,16,52.37
CELL_68250,Neuron,7.27,23,76.86
CELL_88083,Epithelial,30.14,25,65.58
CELL_18335,Neuron,116.69,19,60.52
CELL_28808,Fibroblast,17.95,12,67.99
CELL_27269,Myocyte,96.01,29,81.7
CELL_54799,Myocyte,28.08,42,61.81
CELL_20143,Stem Cell,52.23,19,72.34
CELL_76451,Erythrocyte,79.55,11,88.81
CELL_86170,Neuron,102.87,32,57.41
CELL_87734,Fibroblast,48.53,14,99.14
CELL_80869,Fibroblast,48.95,46,79.21
CELL_48961,Myocyte,67.85,7,83.5
CELL_50127,Leukocyte,78.67,47,98.33
CELL_23263,Neuron,89.4,23,71.38
CELL_71181,Erythrocyte,104.8,26,96.11
CELL_10658,Erythrocyte,86.07,28,85.96
CELL_79291,Myocyte,31.31,12,98.43
CELL_63511,Leukocyte,86.49,32,90.54
CELL_46457,Neuron,61.4,6,71.97
CELL_78242,Neuron,105.89,39,60.4
CELL_12111,Neuron,38.92,32,76.44
CELL_14351,Stem Cell,103.44,13,73.05
CELL_39866,Epithelial,109.07,6,71.61
CELL_73806,Leukocyte,23.25,25,73.53
CELL_77072,Leukocyte,21.96,37,96.6
CELL_58442,Epithelial,66.54,9,53.55
CELL_33227,Myocyte,26.02,15,91.71
CELL_57577,Fibroblast,74.43,32,70.54
CELL_89827,Erythrocyte,15.49,6,82.43
CELL_50490,Neuron,101.18,26,83.63
CELL_57481,Leukocyte,74.38,42,97.74
CELL_93526,Myocyte,115.18,9,61.6
CELL_89136,Fibroblast,5.23,27,99.98
CELL_45612,Leukocyte,26.9,32,96.51
CELL_10580,Epithelial,43.85,13,86.9
CELL_92201,Fibroblast,63.15,48,79.78
CELL_42220,Leukocyte,95.26,10,67.11
CELL_10801,Leukocyte,36.07,28,82.07
CELL_17029,Neuron,61.93,48,88.57
CELL_58286,Epithelial,92.43,24,76.5
CELL_15441,Stem Cell,7.88,30,85.88
CELL_62445,Stem Cell,15.49,19,66.95
CELL_80602,Neuron,41.77,29,79.7
CELL_43134,Leukocyte,37.94,39,59.86
CELL_16240,Myocyte,54.52,35,73.32
CELL_18422,Fibroblast,118.88,44,90.26
CELL_43427,Neuron,16.05,42,80.75
CELL_30825,Erythrocyte,7.02,18,69.51
CELL_39050,Erythrocyte,70.06,7,86.75
CELL_91905,Myocyte,47.88,49,99.15
CELL_98822,Fibroblast,19.47,25,72.9
CELL_98908,Neuron,105.68,8,90.57
CELL_25701,Myocyte,65.15,13,52.26
CELL_72858,Erythrocyte,51.5,34,96.58
CELL_97430,Stem Cell,51.65,49,93.85
CELL_86015,Myocyte,30.09,9,69.62
CELL_67449,Fibroblast,35.99,23,90.92
CELL_56216,Leukocyte,20.93,21,95.58
CELL_50967,Stem Cell,37.33,9,98.51
CELL_31483,Fibroblast,97.33,24,72.09
CELL_71820,Stem Cell,35.17,14,81.32
CELL_14842,Leukocyte,60.48,7,69.56
CELL_90952,Epithelial,95.82,13,72.94
CELL_18692,Myocyte,64.17,13,95.24
CELL_37335,Erythrocyte,82.73,39,69.96
CELL_96637,Myocyte,12.3,33,53.16
CELL_19959,Erythrocyte,82.33,38,52.8
CELL_48932,Erythrocyte,79.34,7,59.32
CELL_23957,Stem Cell,59.87,10,57.7
CELL_57594,Fibroblast,8.96,50,61.68
CELL_79957,Myocyte,112.09,42,88.43
CELL_88127,Neuron,49.1,41,96.89
CELL_49005,Stem Cell,84.26,41,93.88
CELL_65390,Leukocyte,83.43,25,50.41
CELL_18023,Epithelial,71.6,22,78.89
CELL_92553,Stem Cell,106.08,14,60.87
CELL_41444,Fibroblast,84.4,37,86.42
CELL_18696,Myocyte,99.54,15,85.12
CELL_37675,Fibroblast,106.76,40,81.64
CELL_28152,Fibroblast,5.46,15,57.83
CELL_54412,Stem Cell,9.85,50,83.96
CELL_92144,Fibroblast,15.05,40,74.51
CELL_16312,Stem Cell,18.65,7,61.12
CELL_93788,Leukocyte,73.02,49,96.05
CELL_66519,Leukocyte,34.71,15,51.79
CELL_68894,Epithelial,109.41,27,87.47
CELL_67666,Myocyte,53.78,30,73.44
CELL_21110,Stem Cell,56.22,49,98.48
CELL_93793,Erythrocyte,11.32,39,97.84
CELL_58524,Neuron,97.14,50,90.91
CELL_92379,Stem Cell,26.27,32,94.09
CELL_34927,Neuron,48.54,23,81.26
CELL_71013,Neuron,58.82,27,76.02
CELL_27643,Fibroblast,85.61,47,93.88
CELL_39171,Stem Cell,44.08,35,94.26
CELL_32139,Fibroblast,117.54,24,62.24
CELL_78797,Myocyte,94.52,44,84.51
CELL_76355,Myocyte,27.27,30,92.94
CELL_68476,Stem Cell,24.52,15,95.44
CELL_75602,Stem Cell,9.63,33,63.8
CELL_37919,Leukocyte,92.64,50,60.0
CELL_55707,Neuron,57.98,19,62.5
CELL_87547,Erythrocyte,31.81,10,56.13
CELL_78237,Epithelial,34.03,12,63.11
CELL_98774,Myocyte,86.56,49,77.28
CELL_25233,Erythrocyte,52.99,36,82.44
CELL_62957,Neuron,37.91,46,88.05
CELL_60993,Epithelial,85.25,39,55.5
CELL_62308,Neuron,109.93,45,78.21
CELL_95589,Leukocyte,90.19,19,86.11
CELL_94820,Erythrocyte,29.76,43,76.26
CELL_85145,Fibroblast,119.41,8,51.61
CELL_70857,Epithelial,12.74,36,54.05
CELL_68961,Neuron,92.53,46,80.29
CELL_36322,Myocyte,44.91,12,90.77
CELL_23709,Neuron,94.05,9,50.8
CELL_16288,Leukocyte,25.91,16,74.29
CELL_26016,Myocyte,111.81,22,97.0
CELL_60210,Epithelial,23.5,11,70.3
CELL_91679,Neuron,36.74,31,89.0
CELL_94432,Fibroblast,32.19,13,70.69
CELL_83051,Leukocyte,68.59,10,66.52
CELL_28293,Erythrocyte,86.13,30,85.55
CELL_31685,Erythrocyte,63.49,27,75.98
CELL_39722,Stem Cell,57.93,16,77.75
CELL_55617,Epithelial,20.14,33,54.54
CELL_76382,Fibroblast,113.44,44,93.13
CELL_79072,Myocyte,66.75,38,88.08
CELL_33670,Myocyte,80.48,43,76.16
CELL_15099,Stem Cell,15.3,41,93.46
CELL_61847,Neuron,21.9,20,62.4
CELL_90855,Leukocyte,18.66,41,54.23
CELL_31288,Leukocyte,91.13,37,69.11
CELL_74857,Epithelial,21.48,30,94.81
CELL_49438,Stem Cell,114.68,17,81.82
CELL_35044,Erythrocyte,78.7,45,99.96
CELL_62192,Neuron,90.2,42,68.25
CELL_96416,Fibroblast,12.52,38,84.07
CELL_59717,Fibroblast,15.43,22,75.87
CELL_71685,Neuron,25.59,37,73.38
CELL_19543,Fibroblast,47.93,44,58.85
CELL_93822,Erythrocyte,118.97,6,85.16
CELL_38984,Fibroblast,82.62,31,69.73
CELL_22875,Myocyte,109.17,26,53.77
CELL_42358,Erythrocyte,47.04,43,66.94
CELL_95246,Fibroblast,82.13,36,57.15
CELL_48931,Leukocyte,96.06,29,82.59
CELL_11026,Myocyte,26.45,8,56.15
CELL_43302,Stem Cell,61.61,18,67.04
CELL_46043,Epithelial,52.38,32,68.3
CELL_75666,Myocyte,6.41,27,72.64
CELL_73152,Myocyte,58.06,22,65.07
CELL_49347,Stem Cell,6.65,17,60.4
CELL_86077,Leukocyte,12.95,45,98.98
CELL_87009,Fibroblast,16.06,26,62.49
CELL_62990,Erythrocyte,71.2,26,86.4
CELL_23127,Epithelial,43.24,10,82.58
CELL_56561,Epithelial,74.77,50,57.99
CELL_52832,Erythrocyte,117.14,40,72.86
CELL_61333,Fibroblast,34.15,18,90.34
CELL_74206,Epithelial,119.19,15,66.61
CELL_20353,Myocyte,82.77,50,53.51
CELL_87342,Neuron,27.52,23,85.14
CELL_61439,Erythrocyte,104.31,7,73.13
CELL_91321,Myocyte,23.85,50,63.72
CELL_89820,Myocyte,107.16,19,71.97
CELL_97599,Neuron,26.19,8,84.61
CELL_55948,Epithelial,5.2,32,93.98
CELL_20439,Myocyte,65.79,21,92.91
CELL_79833,Leukocyte,100.42,10,93.09
CELL_26831,Erythrocyte,31.97,6,52.74
CELL_61219,Stem Cell,65.63,39,68.93
CELL_10352,Leukocyte,18.18,30,94.23
CELL_16154,Myocyte,100.93,7,91.51
CELL_41308,Epithelial,66.52,36,85.87
CELL_62486,Epithelial,109.84,23,67.5
CELL_58489,Fibroblast,35.11,40,99.86
CELL_79465,Neuron,23.36,43,66.36
CELL_53662,Neuron,21.73,19,96.57
CELL_83621,Myocyte,86.23,26,92.94
CELL_17485,Neuron,47.11,31,57.47
CELL_50257,Myocyte,65.71,30,78.06
CELL_67231,Neuron,107.64,8,65.01
CELL_30933,Fibroblast,49.08,43,62.31
CELL_60591,Stem Cell,13.03,40,87.61
CELL_48435,Erythrocyte,38.76,41,58.53
CELL_85552,Myocyte,11.48,20,79.52
CELL_44117,Neuron,24.47,33,60.78
CELL_89376,Leukocyte,50.56,5,97.13
CELL_11680,Epithelial,46.78,17,96.67
CELL_35132,Fibroblast,35.56,43,87.53
CELL_44493,Neuron,19.18,38,72.67
CELL_55034,Neuron,78.61,23,96.37
CELL_29516,Leukocyte,81.39,40,77.58
CELL_42374,Erythrocyte,30.25,16,57.78
CELL_26551,Epithelial,96.66,31,61.2
CELL_68030,Epithelial,59.39,7,92.29
CELL_23337,Erythrocyte,25.68,46,78.76
CELL_35853,Erythrocyte,67.49,50,51.07
CELL_76176,Neuron,23.83,12,98.22
CELL_49691,Epithelial,57.35,39,95.64
CELL_47739,Fibroblast,42.76,30,83.05
CELL_78705,Stem Cell,83.3,32,99.45
CELL_43964,Myocyte,104.81,17,62.58
CELL_14090,Epithelial,104.35,39,80.72
CELL_40177,Stem Cell,73.02,29,70.52
CELL_97074,Epithelial,107.53,37,72.64
CELL_70939,Myocyte,110.23,26,71.65
CELL_18101,Erythrocyte,11.43,35,65.15
CELL_32553,Fibroblast,48.0,28,95.34
CELL_58667,Neuron,17.15,12,97.97
CELL_28447,Erythrocyte,113.8,12,72.73
CELL_38573,Leukocyte,101.86,12,91.61
CELL_57368,Leukocyte,47.65,49,50.42
CELL_22750,Fibroblast,30.72,32,69.27
CELL_54814,Myocyte,62.95,15,59.62
CELL_59833,Myocyte,116.28,40,58.91
CELL_95610,Neuron,97.21,10,62.57
CELL_81670,Myocyte,118.39,20,90.9
CELL_26597,Fibroblast,59.32,38,91.54
CELL_71511,Myocyte,24.33,14,79.33
CELL_61493,Myocyte,81.25,19,62.94
CELL_69542,Leukocyte,117.6,8,65.25
CELL_61975,Neuron,21.54,21,98.15
CELL_30454,Neuron,28.62,45,74.68
CELL_35473,Epithelial,16.43,44,53.45
CELL_67520,Stem Cell,37.19,15,79.64
CELL_10434,Leukocyte,42.69,21,87.48
CELL_47035,Myocyte,108.02,38,84.91
CELL_77627,Fibroblast,27.57,14,87.28
CELL_23836,Epithelial,65.62,6,75.63
CELL_46811,Epithelial,57.83,7,57.76
CELL_25138,Erythrocyte,28.23,20,84.01
CELL_37227,Fibroblast,83.21,13,90.31
CELL_69033,Erythrocyte,43.76,43,68.46
CELL_55191,Leukocyte,41.99,20,91.69
CELL_71689,Myocyte,35.8,32,72.35
CELL_11943,Fibroblast,77.51,28,51.51
CELL_55858,Stem Cell,105.4,30,59.62
CELL_40580,Erythrocyte,86.41,11,52.62
CELL_44858,Fibroblast,32.65,18,69.76
CELL_35323,Neuron,26.53,19,63.39
CELL_14798,Neuron,66.24,39,73.35
CELL_94453,Epithelial,17.62,24,97.13
CELL_57883,Stem Cell,31.71,34,69.55
CELL_48314,Fibroblast,54.99,7,79.72
CELL_59092,Erythrocyte,83.89,44,91.98
CELL_76312,Fibroblast,45.4,32,78.07
CELL_11271,Myocyte,37.54,32,56.23
CELL_82547,Erythrocyte,18.61,15,92.27
CELL_88148,Epithelial,70.67,45,92.04
CELL_71184,Leukocyte,34.92,43,96.99
CELL_32842,Erythrocyte,10.81,24,81.84
CELL_71226,Fibroblast,109.24,18,88.13
CELL_46567,Neuron,77.43,14,81.14
CELL_31619,Stem Cell,70.71,39,54.91
CELL_94179,Myocyte,23.82,32,52.66
CELL_31163,Stem Cell,98.07,23,90.86
CELL_15409,Stem Cell,106.81,48,89.99
CELL_10143,Myocyte,107.73,42,56.53
CELL_53090,Leukocyte,111.31,49,69.43
CELL_82984,Fibroblast,35.78,29,70.33
CELL_18663,Stem Cell,95.97,43,87.13
CELL_88229,Myocyte,51.67,17,52.84
CELL_29447,Erythrocyte,82.58,29,86.36
CELL_10700,Erythrocyte,87.19,21,93.43
CELL_91267,Myocyte,58.28,7,87.88
CELL_16891,Erythrocyte,97.14,47,66.07
CELL_75002,Fibroblast,16.18,42,83.99
CELL_39300,Epithelial,28.53,20,67.23
CELL_94668,Epithelial,104.79,23,58.99
CELL_89905,Myocyte,9.44,45,68.09
CELL_72148,Erythrocyte,57.65,5,73.04
CELL_39524,Myocyte,77.61,26,93.68
CELL_75248,Stem Cell,55.42,7,99.85
CELL_68594,Myocyte,87.19,50,74.42
CELL_24278,Epithelial,54.03,11,80.44
CELL_53132,Fibroblast,92.8,30,99.83
CELL_74194,Epithelial,25.27,35,58.11
CELL_55903,Leukocyte,95.41,26,65.1
CELL_57400,Fibroblast,7.86,43,98.61
CELL_83268,Leukocyte,76.79,17,89.9
CELL_23164,Erythrocyte,13.51,25,65.12
CELL_91623,Stem Cell,18.63,19,94.57
CELL_46919,Myocyte,114.76,7,67.67
CELL_91390,Erythrocyte,35.99,35,83.63
CELL_48149,Erythrocyte,11.69,18,74.34
CELL_77192,Fibroblast,51.37,38,61.26
CELL_63356,Myocyte,66.64,8,85.1
CELL_94207,Fibroblast,63.61,18,87.76
CELL_13666,Epithelial,118.57,38,65.11
CELL_72805,Leukocyte,48.06,26,91.56
CELL_52225,Stem Cell,27.21,21,69.38
CELL_95207,Neuron,60.22,20,84.2
CELL_95029,Erythrocyte,34.66,19,57.8
CELL_61906,Myocyte,95.79,40,74.15
CELL_20911,Stem Cell,21.9,28,75.07
CELL_63562,Stem Cell,40.79,8,62.15
CELL_37213,Epithelial,98.72,38,53.58
CELL_13191,Erythrocyte,47.05,19,73.13
CELL_39153,Leukocyte,65.82,26,60.02
CELL_68536,Leukocyte,21.74,35,96.27
CELL_72988,Myocyte,65.12,31,86.7
CELL_96699,Myocyte,75.53,37,97.06
CELL_43102,Neuron,95.52,22,95.38
CELL_78528,Epithelial,117.92,25,82.27
CELL_43767,Fibroblast,41.06,26,83.05
CELL_55070,Leukocyte,49.27,6,62.72
CELL_13100,Neuron,59.02,9,67.47
CELL_63337,Epithelial,94.17,8,87.1
CELL_13310,Epithelial,90.94,9,89.23
CELL_65888,Fibroblast,35.38,27,58.45
CELL_28717,Leukocyte,9.25,38,51.97
CELL_37791,Leukocyte,87.6,29,79.21
CELL_78811,Neuron,50.03,48,90.13
CELL_57633,Fibroblast,83.25,38,50.02
CELL_42869,Fibroblast,18.94,42,94.73
CELL_74262,Erythrocyte,57.17,16,74.08
CELL_59725,Stem Cell,75.36,46,91.07
CELL_60183,Erythrocyte,118.16,24,86.94
CELL_35662,Erythrocyte,31.91,21,73.67
CELL_19321,Fibroblast,48.42,37,89.98
CELL_72706,Neuron,110.58,46,85.59
CELL_93416,Leukocyte,97.81,20,85.8
CELL_92180,Erythrocyte,119.48,14,58.66
CELL_96862,Stem Cell,57.53,37,90.61
CELL_55404,Fibroblast,25.0,32,59.76
CELL_65866,Epithelial,65.81,21,82.7
CELL_15543,Fibroblast,56.24,50,95.87
CELL_95188,Fibroblast,17.88,40,73.8
CELL_69989,Fibroblast,99.82,38,64.7
CELL_75897,Stem Cell,108.94,46,50.78
CELL_14228,Fibroblast,77.22,6,57.37
CELL_29538,Stem Cell,7.22,9,67.51
CELL_21661,Leukocyte,12.25,19,97.3
CELL_49150,Leukocyte,49.52,28,75.65
CELL_83014,Myocyte,88.57,47,74.52
CELL_65288,Neuron,77.76,21,62.94
CELL_68774,Myocyte,98.9,5,57.46
CELL_52647,Neuron,57.86,8,64.04
CELL_97292,Epithelial,14.61,33,87.63
CELL_57360,Erythrocyte,105.82,47,87.17
CELL_72591,Leukocyte,20.14,39,71.05
CELL_46281,Myocyte,96.91,8,73.55
CELL_37378,Neuron,18.53,8,78.42
CELL_94960,Epithelial,5.14,18,80.85
CELL_90492,Leukocyte,97.36,21,75.54
CELL_49035,Leukocyte,9.77,42,73.01
CELL_31215,Myocyte,17.35,27,80.86
CELL_13639,Epithelial,78.35,21,67.4
CELL_25747,Myocyte,69.25,28,89.87
CELL_97261,Erythrocyte,97.3,29,64.2
CELL_89582,Erythrocyte,28.06,39,62.55
CELL_53754,Leukocyte,23.84,32,50.01
CELL_29029,Fibroblast,7.4,41,53.06
CELL_21082,Stem Cell,99.66,10,67.34
CELL_82835,Stem Cell,65.89,38,53.62
CELL_89519,Fibroblast,90.66,12,78.09
CELL_86523,Leukocyte,17.52,17,88.35
CELL_92240,Myocyte,86.92,9,96.94
CELL_14348,Erythrocyte,21.12,13,71.25
CELL_75887,Leukocyte,119.86,40,97.62
CELL_75259,Myocyte,51.67,23,98.98
CELL_78487,Erythrocyte,100.94,10,95.11
CELL_65189,Erythrocyte,31.81,29,69.58
CELL_55732,Fibroblast,35.25,8,52.03
CELL_34284,Fibroblast,63.17,7,69.45
CELL_58701,Erythrocyte,73.85,42,67.97
CELL_85066,Neuron,62.21,36,56.77
CELL_81118,Stem Cell,114.44,40,81.67
CELL_16854,Neuron,64.66,45,70.2
CELL_98016,Epithelial,81.38,42,87.08
CELL_88809,Erythrocyte,47.73,16,79.42
CELL_18660,Leukocyte,21.63,8,60.45
CELL_84157,Stem Cell,65.96,17,97.83
CELL_30656,Epithelial,18.99,50,54.59
CELL_37034,Fibroblast,83.11,5,84.64
CELL_74647,Myocyte,29.42,32,71.88
CELL_32526,Stem Cell,39.0,11,79.43
CELL_76583,Leukocyte,53.82,49,98.6
CELL_14912,Epithelial,32.44,46,65.3
CELL_70918,Stem Cell,19.13,28,96.76
CELL_71942,Epithelial,119.39,23,80.99
CELL_39153,Stem Cell,94.49,5,86.74
CELL_82862,Fibroblast,19.41,22,77.96
CELL_44235,Epithelial,72.91,15,72.74
CELL_36888,Epithelial,41.86,39,72.31
CELL_72129,Neuron,14.93,6,81.83
CELL_99934,Myocyte,53.55,33,52.79
CELL_50318,Epithelial,23.48,38,51.19
CELL_94992,Stem Cell,31.59,39,90.81
CELL_33328,Myocyte,35.21,18,85.52
CELL_38389,Myocyte,100.86,22,77.39
CELL_64058,Erythrocyte,50.24,19,69.79
CELL_31642,Neuron,95.57,38,76.24
CELL_98952,Leukocyte,42.94,45,59.52
CELL_19120,Stem Cell,63.26,12,78.59
CELL_57314,Leukocyte,55.71,20,81.99
CELL_53146,Stem Cell,47.88,45,91.6
CELL_24449,Leukocyte,14.01,21,58.11
CELL_49345,Epithelial,26.5,25,98.91
CELL_77348,Myocyte,110.56,26,54.15
CELL_72020,Erythrocyte,6.4,16,58.77
CELL_53906,Neuron,54.89,39,53.09
CELL_81815,Neuron,8.72,29,80.8
CELL_31948,Fibroblast,48.95,40,63.77
CELL_88517,Fibroblast,89.55,41,78.46
CELL_77647,Myocyte,49.63,32,77.22
CELL_92885,Leukocyte,60.0,12,91.36
CELL_67857,Stem Cell,28.31,33,98.11
CELL_12338,Erythrocyte,55.15,9,61.45
CELL_46729,Neuron,16.78,22,76.21
CELL_60589,Myocyte,40.04,33,66.56
CELL_36497,Stem Cell,34.34,42,83.43
CELL_87944,Neuron,8.64,39,54.24
CELL_10168,Epithelial,23.41,34,90.44
CELL_54500,Neuron,88.94,6,67.66
CELL_78583,Erythrocyte,94.19,24,86.05
CELL_30963,Fibroblast,84.98,17,80.7
CELL_35316,Neuron,81.29,44,71.84
CELL_30590,Stem Cell,18.15,33,75.55
CELL_97612,Fibroblast,109.91,34,66.76
CELL_66710,Leukocyte,24.85,25,89.62
CELL_60285,Myocyte,35.33,9,67.11
CELL_30147,Stem Cell,100.83,7,95.12
CELL_75700,Fibroblast,40.21,20,59.73
CELL_73709,Epithelial,94.27,25,93.46
CELL_84683,Myocyte,29.52,15,51.19
CELL_61860,Leukocyte,45.2,19,67.27
CELL_73497,Neuron,46.03,31,85.57
CELL_65795,Stem Cell,6.84,28,55.73
CELL_10205,Neuron,21.37,8,94.36
CELL_49311,Erythrocyte,51.2,37,56.56
CELL_27935,Leukocyte,13.59,43,70.91
CELL_51864,Neuron,21.86,41,95.1
CELL_28627,Myocyte,108.02,48,67.49
CELL_81562,Leukocyte,54.37,6,78.87
CELL_48444,Myocyte,38.9,41,56.87
CELL_56290,Myocyte,113.86,44,76.51
CELL_56180,Leukocyte,109.3,17,77.97
CELL_20404,Stem Cell,55.47,29,59.61
CELL_86047,Leukocyte,109.94,18,87.9
CELL_98484,Fibroblast,81.03,23,63.57
CELL_22622,Erythrocyte,119.67,46,87.3
CELL_70771,Neuron,114.63,10,95.38
CELL_18672,Erythrocyte,52.18,29,97.29
CELL_10536,Myocyte,97.52,35,63.84
CELL_90700,Myocyte,21.31,6,57.0
CELL_48599,Myocyte,73.87,8,64.87
CELL_94753,Neuron,111.89,24,90.09
CELL_21229,Stem Cell,112.87,46,62.73
CELL_83679,Epithelial,13.99,22,62.41
CELL_21782,Neuron,8.96,5,95.12
CELL_47915,Erythrocyte,19.7,27,94.99
CELL_98836,Erythrocyte,64.41,5,71.98
CELL_58450,Leukocyte,41.78,19,61.13
CELL_18292,Erythrocyte,69.69,15,69.19
CELL_78359,Leukocyte,22.74,47,63.19
CELL_10926,Erythrocyte,37.18,28,61.99
CELL_99102,Fibroblast,60.82,19,85.72
CELL_58684,Neuron,62.15,15,53.7
CELL_98679,Fibroblast,16.75,12,95.71
CELL_75252,Fibroblast,22.24,20,56.72
CELL_59467,Erythrocyte,5.14,50,58.14
CELL_18350,Myocyte,97.0,6,73.75
CELL_66576,Leukocyte,95.38,46,56.42
CELL_97684,Neuron,13.12,20,57.15
CELL_55587,Epithelial,99.88,12,68.8
CELL_44415,Erythrocyte,79.93,47,95.25
CELL_92062,Epithelial,78.38,40,84.07
CELL_30888,Fibroblast,52.86,35,77.15
CELL_12898,Myocyte,98.96,8,99.71
CELL_24998,Fibroblast,11.89,24,96.19
CELL_42029,Fibroblast,93.57,29,81.06
CELL_25062,Stem Cell,77.16,48,67.13
CELL_11744,Leukocyte,19.79,21,57.18
CELL_14959,Neuron,46.25,32,50.08
CELL_83197,Fibroblast,85.21,24,60.39
CELL_53677,Erythrocyte,94.93,5,59.99
CELL_20632,Myocyte,61.38,35,96.82
CELL_36726,Myocyte,93.18,12,67.1
CELL_86917,Epithelial,41.81,23,70.76
CELL_67125,Erythrocyte,26.99,10,69.36
CELL_64353,Myocyte,96.91,12,56.19
CELL_37622,Neuron,90.02,33,86.62
CELL_80545,Myocyte,17.38,19,76.22
CELL_76826,Neuron,19.67,27,60.75
CELL_83395,Erythrocyte,48.25,9,58.93
CELL_47118,Myocyte,74.18,45,59.4
CELL_74060,Epithelial,119.8,19,68.83
CELL_22092,Leukocyte,47.09,8,70.98
CELL_71961,Epithelial,101.64,32,82.96
CELL_22356,Myocyte,25.59,31,79.65
CELL_91425,Neuron,10.54,16,69.19
CELL_69900,Fibroblast,79.73,30,75.74
CELL_42359,Erythrocyte,14.85,41,77.28
CELL_98207,Fibroblast,84.26,31,94.51
CELL_97474,Fibroblast,116.4,47,94.31
CELL_85908,Erythrocyte,88.31,22,68.39
CELL_23186,Leukocyte,108.25,9,50.34
CELL_48059,Erythrocyte,16.36,24,64.6
CELL_70299,Leukocyte,85.54,37,53.28
CELL_98289,Stem Cell,9.31,32,79.5
CELL_75960,Leukocyte,56.23,47,64.06
CELL_20114,Leukocyte,12.78,14,58.65
CELL_22761,Erythrocyte,104.27,21,83.71
CELL_84623,Fibroblast,54.15,33,87.23
CELL_79167,Stem Cell,84.0,12,64.24
CELL_18287,Erythrocyte,34.48,5,90.38
CELL_10288,Leukocyte,114.16,48,71.55
CELL_61246,Stem Cell,58.37,5,65.45
CELL_52504,Neuron,93.3,11,83.81
CELL_22535,Myocyte,75.6,13,67.19
CELL_61025,Neuron,89.24,40,80.91
CELL_21277,Fibroblast,35.38,32,97.67
CELL_33878,Epithelial,27.48,44,53.63
CELL_57060,Erythrocyte,13.48,17,55.89
CELL_64456,Erythrocyte,109.57,35,58.7
CELL_29828,Fibroblast,45.36,22,51.86
CELL_99237,Stem Cell,15.59,42,61.22
CELL_70853,Myocyte,10.01,27,81.49
CELL_78218,Fibroblast,77.04,37,94.93
CELL_35936,Neuron,48.78,42,83.15
CELL_52428,Stem Cell,111.17,23,71.48
CELL_43690,Fibroblast,118.85,18,70.94
CELL_11711,Fibroblast,10.45,6,61.95
CELL_87259,Fibroblast,54.64,33,60.15
CELL_86467,Myocyte,35.95,47,83.07
CELL_30756,Fibroblast,102.0,35,69.74
CELL_24816,Leukocyte,107.0,24,94.82
CELL_62045,Fibroblast,100.35,50,81.36
CELL_31553,Erythrocyte,42.17,46,51.89
CELL_15825,Epithelial,16.94,21,63.8
CELL_76022,Neuron,27.73,48,60.08
CELL_98357,Fibroblast,90.7,38,55.15
CELL_87102,Neuron,30.83,38,67.6
CELL_43225,Stem Cell,113.6,43,72.06
CELL_39022,Epithelial,35.91,44,57.52
CELL_49788,Leukocyte,31.07,19,90.48
CELL_57485,Epithelial,75.56,12,78.23
CELL_94082,Fibroblast,80.24,28,96.75
CELL_72138,Neuron,20.99,45,71.92
CELL_47537,Leukocyte,60.56,31,94.71
CELL_14993,Stem Cell,67.42,44,69.54
CELL_94040,Fibroblast,106.04,21,56.6
CELL_28038,Leukocyte,74.96,18,66.25
CELL_78649,Erythrocyte,67.04,5,72.49
CELL_39635,Stem Cell,86.86,26,56.57
CELL_16748,Leukocyte,57.38,33,82.62
CELL_96622,Epithelial,6.74,7,99.93
CELL_81595,Neuron,69.94,12,55.88
CELL_13306,Epithelial,45.27,20,94.84
CELL_27235,Epithelial,68.29,36,88.32
CELL_18344,Myocyte,37.77,12,91.56
CELL_47019,Erythrocyte,71.9,49,92.88
CELL_42730,Leukocyte,66.37,18,83.99
CELL_53956,Stem Cell,50.71,28,81.42
CELL_24439,Stem Cell,109.96,49,66.64
CELL_47667,Myocyte,89.89,11,88.64
CELL_55053,Stem Cell,65.62,31,97.86
CELL_51890,Stem Cell,53.45,5,96.14
CELL_82643,Myocyte,71.75,42,90.21
CELL_63958,Neuron,108.41,9,69.59
CELL_92975,Neuron,62.27,33,86.77
CELL_93259,Erythrocyte,98.19,5,56.82
CELL_98479,Epithelial,30.58,50,72.44
CELL_44476,Leukocyte,12.31,41,64.14
CELL_78652,Epithelial,40.35,30,60.09
CELL_39167,Myocyte,82.02,5,50.89
CELL_85741,Fibroblast,73.41,24,54.8
CELL_61580,Fibroblast,96.01,43,59.64
CELL_82675,Erythrocyte,43.18,35,77.31
CELL_84274,Epithelial,96.85,41,70.83
CELL_74269,Epithelial,52.33,32,94.35
CELL_25587,Myocyte,62.25,27,52.23
CELL_36203,Epithelial,10.35,44,76.2
CELL_45667,Leukocyte,62.58,8,91.06
CELL_95491,Erythrocyte,14.32,10,66.2
CELL_81194,Fibroblast,8.48,14,80.95
CELL_25330,Fibroblast,69.69,44,91.09
CELL_40434,Epithelial,10.89,31,63.28
CELL_86911,Stem Cell,73.53,16,87.69
CELL_32807,Leukocyte,35.68,10,85.37
CELL_58205,Neuron,87.02,20,98.73
CELL_32841,Stem Cell,83.1,46,55.28
CELL_73602,Epithelial,114.55,23,63.1
CELL_39145,Epithelial,19.3,22,99.95
CELL_90624,Myocyte,41.04,47,87.39
CELL_73632,Neuron,64.83,38,92.36
CELL_73110,Myocyte,13.22,6,99.2
CELL_69130,Epithelial,36.4,25,83.11
CELL_48624,Neuron,70.96,17,79.27
CELL_41215,Stem Cell,17.08,29,75.1
CELL_56185,Erythrocyte,88.9,10,79.2
CELL_35062,Fibroblast,54.73,24,62.78
CELL_72883,Erythrocyte,54.59,31,54.8
CELL_85117,Erythrocyte,48.45,12,85.52
CELL_68226,Fibroblast,91.55,13,62.24
CELL_60902,Erythrocyte,106.28,45,55.05
CELL_68341,Leukocyte,78.07,7,66.19
CELL_34604,Leukocyte,13.54,7,60.52
CELL_73722,Epithelial,34.73,42,53.68
CELL_68955,Neuron,107.95,5,95.63
CELL_49544,Stem Cell,90.43,45,63.65
CELL_11155,Stem Cell,97.53,19,96.13
CELL_80532,Myocyte,53.4,26,72.9
CELL_85382,Epithelial,70.69,29,57.51
CELL_98071,Erythrocyte,12.18,7,85.87
CELL_85365,Stem Cell,65.43,10,58.02
CELL_98411,Epithelial,31.47,27,59.72
CELL_86676,Erythrocyte,56.91,38,87.65
CELL_15926,Myocyte,83.71,5,51.39
CELL_69894,Erythrocyte,10.94,6,57.9
CELL_71605,Epithelial,91.9,20,81.83
CELL_33694,Stem Cell,62.41,46,54.14
CELL_98608,Epithelial,37.89,35,88.94
CELL_78822,Leukocyte,112.04,50,98.72
CELL_36301,Leukocyte,8.82,5,78.37
CELL_91982,Myocyte,38.04,19,85.6
CELL_31096,Fibroblast,77.27,46,53.92
CELL_56985,Stem Cell,21.8,10,53.09
CELL_14762,Neuron,98.26,8,58.53
CELL_84686,Erythrocyte,56.93,27,95.63
CELL_52584,Fibroblast,113.22,31,74.46
CELL_14174,Fibroblast,75.16,42,88.74
CELL_46740,Neuron,54.87,14,73.6
CELL_88260,Myocyte,58.23,41,61.42
CELL_63990,Epithelial,31.16,39,72.58
CELL_42602,Fibroblast,20.85,35,89.2
CELL_40126,Neuron,26.13,24,62.27
CELL_16377,Neuron,52.61,13,53.33
CELL_72034,Myocyte,31.04,11,53.07
CELL_79268,Leukocyte,48.13,7,52.44
CELL_67939,Neuron,101.52,7,52.29
CELL_74212,Epithelial,102.75,47,53.13
CELL_47083,Myocyte,63.01,23,64.53
CELL_87087,Erythrocyte,83.33,46,68.37
CELL_84816,Neuron,12.55,35,92.13
CELL_12507,Epithelial,7.02,12,65.48
CELL_49969,Fibroblast,116.85,37,94.48
CELL_38175,Epithelial,76.88,5,58.23
CELL_67323,Neuron,31.97,19,60.81
CELL_13484,Leukocyte,60.92,19,82.27
CELL_54241,Neuron,70.74,48,58.62
CELL_76720,Epithelial,59.87,46,86.4
CELL_73333,Erythrocyte,9.54,47,65.66
CELL_41402,Myocyte,98.97,28,77.64
CELL_96781,Fibroblast,81.3,16,65.62
CELL_21185,Epithelial,13.71,38,91.25
CELL_55442,Erythrocyte,90.43,37,83.92
CELL_81614,Epithelial,70.56,50,93.39
CELL_11898,Erythrocyte,14.47,28,55.03
CELL_57757,Myocyte,85.65,45,88.04
CELL_27693,Fibroblast,87.99,45,79.51
CELL_69825,Leukocyte,66.05,29,66.11
CELL_41946,Leukocyte,73.17,42,56.73
CELL_88010,Myocyte,80.33,11,58.41
CELL_25823,Erythrocyte,80.92,14,92.5
CELL_18713,Neuron,58.52,37,84.61
CELL_95717,Epithelial,69.13,46,70.56
CELL_71617,Myocyte,21.28,35,70.68
CELL_42151,Leukocyte,60.59,28,59.96
CELL_88885,Leukocyte,38.34,27,61.63
CELL_98327,Fibroblast,73.85,41,53.78
CELL_38388,Leukocyte,87.18,26,57.2
CELL_26967,Stem Cell,109.56,11,93.24
CELL_63946,Erythrocyte,11.62,28,97.48
CELL_80402,Myocyte,37.83,38,96.57
CELL_47745,Erythrocyte,19.46,20,93.26
CELL_85420,Epithelial,33.91,45,87.32
CELL_41027,Leukocyte,44.2,12,73.24
CELL_64621,Epithelial,32.2,49,82.43
CELL_41961,Neuron,118.67,5,55.21
CELL_84212,Leukocyte,110.77,18,69.84
CELL_91259,Stem Cell,53.91,37,70.07
CELL_53182,Stem Cell,105.94,34,63.05
CELL_13673,Stem Cell,40.3,34,51.4
CELL_83596,Fibroblast,30.35,36,66.87
CELL_20068,Leukocyte,65.68,14,65.1
CELL_61791,Erythrocyte,78.64,48,97.86
CELL_45585,Neuron,34.92,21,86.11
CELL_66252,Leukocyte,59.31,19,50.4
CELL_19699,Neuron,108.16,8,90.91
CELL_22259,Leukocyte,40.64,29,77.48
CELL_56956,Myocyte,103.31,16,56.45
CELL_80952,Leukocyte,15.93,34,65.15
CELL_54779,Neuron,11.39,10,98.89
CELL_93976,Leukocyte,16.05,39,80.2
CELL_59182,Neuron,62.37,43,84.38
CELL_92999,Stem Cell,20.49,10,90.34
CELL_53708,Fibroblast,54.05,12,51.18
CELL_77818,Fibroblast,70.66,11,75.92
CELL_17745,Erythrocyte,8.38,8,73.42
CELL_84454,Fibroblast,28.74,13,72.37
CELL_84032,Neuron,74.58,23,74.83
CELL_73434,Epithelial,114.05,28,80.93
CELL_37281,Fibroblast,15.61,12,81.05
CELL_76287,Leukocyte,102.11,43,58.25
CELL_61394,Stem Cell,105.95,46,57.35
CELL_70197,Stem Cell,29.42,18,57.39
CELL_78979,Myocyte,23.61,14,99.31
CELL_18266,Stem Cell,112.46,35,64.63
CELL_28474,Stem Cell,77.92,38,99.66
CELL_63607,Leukocyte,88.13,15,68.71
CELL_13111,Leukocyte,95.3,21,98.44
CELL_83431,Stem Cell,114.75,16,97.01
CELL_99521,Myocyte,61.39,28,59.03
CELL_78090,Fibroblast,8.57,33,50.64
CELL_99931,Fibroblast,57.16,41,89.8
CELL_19808,Myocyte,96.08,7,63.21
CELL_69599,Fibroblast,100.58,34,92.0
CELL_58888,Stem Cell,23.71,10,50.32
CELL_87516,Leukocyte,76.35,40,82.95
CELL_52783,Stem Cell,73.99,16,97.13
CELL_70980,Stem Cell,76.52,25,50.97
CELL_23671,Leukocyte,9.12,21,74.09
CELL_36034,Neuron,109.23,5,56.7
CELL_74376,Leukocyte,63.43,28,53.98
CELL_57023,Epithelial,45.54,41,90.16
CELL_47555,Myocyte,15.4,23,87.04
CELL_35939,Myocyte,11.02,24,61.94
CELL_32370,Erythrocyte,73.88,33,50.29
CELL_36634,Neuron,8.81,45,71.68
CELL_64915,Epithelial,50.24,35,62.05
CELL_88670,Stem Cell,110.31,11,50.61
CELL_68391,Neuron,59.36,24,79.87
CELL_36653,Erythrocyte,119.61,30,59.76
CELL_70324,Epithelial,66.63,34,94.05
CELL_18795,Leukocyte,14.63,9,73.01
CELL_52683,Leukocyte,5.42,7,75.21
CELL_37121,Leukocyte,66.0,20,72.85
CELL_29860,Neuron,11.83,15,81.51
CELL_12620,Epithelial,5.47,26,52.38
CELL_27362,Epithelial,80.45,8,83.2
CELL_20477,Neuron,24.79,44,52.28
CELL_51183,Neuron,41.16,29,76.27
CELL_27340,Erythrocyte,51.85,48,64.82
CELL_31637,Epithelial,77.05,15,97.69
CELL_21213,Neuron,106.98,38,51.43
CELL_44516,Stem Cell,84.31,38,79.73
CELL_33687,Epithelial,14.63,43,71.24
CELL_39969,Neuron,76.11,20,93.46
CELL_56824,Myocyte,86.36,47,65.28
CELL_78226,Neuron,37.92,40,87.19
CELL_44677,Erythrocyte,36.49,40,68.06
CELL_37144,Fibroblast,68.47,49,78.55
CELL_56252,Myocyte,85.67,36,76.8
CELL_56672,Epithelial,96.29,48,97.66
CELL_72672,Fibroblast,81.94,5,80.15
CELL_31146,Neuron,52.62,29,74.8
CELL_63871,Erythrocyte,110.56,22,94.6
CELL_15136,Fibroblast,92.55,8,56.49
CELL_40151,Erythrocyte,43.28,7,95.21
CELL_17762,Leukocyte,88.5,35,83.78
CELL_17200,Epithelial,84.9,8,86.38
CELL_88596,Epithelial,87.95,9,78.48
CELL_24996,Stem Cell,52.99,12,74.24
CELL_28147,Stem Cell,48.99,13,53.52
CELL_82248,Stem Cell,95.73,7,66.87
CELL_31333,Myocyte,76.78,31,69.96
CELL_19143,Myocyte,35.34,34,77.73
CELL_56075,Fibroblast,85.04,18,60.85
CELL_78395,Epithelial,72.9,21,61.9
CELL_19768,Leukocyte,25.17,5,60.17
CELL_54270,Myocyte,14.33,27,57.8
CELL_71180,Erythrocyte,48.03,11,67.94
CELL_16925,Myocyte,27.09,20,88.13
CELL_48118,Erythrocyte,15.08,26,64.48
CELL_28583,Epithelial,71.3,14,78.58
CELL_44687,Stem Cell,68.53,40,93.72
CELL_37513,Stem Cell,98.06,6,76.01
CELL_91145,Neuron,81.22,20,74.13
CELL_60656,Erythrocyte,40.19,26,80.03
CELL_64824,Neuron,62.7,46,94.94
CELL_31400,Stem Cell,15.17,33,74.17
CELL_43623,Stem Cell,13.57,10,81.55
CELL_37173,Leukocyte,53.5,35,69.08
CELL_44428,Leukocyte,92.63,32,67.39
CELL_29693,Erythrocyte,20.0,22,57.46
CELL_84651,Myocyte,63.91,44,84.99
CELL_70113,Fibroblast,118.02,38,92.16
CELL_48120,Fibroblast,11.58,46,83.47
CELL_95200,Erythrocyte,24.09,37,93.92
CELL_77370,Epithelial,39.54,47,65.13
CELL_20853,Epithelial,100.13,35,77.68
CELL_59830,Epithelial,88.54,32,69.55
CELL_59891,Erythrocyte,12.98,28,92.16
CELL_82626,Leukocyte,100.4,49,71.19
CELL_77817,Leukocyte,56.64,39,56.76
CELL_13608,Epithelial,80.98,25,75.48
CELL_21850,Fibroblast,53.0,36,84.43
CELL_61899,Leukocyte,82.24,28,67.7
CELL_47895,Stem Cell,13.18,11,98.72
CELL_95139,Erythrocyte,60.17,19,99.89
CELL_33472,Neuron,117.44,30,82.92
CELL_64921,Myocyte,91.3,15,89.25
CELL_69597,Neuron,36.92,36,93.79
CELL_58886,Epithelial,59.98,6,51.5
CELL_23448,Myocyte,80.18,46,57.53
CELL_56033,Epithelial,109.71,50,78.78
CELL_73394,Leukocyte,102.85,8,77.91
CELL_40610,Myocyte,114.08,40,80.8
CELL_96194,Epithelial,87.98,11,77.71
CELL_65068,Fibroblast,60.52,34,89.8
CELL_78348,Epithelial,25.74,8,96.3
CELL_15875,Erythrocyte,7.77,38,65.95
CELL_12086,Leukocyte,30.29,14,70.48
CELL_54878,Leukocyte,28.4,36,79.24
CELL_28471,Neuron,24.25,41,77.64
CELL_38798,Erythrocyte,33.16,37,64.14
CELL_97777,Fibroblast,89.01,15,57.76
CELL_68292,Myocyte,86.62,23,56.2
CELL_63299,Stem Cell,61.39,45,56.66
CELL_27404,Epithelial,97.39,22,65.66
CELL_74422,Neuron,73.06,37,80.15
CELL_40305,Leukocyte,28.34,5,54.18
CELL_91082,Leukocyte,95.48,48,82.23
CELL_48298,Fibroblast,72.34,47,79.16
CELL_10386,Erythrocyte,22.09,19,75.14
CELL_80233,Fibroblast,117.24,21,89.07
CELL_10579,Epithelial,19.6,49,88.0
CELL_43505,Stem Cell,79.17,42,99.18
CELL_29568,Leukocyte,84.24,37,60.81
CELL_61976,Epithelial,53.92,19,74.39
CELL_66278,Epithelial,97.07,30,77.1
CELL_73850,Leukocyte,26.6,43,89.15
CELL_91977,Erythrocyte,63.96,17,70.27
CELL_52157,Epithelial,77.47,21,50.19
CELL_98247,Leukocyte,8.16,37,52.77
CELL_65767,Neuron,69.5,16,77.21
CELL_46992,Stem Cell,86.61,23,71.23
CELL_33864,Leukocyte,116.62,28,66.69
CELL_42318,Neuron,97.07,13,64.94
CELL_17084,Epithelial,69.14,9,67.2
CELL_21381,Erythrocyte,96.33,49,91.01
CELL_39920,Stem Cell,100.54,11,64.89
CELL_98476,Erythrocyte,87.38,15,79.05
CELL_31581,Neuron,99.16,26,86.25
CELL_14911,Neuron,95.43,28,50.73
CELL_22948,Erythrocyte,9.37,8,91.79
CELL_74433,Myocyte,114.94,20,82.74
CELL_98856,Epithelial,14.52,7,93.87
CELL_52537,Stem Cell,23.83,8,92.3
CELL_40914,Epithelial,27.49,16,50.58
CELL_63886,Epithelial,112.67,7,53.59
CELL_21189,Myocyte,116.33,25,85.0
CELL_58357,Stem Cell,60.55,15,79.11
CELL_49447,Neuron,107.05,29,55.72
CELL_68828,Leukocyte,61.79,21,88.92
CELL_49392,Leukocyte,101.66,33,66.84
CELL_32802,Leukocyte,16.34,17,62.81
CELL_25837,Erythrocyte,73.59,37,80.47
CELL_68422,Erythrocyte,56.15,22,65.14
CELL_15030,Erythrocyte,65.79,44,88.25
CELL_41917,Fibroblast,14.3,47,84.37
CELL_76722,Fibroblast,99.21,31,94.04
CELL_71370,Fibroblast,67.72,39,80.2
CELL_83104,Neuron,74.82,20,65.54
CELL_87923,Stem Cell,86.52,8,91.36
CELL_36058,Stem Cell,51.71,11,57.63
CELL_28185,Fibroblast,8.86,8,75.22
CELL_48621,Epithelial,114.32,24,80.51
CELL_51388,Neuron,70.79,6,76.32
CELL_58957,Epithelial,78.71,16,95.25
CELL_89091,Myocyte,41.2,23,54.19
CELL_43080,Erythrocyte,112.04,15,52.38
CELL_74443,Erythrocyte,48.21,13,87.2
CELL_20298,Neuron,83.19,38,70.16
CELL_34951,Neuron,55.45,9,56.78
CELL_55854,Neuron,60.46,14,68.64
CELL_83406,Erythrocyte,64.16,32,89.58
CELL_47766,Neuron,35.16,12,64.49
CELL_87079,Neuron,20.49,26,63.51
CELL_16223,Neuron,106.17,32,92.03
CELL_10394,Stem Cell,6.67,41,73.16
CELL_54134,Epithelial,57.44,31,95.39
CELL_26278,Stem Cell,17.65,17,62.08
CELL_31388,Fibroblast,78.56,36,86.23
CELL_62584,Neuron,54.15,8,70.95
CELL_53776,Erythrocyte,85.73,41,82.05
CELL_39578,Neuron,17.58,8,94.97
CELL_68746,Epithelial,45.7,45,61.31
CELL_71855,Leukocyte,20.45,30,83.45
CELL_17453,Leukocyte,91.38,41,80.84
CELL_30205,Erythrocyte,114.27,49,53.41
CELL_26355,Neuron,39.67,26,98.36
CELL_46789,Epithelial,70.94,36,69.71
CELL_21604,Neuron,40.07,13,83.7
CELL_92008,Erythrocyte,105.98,32,70.63
CELL_98890,Myocyte,97.12,15,72.01
CELL_93487,Stem Cell,64.87,22,81.08
CELL_94907,Myocyte,102.55,42,57.29
CELL_83064,Erythrocyte,59.78,37,82.89
CELL_63244,Myocyte,101.83,34,88.57
CELL_47665,Neuron,21.11,44,55.8
CELL_93251,Erythrocyte,57.36,36,81.5
CELL_94561,Neuron,50.46,21,68.23
CELL_65848,Stem Cell,14.35,36,94.57
CELL_99016,Fibroblast,79.01,7,74.57
CELL_77786,Epithelial,22.29,7,80.1
CELL_31878,Myocyte,56.35,43,69.94
CELL_10385,Fibroblast,60.61,8,58.63
CELL_69784,Epithelial,118.83,29,65.99
CELL_81431,Fibroblast,115.13,14,66.92
CELL_78227,Myocyte,60.38,25,54.83
CELL_17067,Epithelial,41.97,17,85.4
CELL_32080,Epithelial,7.79,6,97.36
CELL_74508,Fibroblast,22.19,6,59.28
CELL_90781,Stem Cell,113.78,23,65.63
CELL_65490,Leukocyte,15.57,24,51.04
CELL_10567,Stem Cell,75.99,43,54.06
CELL_46755,Stem Cell,7.26,28,69.32
CELL_32576,Myocyte,42.2,7,99.86
CELL_80890,Leukocyte,21.36,14,64.91
CELL_68362,Erythrocyte,92.58,35,76.64
CELL_55521,Myocyte,71.97,44,74.99
CELL_65288,Leukocyte,70.33,7,66.28
CELL_14612,Stem Cell,68.15,45,94.59
CELL_96340,Fibroblast,63.7,26,73.59
CELL_11896,Stem Cell,65.72,41,94.66
CELL_41687,Stem Cell,66.57,5,95.6
CELL_36364,Epithelial,107.7,15,81.25
CELL_13534,Epithelial,107.02,49,76.61
CELL_52128,Erythrocyte,19.82,38,57.77
CELL_25940,Stem Cell,91.67,11,87.88
CELL_51007,Erythrocyte,113.32,49,55.13
CELL_94914,Erythrocyte,72.9,26,83.4
CELL_91265,Fibroblast,45.52,22,50.88
CELL_67145,Erythrocyte,43.42,29,83.67
CELL_31477,Leukocyte,52.58,32,74.58
CELL_55982,Myocyte,23.92,13,83.48
CELL_84492,Fibroblast,43.27,34,76.21
CELL_51691,Leukocyte,86.23,15,64.55
CELL_69134,Stem Cell,87.14,22,91.36
CELL_35213,Stem Cell,106.82,49,54.88
CELL_11616,Erythrocyte,33.77,22,99.85
CELL_94298,Myocyte,115.44,11,57.13
CELL_25445,Neuron,109.31,30,84.2
CELL_73992,Erythrocyte,23.18,8,68.26
CELL_16709,Myocyte,113.07,42,95.53
CELL_93500,Epithelial,34.94,19,68.29
CELL_70196,Stem Cell,19.25,9,99.79
CELL_16620,Epithelial,11.25,17,61.26
CELL_75447,Stem Cell,71.89,27,60.6
CELL_29656,Erythrocyte,59.86,42,50.95
CELL_90476,Neuron,19.07,23,95.45
CELL_10173,Epithelial,18.93,26,68.27
CELL_28848,Leukocyte,78.43,11,79.54
CELL_60352,Myocyte,70.95,32,68.29
CELL_94167,Fibroblast,12.58,35,66.73
CELL_55202,Neuron,100.67,32,64.14
CELL_76495,Myocyte,18.0,46,65.92
CELL_17322,Fibroblast,107.34,10,75.08
CELL_53590,Erythrocyte,113.77,50,69.14
CELL_63548,Leukocyte,85.38,33,59.25
CELL_32329,Epithelial,46.67,40,86.74
CELL_39213,Stem Cell,109.17,30,96.26
CELL_56731,Erythrocyte,44.17,35,81.57
CELL_56977,Leukocyte,104.75,40,94.82
CELL_15302,Erythrocyte,47.15,50,79.48
CELL_24305,Stem Cell,39.06,25,65.94
CELL_66813,Fibroblast,7.88,37,79.17
CELL_27088,Epithelial,39.22,38,56.14
CELL_61936,Stem Cell,88.16,26,84.94
CELL_71404,Fibroblast,96.91,28,92.93
CELL_79730,Neuron,21.18,45,54.85
CELL_34763,Leukocyte,20.03,24,86.99
CELL_32988,Leukocyte,82.93,42,88.24
CELL_28844,Myocyte,99.29,38,93.98
CELL_91993,Stem Cell,61.37,37,68.26
CELL_57172,Fibroblast,72.29,40,99.91
CELL_94267,Myocyte,50.86,18,61.26
CELL_61597,Myocyte,91.1,38,59.55
CELL_99717,Myocyte,14.67,25,99.76
CELL_17100,Leukocyte,42.89,35,60.35
CELL_39129,Stem Cell,32.5,13,51.22
CELL_13640,Leukocyte,30.98,34,53.16
CELL_39746,Leukocyte,18.25,33,70.28
CELL_81231,Epithelial,58.41,11,60.99
CELL_75617,Neuron,80.22,20,89.32
CELL_41577,Neuron,55.92,8,55.79
CELL_27464,Myocyte,50.93,43,95.27
CELL_27979,Myocyte,51.89,28,99.72
CELL_22780,Epithelial,64.83,7,66.2
CELL_17451,Stem Cell,37.91,20,67.54
CELL_63679,Stem Cell,8.1,14,51.77
CELL_87046,Stem Cell,30.86,18,78.69
CELL_62924,Myocyte,111.66,30,75.89
CELL_69387,Stem Cell,92.53,12,80.73
CELL_52323,Leukocyte,76.88,8,82.85
CELL_29393,Myocyte,17.48,37,68.16
CELL_82728,Myocyte,78.46,15,76.47
CELL_47348,Epithelial,108.19,46,55.94
CELL_85653,Fibroblast,75.74,38,69.45
CELL_39945,Leukocyte,51.23,18,54.75
CELL_15495,Stem Cell,44.41,30,95.76
CELL_16341,Neuron,40.63,37,86.5
CELL_98166,Erythrocyte,10.27,6,58.32
CELL_94183,Stem Cell,114.86,37,70.81
CELL_75986,Leukocyte,36.36,28,60.68
CELL_26066,Neuron,31.74,25,81.85
CELL_82236,Fibroblast,90.31,14,64.03
CELL_77194,Stem Cell,71.68,32,52.51
CELL_88668,Leukocyte,73.68,49,57.98
CELL_47684,Fibroblast,108.19,38,73.87
CELL_39459,Leukocyte,67.92,5,59.86
CELL_27820,Epithelial,27.39,10,55.65
CELL_49820,Myocyte,98.39,19,51.4
CELL_87573,Epithelial,81.21,13,78.61
CELL_58952,Myocyte,18.15,22,57.5
CELL_16309,Fibroblast,34.58,28,51.7
CELL_84321,Erythrocyte,98.85,37,68.43
CELL_84227,Erythrocyte,21.6,29,93.18
CELL_13713,Myocyte,38.61,34,80.67
CELL_69373,Epithelial,15.92,38,67.49
CELL_83801,Fibroblast,11.94,35,59.91
CELL_73497,Leukocyte,54.96,20,97.31
CELL_94813,Fibroblast,50.41,7,56.25
CELL_63638,Leukocyte,66.85,30,93.46
CELL_46726,Stem Cell,84.67,11,52.59
CELL_36061,Stem Cell,58.92,45,88.19
CELL_96057,Leukocyte,28.73,40,52.73
CELL_47106,Stem Cell,70.31,35,50.38
CELL_18260,Myocyte,63.38,43,60.65
CELL_73780,Myocyte,109.03,25,99.42
CELL_37316,Myocyte,87.39,22,66.62
CELL_81194,Epithelial,21.42,12,92.03
CELL_85777,Myocyte,68.9,21,54.67
CELL_32594,Stem Cell,102.29,13,98.77
CELL_87208,Erythrocyte,35.05,9,76.25
CELL_55520,Stem Cell,117.76,13,82.17
CELL_62647,Erythrocyte,63.94,9,66.57
CELL_38885,Stem Cell,24.79,29,68.09
CELL_91112,Myocyte,81.23,15,71.26
CELL_28724,Neuron,52.55,38,71.4
CELL_69114,Fibroblast,73.54,17,82.0
CELL_49716,Epithelial,18.16,15,93.24
CELL_94659,Stem Cell,60.03,50,54.29
CELL_47233,Neuron,118.83,12,81.12
CELL_44166,Fibroblast,76.26,42,80.45
CELL_11775,Fibroblast,107.96,21,67.87
CELL_21599,Epithelial,61.85,22,98.86
CELL_31831,Erythrocyte,70.74,25,86.11
CELL_89037,Stem Cell,71.58,23,85.97
CELL_50448,Leukocyte,110.58,35,82.43
CELL_85877,Fibroblast,87.76,48,91.98
CELL_72128,Epithelial,23.9,41,94.48
CELL_34737,Stem Cell,20.4,12,54.51
CELL_72112,Leukocyte,27.24,18,53.42
CELL_62154,Erythrocyte,13.86,43,69.86
CELL_43683,Myocyte,20.86,50,64.2
CELL_15339,Erythrocyte,85.12,47,63.42
CELL_41148,Myocyte,47.07,19,82.11
CELL_82575,Stem Cell,119.13,28,61.35
CELL_88919,Neuron,102.13,7,67.97
CELL_38889,Fibroblast,16.32,42,52.85
CELL_47194,Epithelial,89.35,30,98.01
CELL_90215,Epithelial,14.81,44,83.29
CELL_53777,Myocyte,27.47,50,54.21
CELL_69949,Erythrocyte,16.1,39,66.69
CELL_34770,Erythrocyte,6.83,50,77.62
CELL_28213,Neuron,48.85,40,54.45
CELL_82476,Leukocyte,29.11,27,89.85
CELL_23573,Epithelial,27.5,7,56.94
CELL_23428,Stem Cell,98.09,29,99.34
CELL_96214,Fibroblast,69.58,24,51.26
CELL_19088,Neuron,112.07,32,85.12
CELL_70687,Stem Cell,47.32,45,58.23
CELL_44377,Erythrocyte,50.13,17,81.03
CELL_57603,Neuron,69.83,18,69.48
CELL_54785,Myocyte,48.57,15,81.1
CELL_33552,Stem Cell,84.19,40,64.3
CELL_56829,Fibroblast,54.64,29,66.31
CELL_33766,Fibroblast,113.17,22,59.81
CELL_69382,Myocyte,25.79,16,66.67
CELL_60464,Myocyte,103.14,35,67.31
CELL_71609,Stem Cell,16.24,9,94.33
CELL_98540,Stem Cell,43.3,43,76.03
CELL_11862,Erythrocyte,29.61,38,55.45
CELL_43865,Leukocyte,24.94,9,92.49
CELL_16596,Fibroblast,87.76,32,52.34
CELL_56273,Epithelial,74.06,33,94.95
CELL_33071,Leukocyte,17.74,44,52.11
CELL_11046,Stem Cell,93.34,44,95.99
CELL_22208,Neuron,63.08,27,73.49
CELL_39133,Myocyte,112.4,32,80.53
CELL_61468,Fibroblast,103.94,28,54.67
CELL_30036,Fibroblast,20.95,39,94.12
CELL_45678,Erythrocyte,8.2,42,83.54
CELL_79568,Leukocyte,78.13,7,62.49
CELL_35513,Myocyte,40.91,49,66.41
CELL_83840,Epithelial,78.22,25,69.65
CELL_65877,Neuron,16.0,46,70.08
CELL_83989,Erythrocyte,11.67,10,81.91
CELL_17613,Erythrocyte,57.23,44,98.54
CELL_18424,Fibroblast,80.17,44,57.65
CELL_17504,Leukocyte,109.08,19,96.47
CELL_43392,Erythrocyte,100.16,16,75.83
CELL_24396,Epithelial,14.05,39,85.58
CELL_91333,Myocyte,44.22,33,92.64
CELL_96873,Erythrocyte,84.36,20,63.23
CELL_36685,Epithelial,50.07,7,58.2
CELL_99703,Leukocyte,5.61,32,88.44
CELL_20846,Stem Cell,19.25,15,76.11
CELL_68793,Neuron,104.06,19,95.63
CELL_12376,Fibroblast,21.56,15,79.65
CELL_13020,Neuron,118.71,44,70.66
CELL_49463,Erythrocyte,79.53,49,81.83
CELL_21443,Erythrocyte,52.94,25,66.24
CELL_43244,Erythrocyte,28.22,46,79.06
CELL_84620,Stem Cell,97.85,10,96.48
CELL_15855,Leukocyte,110.35,33,56.91
CELL_72293,Neuron,11.68,10,99.74
CELL_80962,Fibroblast,75.64,25,73.51
CELL_31822,Myocyte,83.86,22,73.86
CELL_36841,Erythrocyte,79.88,22,63.54
CELL_49363,Epithelial,98.97,18,75.31
CELL_64795,Fibroblast,60.61,7,59.23
CELL_91987,Myocyte,105.58,37,80.34
CELL_35590,Neuron,45.97,48,51.6
CELL_50195,Fibroblast,15.26,48,72.79
CELL_20542,Neuron,57.9,8,72.63
CELL_94834,Epithelial,13.3,17,76.02
CELL_36570,Leukocyte,117.4,10,95.88
CELL_13118,Neuron,39.2,34,56.2
CELL_66267,Neuron,43.02,29,77.14
CELL_80260,Epithelial,76.83,29,65.54
CELL_96487,Stem Cell,81.4,22,53.04
CELL_96227,Fibroblast,79.83,43,97.59
CELL_60635,Stem Cell,28.96,31,83.68
CELL_74019,Erythrocyte,84.71,25,58.19
CELL_38712,Neuron,50.07,21,53.52
CELL_70441,Erythrocyte,85.38,36,85.37
CELL_11938,Erythrocyte,76.87,20,73.3
CELL_44273,Stem Cell,37.71,40,62.04
CELL_62057,Stem Cell,103.54,41,54.14
CELL_42446,Neuron,22.94,7,97.79
CELL_44926,Erythrocyte,67.9,19,97.91
CELL_21427,Leukocyte,12.95,44,66.84
CELL_42385,Leukocyte,46.47,48,67.65
CELL_63277,Erythrocyte,60.48,20,68.67
CELL_93728,Fibroblast,67.45,36,54.98
CELL_28152,Neuron,75.0,16,93.4
CELL_13770,Neuron,94.03,10,53.15
CELL_66250,Myocyte,70.05,9,71.56
CELL_15251,Leukocyte,101.91,32,93.31
CELL_61908,Fibroblast,64.88,33,54.3
CELL_93314,Epithelial,108.55,33,83.87
CELL_35567,Leukocyte,20.68,12,77.01
CELL_12909,Erythrocyte,65.02,35,95.02
CELL_71229,Leukocyte,42.42,46,68.44
CELL_21189,Leukocyte,10.57,19,99.64
CELL_17081,Epithelial,23.3,8,67.87
CELL_24691,Fibroblast,62.0,43,85.83
CELL_42692,Stem Cell,103.26,8,98.39
CELL_46507,Erythrocyte,66.09,31,86.91
CELL_57251,Fibroblast,26.29,25,63.89
CELL_71124,Stem Cell,18.82,13,74.55
CELL_64272,Myocyte,31.0,36,57.9
CELL_77869,Epithelial,16.58,45,80.62
CELL_33657,Fibroblast,79.59,31,84.86
CELL_74616,Leukocyte,58.71,9,98.97
CELL_59131,Epithelial,82.36,7,66.86
CELL_98317,Erythrocyte,84.76,44,67.92
CELL_68999,Myocyte,92.86,48,65.27
CELL_76409,Leukocyte,100.91,43,68.01
CELL_82054,Neuron,114.54,27,85.98
CELL_73769,Neuron,34.92,22,88.73
CELL_35877,Fibroblast,52.16,15,55.25
CELL_59203,Erythrocyte,90.42,5,59.8
CELL_53914,Epithelial,92.84,29,81.21
CELL_96516,Erythrocyte,24.91,32,72.5
CELL_38656,Stem Cell,59.59,18,94.49
CELL_90507,Stem Cell,61.76,13,79.75
CELL_41942,Erythrocyte,10.72,19,62.24
CELL_51527,Epithelial,97.89,39,84.02
CELL_38861,Leukocyte,5.13,5,60.41
CELL_12922,Fibroblast,96.83,35,50.96
CELL_39710,Stem Cell,25.76,15,70.95
CELL_21808,Leukocyte,49.55,18,89.22
CELL_24598,Myocyte,116.75,19,55.8
CELL_51456,Myocyte,103.98,30,74.4
CELL_85713,Myocyte,103.61,39,79.03
CELL_25273,Neuron,36.71,45,58.89
CELL_50773,Leukocyte,92.46,17,53.87
CELL_14898,Stem Cell,78.56,10,65.15
CELL_30127,Stem Cell,58.53,47,93.3
CELL_44672,Neuron,73.03,31,70.82
CELL_88872,Leukocyte,25.11,48,72.45
CELL_62798,Leukocyte,15.45,19,54.06
CELL_36867,Erythrocyte,66.53,5,97.61
CELL_84717,Stem Cell,44.21,14,58.44
CELL_31782,Myocyte,43.25,6,73.79
CELL_20702,Myocyte,67.41,30,73.75
CELL_32032,Neuron,65.86,21,90.08
CELL_42961,Fibroblast,77.0,50,64.53
CELL_44637,Stem Cell,59.92,9,50.26
CELL_57993,Erythrocyte,54.85,12,75.78
CELL_37839,Neuron,71.62,22,88.41
CELL_74222,Neuron,102.08,27,62.2
CELL_76476,Myocyte,40.21,40,98.66
CELL_45531,Neuron,96.85,17,81.4
CELL_54867,Neuron,91.7,10,91.46
CELL_75844,Myocyte,115.52,49,82.34
CELL_10001,Epithelial,29.81,48,91.51
CELL_57290,Fibroblast,35.01,21,50.35
CELL_48107,Erythrocyte,32.3,11,87.7
CELL_37417,Epithelial,11.84,40,56.58
CELL_21841,Myocyte,45.56,34,94.11
CELL_32883,Epithelial,85.04,49,73.19
CELL_27439,Myocyte,91.26,28,93.94
CELL_26661,Epithelial,47.89,19,85.79
CELL_15224,Neuron,69.43,22,94.99
CELL_63553,Fibroblast,46.0,8,59.3
CELL_63394,Erythrocyte,19.14,40,62.31
CELL_78915,Myocyte,82.22,30,50.84
CELL_11932,Myocyte,96.48,24,96.37
CELL_43166,Myocyte,67.85,5,80.4
CELL_51039,Erythrocyte,113.52,8,59.16
CELL_38830,Epithelial,105.93,50,52.28
CELL_93002,Neuron,82.52,33,55.07
CELL_38788,Leukocyte,106.01,13,50.99
CELL_37582,Leukocyte,58.02,50,91.21
CELL_71192,Stem Cell,74.05,29,68.46
CELL_22091,Stem Cell,83.99,45,72.22
CELL_93995,Erythrocyte,98.1,23,93.46
CELL_45361,Stem Cell,88.07,28,82.85
CELL_65989,Neuron,7.91,49,76.82
CELL_52145,Epithelial,48.34,37,62.1
CELL_25989,Neuron,7.34,40,62.69
CELL_24090,Fibroblast,45.8,48,64.58
CELL_68183,Leukocyte,113.87,50,61.95
CELL_78389,Neuron,90.1,12,81.13
CELL_22225,Neuron,91.75,42,98.29
CELL_57812,Stem Cell,10.08,31,83.71
CELL_31359,Epithelial,92.52,14,96.46
CELL_27462,Neuron,85.37,8,70.76
CELL_31791,Stem Cell,15.73,43,94.18
CELL_49945,Erythrocyte,27.97,43,85.58
CELL_63977,Neuron,19.42,34,97.13
CELL_64729,Stem Cell,51.27,41,68.71
CELL_42381,Leukocyte,59.51,12,69.18
CELL_10485,Fibroblast,32.81,13,57.36
CELL_71421,Stem Cell,11.32,29,86.49
CELL_92483,Fibroblast,60.03,30,63.05
CELL_99990,Fibroblast,10.99,29,51.78
CELL_23090,Myocyte,63.49,26,77.75
CELL_82770,Fibroblast,39.31,21,71.32
CELL_54122,Neuron,6.47,41,99.22
CELL_23326,Stem Cell,105.61,32,91.88
CELL_99544,Myocyte,18.41,47,81.83
CELL_77558,Stem Cell,55.59,16,79.12
CELL_18828,Erythrocyte,38.76,47,75.28
CELL_24646,Neuron,8.18,36,95.09
CELL_59873,Stem Cell,39.24,13,61.58
CELL_56708,Neuron,45.24,38,97.46
CELL_36391,Epithelial,107.36,40,62.04
CELL_92284,Stem Cell,100.67,19,99.78
CELL_77291,Neuron,112.88,12,56.34
CELL_65020,Neuron,17.31,30,75.98
CELL_18946,Myocyte,84.56,46,91.09
CELL_23582,Fibroblast,17.73,38,91.46
CELL_74593,Epithelial,40.64,16,74.56
CELL_25658,Leukocyte,70.09,6,85.81
CELL_38232,Erythrocyte,55.11,28,56.41
CELL_76181,Erythrocyte,60.66,19,89.08
CELL_59579,Neuron,84.74,41,75.18
CELL_57178,Fibroblast,52.13,25,61.9
CELL_27268,Leukocyte,114.25,10,93.63
CELL_14652,Erythrocyte,7.42,40,79.65
CELL_63321,Stem Cell,93.09,22,94.19
CELL_92353,Erythrocyte,28.66,11,87.85
CELL_67302,Leukocyte,14.03,47,53.11
CELL_83038,Myocyte,91.44,50,97.45
CELL_73587,Epithelial,104.2,34,66.84
CELL_97958,Myocyte,7.96,21,55.41
CELL_22203,Erythrocyte,15.54,48,79.77
CELL_22240,Fibroblast,66.86,32,77.2
CELL_69547,Leukocyte,100.74,44,90.03
CELL_69301,Neuron,87.96,32,81.58
CELL_97046,Leukocyte,85.54,17,71.95
CELL_66995,Leukocyte,85.98,36,93.37
CELL_27382,Myocyte,61.58,31,63.51
CELL_78905,Stem Cell,42.3,30,50.97
CELL_58505,Myocyte,48.39,8,65.31
CELL_57143,Epithelial,32.65,40,50.51
CELL_85164,Erythrocyte,116.85,29,79.44
CELL_98230,Fibroblast,78.71,20,96.78
CELL_40408,Neuron,85.48,36,90.15
CELL_32412,Erythrocyte,112.16,31,80.69
CELL_13244,Leukocyte,47.79,38,67.26
CELL_59713,Fibroblast,104.0,41,74.8
CELL_28615,Myocyte,86.39,39,82.15
CELL_41695,Fibroblast,9.08,41,76.53
CELL_16936,Stem Cell,56.99,27,75.12
CELL_41458,Epithelial,97.79,20,76.79
CELL_66126,Leukocyte,101.02,16,95.26
CELL_54167,Stem Cell,74.55,11,82.77
CELL_15489,Neuron,88.5,37,64.97
CELL_56024,Neuron,48.63,33,90.24
CELL_29231,Erythrocyte,5.55,13,69.99
CELL_62945,Leukocyte,106.06,22,57.57
CELL_20084,Stem Cell,27.19,37,93.61
CELL_29516,Myocyte,104.13,26,87.14
CELL_83167,Leukocyte,103.88,9,83.37
CELL_60254,Fibroblast,70.61,33,94.25
CELL_94649,Fibroblast,97.11,33,72.48
CELL_76637,Leukocyte,60.53,5,85.88
CELL_44859,Fibroblast,102.09,46,82.68
CELL_47147,Myocyte,105.8,9,63.66
CELL_94995,Neuron,55.33,50,75.43
CELL_11750,Erythrocyte,105.5,48,74.99
CELL_82418,Myocyte,49.21,50,59.66
CELL_25916,Neuron,71.18,25,89.52
CELL_40027,Erythrocyte,99.07,35,69.04
CELL_14388,Epithelial,74.26,11,56.93
CELL_48934,Erythrocyte,94.4,49,95.12
CELL_18816,Erythrocyte,77.12,5,63.16
CELL_59223,Erythrocyte,111.82,10,79.96
CELL_48738,Neuron,105.98,28,71.98
CELL_42291,Myocyte,64.16,48,68.81
CELL_36364,Myocyte,46.68,26,74.86
CELL_52222,Stem Cell,48.48,38,91.46
CELL_87810,Leukocyte,93.86,6,59.88
CELL_90220,Neuron,18.19,12,81.45
CELL_42857,Epithelial,84.2,20,99.99
CELL_81403,Erythrocyte,111.28,33,61.39
CELL_18582,Myocyte,15.39,38,75.04
CELL_25784,Erythrocyte,46.98,38,58.15
CELL_94702,Leukocyte,59.23,39,62.64
CELL_28077,Epithelial,97.41,27,96.69
CELL_82422,Myocyte,60.91,30,52.25
CELL_23566,Erythrocyte,83.67,9,61.48
CELL_20005,Leukocyte,48.76,34,56.98
CELL_45524,Erythrocyte,72.82,32,67.89
CELL_30334,Leukocyte,105.15,37,53.6
CELL_42139,Epithelial,114.0,50,53.6
CELL_38165,Myocyte,14.91,20,58.39
CELL_85685,Neuron,97.67,27,90.03
CELL_27283,Myocyte,107.04,27,56.35
CELL_13727,Leukocyte,29.34,22,60.22
CELL_22146,Leukocyte,31.47,17,86.44
CELL_68274,Fibroblast,102.71,46,53.65
CELL_24040,Erythrocyte,88.18,19,63.15
CELL_20832,Neuron,74.83,6,62.25
CELL_69378,Fibroblast,38.01,40,94.1
CELL_60639,Leukocyte,71.69,18,62.87
CELL_62586,Leukocyte,48.4,43,57.64
CELL_75458,Stem Cell,9.77,49,96.71
CELL_93139,Neuron,38.84,47,64.44
CELL_18100,Epithelial,107.81,15,67.19
CELL_12464,Stem Cell,19.23,29,56.35
CELL_86337,Myocyte,44.39,25,69.75
CELL_10758,Neuron,30.96,29,75.67
CELL_42494,Erythrocyte,49.59,9,50.98
CELL_36478,Erythrocyte,73.86,41,53.12
CELL_83813,Neuron,19.13,41,59.98
CELL_76347,Stem Cell,41.03,29,97.08
CELL_38571,Epithelial,57.5,24,59.23
CELL_17788,Neuron,86.61,13,56.38
CELL_10733,Stem Cell,51.27,24,52.36
CELL_37380,Stem Cell,100.33,36,78.86
CELL_87372,Stem Cell,97.9,40,83.12
CELL_71084,Stem Cell,105.03,15,61.03
CELL_34511,Epithelial,26.81,50,73.72
CELL_30584,Erythrocyte,45.17,27,78.15
CELL_31761,Leukocyte,39.35,25,80.08
CELL_92868,Myocyte,110.49,35,96.21
CELL_80802,Myocyte,90.25,41,61.54
CELL_23502,Leukocyte,61.53,6,67.98
CELL_99157,Stem Cell,108.12,49,75.49
CELL_36045,Epithelial,111.11,25,99.26
CELL_94705,Erythrocyte,74.46,20,83.73
CELL_46009,Stem Cell,61.3,18,92.76
CELL_59123,Stem Cell,73.24,28,55.78
CELL_38301,Epithelial,52.21,20,58.14
CELL_18344,Leukocyte,107.98,16,61.52
CELL_73501,Neuron,23.52,34,99.55
CELL_70616,Fibroblast,86.13,17,83.65
CELL_76101,Erythrocyte,62.34,30,92.47
CELL_13988,Epithelial,113.17,6,88.72
CELL_70877,Leukocyte,67.3,30,56.18
CELL_91348,Myocyte,66.48,5,71.53
CELL_91352,Erythrocyte,39.66,26,74.14
CELL_99019,Myocyte,15.62,12,61.8
CELL_28387,Stem Cell,7.2,9,86.49
CELL_99174,Stem Cell,113.53,20,85.54
CELL_76430,Leukocyte,32.74,28,91.93
CELL_19424,Erythrocyte,80.29,28,98.1
CELL_18647,Erythrocyte,6.89,20,96.33
CELL_77058,Neuron,98.32,14,92.92
CELL_65331,Fibroblast,9.08,40,68.76
CELL_24901,Stem Cell,66.62,20,60.05
CELL_77678,Fibroblast,76.2,43,81.84
CELL_33565,Neuron,87.99,28,86.46
CELL_53163,Stem Cell,73.99,17,70.23
CELL_55826,Stem Cell,75.71,30,78.21
CELL_73011,Epithelial,98.24,16,62.08
CELL_61438,Stem Cell,22.58,48,71.59
CELL_67174,Myocyte,6.85,25,61.28
CELL_67926,Stem Cell,11.21,18,99.98
CELL_43941,Leukocyte,107.21,26,50.47
CELL_91675,Fibroblast,64.46,45,98.45
CELL_24690,Epithelial,74.94,31,74.29
CELL_88899,Myocyte,26.32,21,73.53
CELL_12049,Leukocyte,63.95,34,50.79
CELL_15636,Epithelial,100.44,10,79.01
CELL_76970,Erythrocyte,61.02,11,91.91
CELL_68090,Neuron,62.05,40,90.86
CELL_74823,Myocyte,66.22,50,71.14
CELL_57497,Fibroblast,9.3,14,64.46
CELL_76481,Stem Cell,85.83,7,95.51
CELL_83780,Erythrocyte,40.83,30,59.15
CELL_59977,Leukocyte,60.44,14,69.62
CELL_37705,Epithelial,12.55,42,80.28
CELL_53600,Epithelial,66.94,47,52.83
CELL_82774,Epithelial,76.83,23,85.66
CELL_95766,Stem Cell,108.41,9,65.58
CELL_71418,Fibroblast,51.1,12,86.63
CELL_70002,Neuron,17.77,42,77.83
CELL_99339,Stem Cell,19.36,39,58.93
CELL_55217,Fibroblast,102.91,42,66.97
CELL_98256,Erythrocyte,67.71,9,83.41
CELL_61474,Erythrocyte,14.15,34,83.9
CELL_18226,Fibroblast,46.86,17,79.38
CELL_84372,Fibroblast,88.11,18,94.06
CELL_45178,Neuron,115.42,21,93.0
CELL_19424,Neuron,92.16,36,56.73
CELL_27720,Myocyte,20.51,16,61.91
CELL_35860,Erythrocyte,13.01,40,91.6
CELL_41806,Myocyte,51.85,45,53.14
CELL_93629,Neuron,63.46,31,55.0
CELL_31647,Fibroblast,75.96,18,89.46
CELL_25259,Fibroblast,12.36,38,88.82
CELL_52276,Stem Cell,76.29,33,72.84
CELL_86362,Leukocyte,21.03,40,62.75
CELL_19630,Myocyte,74.64,41,66.71
CELL_70532,Erythrocyte,84.02,44,90.6
CELL_73738,Stem Cell,85.23,11,82.63
CELL_16029,Fibroblast,58.78,37,73.59
CELL_94160,Erythrocyte,50.26,17,85.6
CELL_28738,Neuron,102.67,20,75.77
CELL_78016,Epithelial,96.68,27,56.14
CELL_66675,Erythrocyte,9.96,21,65.73
CELL_33482,Fibroblast,22.29,30,85.88
CELL_82382,Epithelial,108.21,6,59.9
CELL_48953,Neuron,21.34,16,50.97
CELL_61597,Neuron,95.35,5,96.84
CELL_98141,Myocyte,32.39,24,99.74
CELL_74837,Erythrocyte,71.16,19,86.95
CELL_97704,Erythrocyte,82.82,28,62.26
CELL_27528,Erythrocyte,71.92,37,81.66
CELL_19475,Epithelial,71.41,6,54.41
CELL_44705,Stem Cell,56.25,44,70.04
CELL_93906,Erythrocyte,75.63,17,57.13
CELL_55251,Fibroblast,90.49,5,87.28
CELL_60635,Myocyte,95.13,13,97.07
CELL_47642,Stem Cell,103.53,5,80.0
CELL_15239,Epithelial,44.28,14,61.95
CELL_67846,Fibroblast,62.05,26,89.61
CELL_98957,Fibroblast,65.24,16,80.7
CELL_98625,Myocyte,73.8,26,51.03
CELL_45106,Erythrocyte,81.76,46,52.44
CELL_68400,Erythrocyte,91.13,34,60.09
CELL_40441,Fibroblast,61.95,28,54.95
CELL_77662,Leukocyte,39.25,40,87.52
CELL_97898,Neuron,67.6,34,68.13
CELL_95148,Leukocyte,52.14,44,91.33
CELL_84095,Leukocyte,6.07,37,78.38
CELL_20178,Epithelial,10.01,39,82.53
CELL_61879,Erythrocyte,63.46,24,78.47
CELL_19178,Erythrocyte,13.01,10,56.28
CELL_17802,Epithelial,14.92,45,51.68
CELL_45737,Epithelial,21.82,49,88.38
CELL_59959,Fibroblast,60.34,8,60.8
CELL_16824,Erythrocyte,52.91,46,84.95
CELL_63165,Neuron,17.89,22,91.86
CELL_39537,Leukocyte,32.85,39,78.29
CELL_65833,Epithelial,102.32,45,51.23
CELL_34666,Erythrocyte,83.31,11,99.05
CELL_69183,Erythrocyte,45.74,36,63.29
CELL_17515,Neuron,90.86,48,87.34
CELL_95752,Neuron,117.09,46,66.4
CELL_42195,Neuron,16.16,30,61.62
CELL_36970,Epithelial,87.96,22,86.11
CELL_85609,Stem Cell,54.47,31,61.87
CELL_74030,Fibroblast,27.97,33,55.31
CELL_60154,Epithelial,20.6,15,60.29
CELL_35224,Myocyte,33.36,38,74.52
CELL_23006,Epithelial,48.91,34,76.52
CELL_44740,Erythrocyte,82.12,31,86.82
CELL_33592,Epithelial,47.03,43,58.42
CELL_89709,Fibroblast,29.99,39,58.34
CELL_71060,Neuron,44.76,30,58.17
CELL_96043,Erythrocyte,92.57,17,60.42
CELL_46922,Leukocyte,94.92,11,87.68
CELL_60048,Erythrocyte,33.42,28,63.48
CELL_73920,Myocyte,37.99,16,84.24
CELL_77582,Myocyte,102.97,48,96.14
CELL_98251,Myocyte,79.23,44,72.68
CELL_77868,Leukocyte,43.43,12,96.43
CELL_59561,Leukocyte,117.29,23,62.78
CELL_21321,Leukocyte,28.55,19,87.23
CELL_81128,Erythrocyte,40.55,39,57.08
CELL_18086,Erythrocyte,58.4,24,74.05
CELL_83360,Leukocyte,38.38,42,93.66
CELL_12876,Epithelial,50.53,25,68.29
CELL_40746,Fibroblast,71.23,35,68.78
CELL_77090,Leukocyte,48.66,34,86.13
CELL_87399,Fibroblast,90.83,47,85.91
CELL_68122,Neuron,81.42,32,90.25
CELL_65771,Stem Cell,37.19,22,59.77
CELL_41817,Erythrocyte,31.82,47,55.68
CELL_17013,Neuron,106.74,44,51.93
CELL_75394,Myocyte,42.72,18,95.33
CELL_54963,Epithelial,17.28,8,99.22
CELL_64048,Leukocyte,101.19,43,97.9
CELL_49237,Neuron,69.16,19,58.42
CELL_97220,Leukocyte,51.86,13,69.36
CELL_79569,Fibroblast,74.5,47,89.45
CELL_52734,Erythrocyte,26.34,23,65.14
CELL_10530,Stem Cell,11.23,23,82.5
CELL_59658,Fibroblast,99.59,12,64.36
CELL_63113,Leukocyte,29.77,10,60.47
CELL_10236,Fibroblast,43.8,50,80.6
CELL_10680,Erythrocyte,96.38,18,51.35
CELL_80615,Neuron,64.69,49,92.71
CELL_99039,Stem Cell,33.95,10,58.15
CELL_92686,Neuron,47.59,45,95.43
CELL_84295,Neuron,23.97,7,66.49
CELL_52173,Erythrocyte,91.61,5,88.58
CELL_12760,Erythrocyte,116.3,9,57.26
CELL_42074,Leukocyte,75.28,17,61.91
CELL_95309,Myocyte,6.87,47,61.54
CELL_45955,Myocyte,62.52,41,70.49
CELL_90057,Leukocyte,16.73,34,74.97
CELL_54047,Myocyte,92.9,13,99.07
CELL_48108,Erythrocyte,14.96,32,53.85
CELL_43758,Erythrocyte,78.81,46,90.27
CELL_68961,Fibroblast,110.94,13,99.67
CELL_91696,Myocyte,93.13,45,86.78
CELL_79928,Leukocyte,42.21,14,88.2
CELL_25910,Myocyte,117.89,41,75.02
CELL_63719,Fibroblast,33.87,17,59.78
CELL_73809,Leukocyte,106.03,45,78.84
CELL_62479,Leukocyte,68.12,43,78.58
CELL_47195,Myocyte,70.97,9,80.62
CELL_86390,Leukocyte,29.26,17,95.63
CELL_28977,Fibroblast,23.45,45,78.1
CELL_50612,Stem Cell,113.24,18,80.75
CELL_34659,Leukocyte,72.6,47,92.54
CELL_75361,Erythrocyte,94.3,23,73.14
CELL_81203,Erythrocyte,85.16,22,50.81
CELL_96572,Leukocyte,91.12,37,63.34
CELL_94362,Neuron,54.74,46,76.6
CELL_21838,Leukocyte,29.21,33,76.69
CELL_19540,Fibroblast,51.13,33,65.92
CELL_59390,Stem Cell,100.26,17,67.03
CELL_49180,Fibroblast,65.68,41,94.61
CELL_25173,Stem Cell,114.46,41,95.47
CELL_26248,Fibroblast,80.93,45,73.38
CELL_80882,Epithelial,119.45,23,57.71
CELL_12708,Leukocyte,99.52,24,67.82
CELL_14551,Erythrocyte,34.26,49,98.52
CELL_48153,Fibroblast,114.99,50,77.38
CELL_80670,Neuron,96.84,18,57.41
CELL_13610,Fibroblast,91.43,28,78.87
CELL_41558,Fibroblast,42.62,46,72.28
CELL_78672,Neuron,99.73,12,68.8
CELL_14293,Epithelial,29.82,41,58.04
CELL_41580,Stem Cell,88.0,27,66.1
CELL_86112,Erythrocyte,60.96,49,76.93
CELL_48817,Myocyte,21.01,20,68.36
CELL_58276,Leukocyte,78.23,42,82.1
CELL_74801,Myocyte,81.45,28,93.62
CELL_63084,Leukocyte,79.1,21,53.07
CELL_68852,Fibroblast,58.75,13,73.2
CELL_27619,Stem Cell,86.17,20,53.03
CELL_28522,Fibroblast,96.44,11,93.26
CELL_28053,Myocyte,101.98,36,86.26
CELL_21195,Neuron,113.76,35,58.09
CELL_55405,Stem Cell,47.33,25,82.41
CELL_26349,Leukocyte,88.12,27,91.69
CELL_94951,Epithelial,62.99,22,63.42
CELL_17396,Erythrocyte,20.51,19,75.54
CELL_72176,Myocyte,59.18,8,92.27
CELL_76760,Myocyte,76.71,49,65.88
CELL_49019,Epithelial,33.48,7,89.98
CELL_19411,Epithelial,39.24,44,73.73
CELL_43095,Stem Cell,35.8,44,68.87
CELL_35425,Epithelial,83.37,36,52.58
CELL_11620,Fibroblast,94.58,22,60.98
CELL_56112,Myocyte,103.15,29,60.99
CELL_77181,Myocyte,5.68,16,81.85
CELL_32025,Neuron,68.03,50,59.49
CELL_38796,Erythrocyte,81.57,29,73.41
CELL_18026,Stem Cell,108.59,35,57.82
CELL_86196,Leukocyte,116.54,11,89.12
CELL_36829,Fibroblast,27.08,23,68.73
CELL_20696,Erythrocyte,74.04,39,54.29
CELL_73683,Fibroblast,115.07,7,73.01
CELL_97374,Epithelial,38.03,20,84.35
CELL_61493,Fibroblast,21.94,39,55.53
CELL_79816,Stem Cell,101.13,36,78.12
CELL_86429,Myocyte,85.75,37,90.42
CELL_64822,Erythrocyte,116.62,33,86.56
CELL_73605,Neuron,8.28,28,63.84
CELL_65328,Erythrocyte,84.38,16,54.16
CELL_29520,Epithelial,37.54,46,90.3
CELL_86723,Erythrocyte,40.55,18,54.96
CELL_10583,Leukocyte,72.94,7,76.27
CELL_89445,Leukocyte,8.42,37,70.37
CELL_20670,Fibroblast,82.77,22,95.71
CELL_19955,Leukocyte,10.41,12,54.08
CELL_60816,Stem Cell,43.99,5,92.77
CELL_87775,Erythrocyte,23.87,21,98.69
CELL_52729,Epithelial,9.21,43,78.37
CELL_15698,Myocyte,35.47,35,52.46
CELL_19892,Stem Cell,24.86,8,83.74
CELL_39325,Neuron,101.2,36,98.42
CELL_15385,Myocyte,100.5,41,52.22
CELL_83577,Epithelial,74.28,21,78.58
CELL_96658,Epithelial,118.99,36,87.33
CELL_63264,Erythrocyte,18.39,13,96.71
CELL_55565,Neuron,19.4,43,54.15
CELL_53055,Leukocyte,93.95,44,81.01
CELL_82656,Leukocyte,116.58,29,62.35
CELL_90262,Neuron,40.33,7,98.95
CELL_98814,Neuron,21.3,47,78.45
CELL_75390,Erythrocyte,14.34,13,96.92
CELL_82059,Fibroblast,98.65,35,53.67
CELL_78261,Epithelial,60.34,24,57.35
CELL_47332,Neuron,35.04,23,79.9
CELL_13968,Myocyte,36.73,33,66.06
CELL_42167,Epithelial,69.71,7,67.68
CELL_84845,Leukocyte,114.25,43,80.2
CELL_58925,Erythrocyte,17.76,6,73.58
CELL_54749,Fibroblast,92.67,37,51.09
CELL_41645,Myocyte,96.54,47,58.25
CELL_82032,Fibroblast,19.67,8,74.92
CELL_47129,Fibroblast,111.12,35,83.64
CELL_66335,Leukocyte,100.23,45,84.68
CELL_12270,Fibroblast,96.7,26,79.42
CELL_59774,Fibroblast,27.0,47,66.49
CELL_55085,Stem Cell,12.03,24,70.41
CELL_47301,Fibroblast,35.18,45,54.14
CELL_35596,Neuron,99.49,16,64.8
CELL_74208,Stem Cell,80.19,35,89.47
CELL_36437,Stem Cell,75.35,40,69.92
CELL_87152,Fibroblast,104.14,17,80.95
CELL_41748,Myocyte,25.6,12,75.65
CELL_47160,Erythrocyte,89.51,17,85.57
CELL_83435,Stem Cell,84.82,33,87.84
CELL_99547,Leukocyte,97.89,12,73.72
CELL_62718,Myocyte,51.49,38,77.39
CELL_65755,Stem Cell,84.59,11,64.41
CELL_56809,Erythrocyte,20.53,6,91.0
CELL_61773,Myocyte,112.43,29,81.82
CELL_32989,Stem Cell,58.77,9,52.04
CELL_33934,Epithelial,111.47,17,90.12
CELL_88643,Leukocyte,53.9,43,50.37
CELL_55982,Fibroblast,52.78,14,61.29
CELL_20555,Neuron,53.28,33,50.66
CELL_77923,Fibroblast,107.32,29,95.56
CELL_62107,Fibroblast,119.76,8,55.87
CELL_59851,Myocyte,85.59,18,78.44
CELL_21599,Stem Cell,42.56,34,50.08
CELL_41094,Erythrocyte,101.65,15,67.59
CELL_69829,Fibroblast,86.86,12,65.97
CELL_96115,Stem Cell,75.03,20,63.12
CELL_75051,Erythrocyte,82.42,29,72.0
CELL_65324,Myocyte,36.13,22,82.07
CELL_84076,Fibroblast,63.21,15,73.65
CELL_68105,Epithelial,96.33,24,82.18
CELL_95455,Fibroblast,93.26,36,90.73
CELL_65948,Stem Cell,64.78,35,98.98
CELL_98968,Neuron,61.91,23,66.37
CELL_64863,Fibroblast,56.66,22,72.96
CELL_12924,Erythrocyte,101.63,27,53.6
CELL_49887,Neuron,19.21,19,95.87
CELL_33268,Epithelial,52.21,20,81.67
CELL_45151,Stem Cell,15.44,45,71.36
CELL_90417,Leukocyte,32.57,29,65.16
CELL_70093,Fibroblast,72.78,15,53.21
CELL_47634,Myocyte,6.76,23,54.69
CELL_12984,Myocyte,15.41,37,90.9
CELL_11442,Myocyte,47.26,19,81.19
CELL_94165,Leukocyte,86.38,20,72.6
CELL_21711,Leukocyte,113.01,19,69.2
CELL_25406,Neuron,6.19,44,56.55
CELL_82830,Neuron,18.43,23,62.35
CELL_80822,Epithelial,25.3,39,54.19
CELL_23754,Epithelial,11.51,30,78.51
CELL_93869,Fibroblast,95.92,10,52.79
CELL_87537,Fibroblast,15.71,30,75.41
CELL_27594,Fibroblast,85.82,35,69.4
CELL_38928,Stem Cell,108.25,5,97.11
CELL_33076,Neuron,118.72,26,65.59
CELL_34701,Stem Cell,77.89,44,80.09
CELL_90013,Fibroblast,68.94,23,54.71
CELL_25336,Fibroblast,46.4,42,95.51
CELL_19034,Fibroblast,27.25,40,82.82
CELL_17497,Fibroblast,26.45,12,86.54
CELL_81541,Stem Cell,63.37,42,82.57
CELL_76926,Stem Cell,117.95,19,93.49
CELL_70973,Neuron,13.72,30,91.42
CELL_72128,Myocyte,54.38,18,75.8
CELL_68697,Neuron,107.68,12,60.64
CELL_23877,Erythrocyte,101.37,43,54.72
CELL_92453,Stem Cell,110.5,50,70.41
CELL_11046,Leukocyte,49.05,22,88.8
CELL_38859,Epithelial,35.5,17,79.12
CELL_29357,Leukocyte,62.65,47,72.44
CELL_93746,Myocyte,28.01,30,52.91
CELL_79459,Fibroblast,30.23,18,86.92
CELL_57249,Epithelial,92.18,26,68.77
CELL_70090,Erythrocyte,65.63,33,95.24
CELL_75341,Erythrocyte,75.74,30,91.11
CELL_39962,Neuron,119.91,29,71.8
CELL_65136,Myocyte,76.07,49,99.51
CELL_48838,Fibroblast,78.64,41,73.84
CELL_35364,Epithelial,95.04,16,83.28
CELL_39472,Epithelial,88.44,27,54.92
CELL_38260,Erythrocyte,109.04,11,65.62
CELL_83676,Erythrocyte,63.25,8,74.27
CELL_18691,Stem Cell,63.84,26,86.43
CELL_91852,Neuron,96.96,6,82.37
CELL_55980,Fibroblast,58.24,47,80.71
CELL_71270,Epithelial,55.23,27,95.73
CELL_95192,Fibroblast,81.44,28,59.4
CELL_87731,Leukocyte,77.76,20,95.82
CELL_12398,Erythrocyte,109.0,42,56.44
CELL_37767,Stem Cell,27.6,28,65.97
CELL_45006,Erythrocyte,12.92,10,79.09
CELL_68159,Leukocyte,26.61,15,89.07
CELL_95223,Epithelial,118.92,16,87.26
CELL_48264,Neuron,77.37,37,99.05
CELL_53650,Leukocyte,82.38,35,93.15
CELL_94477,Epithelial,104.67,18,58.98
CELL_57376,Erythrocyte,41.94,44,61.14
CELL_56502,Leukocyte,18.86,8,91.45
CELL_68916,Fibroblast,89.03,11,89.39
CELL_48827,Epithelial,78.2,29,94.04
CELL_43186,Stem Cell,25.56,21,80.02
CELL_90418,Neuron,108.56,24,71.94
CELL_83732,Fibroblast,118.0,39,85.24
CELL_17620,Fibroblast,38.71,28,97.68
CELL_23165,Epithelial,9.13,29,54.16
CELL_15254,Erythrocyte,57.88,26,92.16
CELL_39532,Neuron,13.23,30,78.84
CELL_46573,Leukocyte,13.37,38,97.16
CELL_51473,Myocyte,37.91,43,74.73
CELL_65772,Leukocyte,82.43,14,95.53
CELL_42659,Stem Cell,89.21,8,66.27
CELL_22089,Fibroblast,87.53,43,92.21
CELL_93906,Neuron,87.92,41,50.4
CELL_28661,Neuron,36.3,14,98.61
CELL_53201,Neuron,50.55,24,55.46
CELL_28021,Myocyte,10.55,18,63.49
CELL_56918,Epithelial,95.92,13,78.1
CELL_45149,Stem Cell,102.01,28,85.93
CELL_43239,Neuron,28.47,18,51.74
CELL_84520,Fibroblast,70.47,34,72.25
CELL_15983,Fibroblast,102.81,35,59.92
CELL_64989,Leukocyte,9.41,17,95.96
CELL_64636,Stem Cell,46.83,38,56.3
CELL_95000,Leukocyte,50.13,7,72.47
CELL_33220,Myocyte,8.86,30,58.9
CELL_98679,Epithelial,82.34,32,74.21
CELL_56985,Erythrocyte,5.96,20,66.63
CELL_87742,Fibroblast,20.23,5,86.04
CELL_60603,Neuron,83.03,46,77.76
CELL_91357,Leukocyte,12.67,27,96.82
CELL_23340,Fibroblast,91.16,6,98.86
CELL_72732,Myocyte,113.95,20,78.44
CELL_37158,Neuron,24.47,7,50.58
CELL_26800,Erythrocyte,28.86,7,56.42
CELL_65553,Erythrocyte,74.11,31,79.02
CELL_75076,Leukocyte,46.94,36,57.94
CELL_43207,Leukocyte,24.15,17,69.08
CELL_39214,Stem Cell,98.83,12,58.93
CELL_33580,Fibroblast,32.3,11,74.5
CELL_84491,Fibroblast,7.62,40,58.84
CELL_45240,Leukocyte,106.09,31,55.24
CELL_66939,Fibroblast,107.3,40,56.29
CELL_66326,Stem Cell,30.68,42,94.28
CELL_96249,Stem Cell,19.33,25,75.28
CELL_56017,Erythrocyte,80.55,35,87.23
CELL_86400,Myocyte,65.27,21,63.3
CELL_29503,Erythrocyte,93.49,8,54.25
CELL_93050,Neuron,44.19,44,80.88
CELL_99229,Fibroblast,10.95,33,91.54
CELL_46636,Fibroblast,16.56,7,71.33
CELL_66674,Stem Cell,80.15,47,61.09
CELL_45879,Epithelial,34.6,7,50.07
CELL_38621,Stem Cell,90.16,22,63.17
CELL_23184,Leukocyte,9.82,50,86.71
CELL_17797,Neuron,88.14,37,57.33
CELL_81423,Leukocyte,38.12,47,96.31
CELL_17266,Erythrocyte,93.03,28,91.04
CELL_85785,Leukocyte,61.42,21,60.33
CELL_89198,Fibroblast,16.16,47,91.86
CELL_58341,Epithelial,116.65,23,89.99
CELL_87659,Stem Cell,23.11,34,61.76
CELL_61115,Erythrocyte,25.61,7,56.12
CELL_60451,Epithelial,91.42,27,75.99
CELL_40096,Myocyte,108.15,28,75.03
CELL_40236,Myocyte,89.62,14,55.41
CELL_53682,Erythrocyte,52.13,30,85.72
CELL_42755,Leukocyte,54.84,21,88.09
CELL_18029,Neuron,110.01,24,74.15
CELL_89973,Stem Cell,82.67,28,79.54
CELL_89229,Erythrocyte,41.99,6,86.56
CELL_68423,Leukocyte,41.36,14,60.69
CELL_42276,Fibroblast,23.38,21,78.82
CELL_13014,Erythrocyte,103.55,48,69.32
CELL_87802,Neuron,51.15,7,75.11
CELL_32539,Fibroblast,93.31,32,74.96
CELL_51628,Neuron,51.76,45,64.22
CELL_32332,Fibroblast,104.8,16,62.4
CELL_49201,Leukocyte,65.62,25,80.22
CELL_73141,Myocyte,23.95,10,58.69
CELL_26137,Epithelial,75.07,23,63.67
CELL_60452,Erythrocyte,93.34,50,86.09
CELL_61791,Stem Cell,65.1,48,61.06
CELL_62158,Myocyte,66.09,49,50.58
CELL_13229,Neuron,55.41,23,60.6
CELL_11161,Myocyte,46.09,21,61.12
CELL_59935,Stem Cell,25.56,35,70.45
CELL_94984,Erythrocyte,21.42,27,81.49
CELL_95326,Stem Cell,11.34,18,70.77
CELL_80495,Fibroblast,94.27,13,81.29
CELL_31207,Erythrocyte,58.33,15,97.7
CELL_63478,Myocyte,21.4,17,65.79
CELL_94659,Leukocyte,108.9,25,68.33
CELL_33973,Stem Cell,62.48,8,93.06
CELL_66131,Fibroblast,33.8,32,80.13
CELL_12421,Erythrocyte,119.47,16,81.39
CELL_22464,Neuron,95.64,45,70.17
CELL_90053,Leukocyte,21.59,6,62.56
CELL_24580,Myocyte,83.57,47,60.83
CELL_79982,Leukocyte,77.11,48,84.02
CELL_57500,Leukocyte,61.25,25,87.51
CELL_97177,Myocyte,83.5,36,50.67
CELL_94729,Erythrocyte,88.66,13,66.64
CELL_64372,Fibroblast,80.12,23,53.5
CELL_15219,Leukocyte,118.64,41,54.54
CELL_85365,Fibroblast,39.67,44,95.13
CELL_24672,Fibroblast,89.12,38,93.18
CELL_59880,Fibroblast,31.89,17,95.68
CELL_33342,Leukocyte,116.88,49,95.41
CELL_55033,Epithelial,67.81,25,69.26
CELL_97991,Neuron,43.19,10,56.36
CELL_31205,Stem Cell,117.52,42,88.31
CELL_16462,Epithelial,15.72,6,50.43
CELL_33303,Erythrocyte,117.69,36,68.56
CELL_90918,Stem Cell,116.68,6,50.84
CELL_94219,Erythrocyte,51.11,40,96.75
CELL_25434,Stem Cell,58.49,7,95.64
CELL_98819,Erythrocyte,50.54,12,94.72
CELL_22063,Leukocyte,6.34,40,81.35
CELL_97872,Myocyte,102.57,46,88.78
CELL_94011,Neuron,51.29,26,83.8
CELL_78355,Erythrocyte,66.03,22,98.97
CELL_96759,Myocyte,38.88,47,90.11
CELL_16832,Erythrocyte,36.73,20,88.22
CELL_12797,Stem Cell,105.69,19,78.07
CELL_72684,Fibroblast,118.24,41,93.81
CELL_24984,Epithelial,58.6,23,96.02
CELL_93714,Myocyte,48.84,50,96.27
CELL_59084,Erythrocyte,38.59,16,66.74
CELL_26871,Myocyte,63.67,10,93.07
CELL_73582,Myocyte,35.31,44,91.41
CELL_29117,Fibroblast,89.89,38,59.31
CELL_82441,Leukocyte,69.13,49,74.24
CELL_92232,Neuron,7.35,20,81.41
CELL_60906,Erythrocyte,77.08,12,75.57
CELL_81734,Fibroblast,88.05,13,55.36
CELL_30837,Erythrocyte,35.69,5,53.58
CELL_15456,Epithelial,69.74,37,69.92
CELL_58816,Myocyte,30.64,23,88.7
CELL_93202,Stem Cell,86.76,27,76.17
CELL_37780,Epithelial,20.02,40,54.75
CELL_37899,Fibroblast,82.36,29,67.78
CELL_14621,Myocyte,100.56,12,74.99
CELL_71201,Epithelial,17.94,20,97.03
CELL_76358,Neuron,83.15,8,83.69
CELL_15831,Neuron,40.51,50,70.82
CELL_25904,Fibroblast,35.02,29,89.5
CELL_59825,Myocyte,75.19,47,66.62
CELL_59630,Stem Cell,84.48,17,85.48
CELL_60707,Stem Cell,49.87,33,73.11
CELL_95230,Neuron,76.03,39,59.35
CELL_22966,Stem Cell,32.23,39,98.44
CELL_94435,Myocyte,7.38,21,72.49
CELL_21654,Epithelial,76.11,8,68.29
CELL_15382,Leukocyte,72.55,49,97.67
CELL_12336,Leukocyte,24.45,17,97.98
CELL_76095,Stem Cell,98.53,29,78.9
CELL_43188,Epithelial,117.17,23,76.57
CELL_68438,Fibroblast,94.97,20,87.79
CELL_43143,Erythrocyte,60.61,47,94.14
CELL_24363,Leukocyte,32.77,34,74.6
CELL_99466,Neuron,101.44,8,86.55
CELL_18923,Leukocyte,11.74,15,63.95
CELL_70247,Stem Cell,7.78,7,55.26
CELL_44917,Stem Cell,61.1,12,70.86
CELL_89438,Epithelial,101.82,5,92.29
CELL_12843,Neuron,14.44,12,78.21
CELL_68242,Stem Cell,68.61,39,96.09
CELL_78050,Epithelial,87.76,39,64.7
CELL_33358,Neuron,73.97,31,61.25
CELL_21080,Erythrocyte,44.64,20,58.01
CELL_62202,Myocyte,61.84,43,82.79
CELL_70061,Myocyte,38.13,41,51.53
CELL_95754,Stem Cell,96.0,29,81.02
CELL_37047,Neuron,94.19,44,62.04
CELL_12384,Epithelial,112.08,16,91.4
CELL_64795,Erythrocyte,51.86,6,80.01
CELL_58380,Fibroblast,114.55,31,78.91
CELL_46290,Myocyte,71.13,33,87.48
CELL_61724,Erythrocyte,80.65,8,98.51
CELL_48613,Erythrocyte,79.28,5,96.54
CELL_29148,Stem Cell,53.19,21,73.2
CELL_21074,Fibroblast,67.31,49,74.17
CELL_70517,Neuron,8.68,33,96.82
CELL_71577,Stem Cell,109.55,29,85.14
CELL_53630,Leukocyte,37.58,31,54.39
CELL_62859,Fibroblast,119.09,40,89.66
CELL_81764,Fibroblast,23.09,12,58.76
CELL_47625,Neuron,16.36,33,71.62
CELL_49591,Erythrocyte,79.04,22,51.32
CELL_73043,Epithelial,73.67,30,62.74
CELL_78170,Epithelial,17.98,34,75.51
CELL_57544,Stem Cell,117.39,24,64.65
CELL_45298,Erythrocyte,97.95,22,64.7
CELL_53055,Leukocyte,31.26,36,83.13
CELL_47033,Myocyte,64.34,42,73.59
CELL_95005,Neuron,35.83,36,54.42
CELL_43896,Neuron,16.29,49,76.96
CELL_70076,Neuron,63.84,11,58.03
CELL_22013,Myocyte,18.87,43,67.53
CELL_50150,Neuron,86.63,27,79.25
CELL_24700,Erythrocyte,16.69,37,84.89
CELL_67733,Neuron,35.92,16,58.91
CELL_42751,Fibroblast,43.76,37,93.02
CELL_89589,Leukocyte,68.1,30,57.53
CELL_33281,Myocyte,13.74,7,93.94
CELL_56826,Fibroblast,27.66,29,71.1
CELL_55734,Myocyte,108.3,16,71.91
CELL_10509,Leukocyte,82.92,9,95.26
CELL_36336,Neuron,50.0,17,82.69
CELL_14314,Myocyte,89.67,44,58.45
CELL_44506,Neuron,44.39,19,65.6
CELL_33844,Myocyte,86.64,30,70.92
CELL_13008,Leukocyte,112.94,21,72.54
CELL_99881,Epithelial,49.03,29,67.97
CELL_66916,Epithelial,62.35,17,98.11
CELL_30313,Stem Cell,99.95,37,57.95
CELL_28902,Epithelial,45.91,13,65.95
CELL_60949,Epithelial,7.75,30,62.43
CELL_95830,Leukocyte,31.18,31,94.79
CELL_13691,Neuron,16.02,32,90.06
CELL_71691,Leukocyte,84.89,38,65.16
CELL_76040,Fibroblast,104.13,15,53.51
CELL_58252,Neuron,37.87,42,52.03
CELL_40592,Erythrocyte,78.29,24,77.31
CELL_48640,Fibroblast,63.96,8,84.99
CELL_56237,Fibroblast,110.7,29,50.64
CELL_65072,Epithelial,75.17,49,90.68
CELL_92995,Neuron,27.29,29,90.27
CELL_87718,Leukocyte,29.27,10,60.78
CELL_40030,Myocyte,35.96,12,74.21
CELL_57533,Erythrocyte,100.31,15,57.29
CELL_99550,Neuron,114.18,48,69.66
CELL_72734,Stem Cell,84.15,26,81.75
CELL_12668,Erythrocyte,115.48,15,82.35
CELL_50538,Neuron,15.25,24,61.33
CELL_91437,Leukocyte,6.9,16,98.77
CELL_20914,Neuron,6.74,15,62.85
CELL_59182,Myocyte,67.63,49,70.7
CELL_15775,Stem Cell,44.77,18,96.61
CELL_35685,Myocyte,116.0,19,90.28
CELL_84489,Erythrocyte,12.14,9,61.83
CELL_51283,Epithelial,66.97,8,81.3
CELL_97109,Neuron,99.27,6,94.96
CELL_87243,Leukocyte,24.44,16,95.28
CELL_13682,Fibroblast,95.28,31,75.22
CELL_36936,Stem Cell,59.33,5,73.69
CELL_69911,Epithelial,102.08,47,59.14
CELL_61268,Erythrocyte,111.36,50,87.61
CELL_98297,Neuron,75.74,41,79.05
CELL_82561,Fibroblast,64.44,9,66.16
CELL_45439,Stem Cell,106.08,34,90.18
CELL_55154,Erythrocyte,44.99,30,59.26
CELL_86972,Neuron,80.57,15,84.72
CELL_72670,Leukocyte,53.37,38,86.55
CELL_28661,Myocyte,70.53,41,97.71
CELL_19821,Neuron,118.18,33,63.91
CELL_41139,Myocyte,117.46,38,52.82
CELL_85389,Erythrocyte,112.47,9,54.4
CELL_40020,Stem Cell,11.17,34,75.72
CELL_36021,Fibroblast,119.9,50,59.43
CELL_40897,Leukocyte,70.55,17,96.52
CELL_92527,Stem Cell,106.34,20,86.23
CELL_41282,Erythrocyte,38.52,41,90.32
CELL_58509,Neuron,70.34,41,91.4
CELL_78774,Epithelial,82.39,41,94.18
CELL_76888,Leukocyte,30.92,37,72.38
CELL_54249,Stem Cell,83.54,44,91.61
CELL_74085,Fibroblast,61.6,6,99.57
CELL_29314,Erythrocyte,68.6,36,88.5
CELL_96657,Leukocyte,87.2,42,91.93
CELL_41703,Myocyte,19.63,47,99.6
CELL_57603,Epithelial,20.04,28,70.17
CELL_74279,Epithelial,66.81,30,82.4
CELL_75403,Stem Cell,15.54,43,98.57
CELL_48284,Myocyte,59.41,12,52.8
CELL_43135,Erythrocyte,94.6,21,91.32
CELL_93598,Leukocyte,17.2,6,96.67
CELL_10520,Stem Cell,64.75,24,99.87
CELL_97705,Neuron,66.37,38,68.06
CELL_16890,Fibroblast,100.91,46,94.04
CELL_40882,Myocyte,52.58,20,93.47
CELL_29875,Erythrocyte,87.19,49,81.36
CELL_95299,Erythrocyte,109.17,16,66.13
CELL_54275,Stem Cell,21.18,10,71.31
CELL_40351,Epithelial,99.77,18,50.43
CELL_38195,Leukocyte,79.73,12,70.95
CELL_57589,Leukocyte,112.71,34,91.37
CELL_45331,Stem Cell,10.29,29,61.03
CELL_48581,Neuron,58.42,39,95.51
CELL_53946,Epithelial,52.47,13,62.3
CELL_10951,Myocyte,36.52,15,73.6
CELL_73013,Erythrocyte,84.92,37,93.9
CELL_98839,Myocyte,92.88,19,67.58
CELL_10174,Erythrocyte,99.27,22,65.74
CELL_61421,Fibroblast,68.81,47,57.66
CELL_12444,Epithelial,82.54,31,81.19
CELL_87482,Epithelial,20.97,29,67.2
CELL_45096,Epithelial,89.82,6,84.06
CELL_24078,Myocyte,112.26,46,93.94
CELL_95417,Fibroblast,39.06,21,62.98
CELL_55221,Stem Cell,24.39,42,78.43
CELL_81138,Epithelial,90.4,38,75.15
CELL_71703,Leukocyte,80.29,44,97.82
CELL_64042,Stem Cell,37.47,12,77.24
CELL_88965,Epithelial,90.29,28,58.87
CELL_31631,Erythrocyte,7.41,44,89.36
CELL_86898,Leukocyte,51.33,15,61.08
CELL_89800,Erythrocyte,105.64,8,55.87
CELL_17817,Stem Cell,115.16,37,89.28
CELL_27162,Epithelial,42.92,13,63.34
CELL_39366,Fibroblast,42.02,11,65.84
CELL_59634,Myocyte,89.66,49,64.83
CELL_70254,Erythrocyte,5.2,42,94.1
CELL_80181,Leukocyte,26.49,17,97.22
CELL_71903,Myocyte,33.28,38,73.16
CELL_94264,Leukocyte,68.4,10,51.42
CELL_14534,Stem Cell,41.75,49,89.23
CELL_34038,Erythrocyte,32.82,24,78.98
CELL_62081,Stem Cell,74.46,27,78.95
CELL_77235,Fibroblast,9.6,27,64.33
CELL_71644,Leukocyte,104.54,32,53.95
CELL_16239,Erythrocyte,33.43,20,90.63
CELL_22464,Myocyte,77.24,31,63.64
CELL_10220,Fibroblast,94.88,15,65.7
CELL_44359,Neuron,107.46,27,63.79
CELL_90721,Leukocyte,65.85,7,68.8
CELL_94737,Myocyte,24.12,19,71.37
CELL_56488,Erythrocyte,12.95,24,64.17
CELL_32139,Stem Cell,102.09,6,52.77
CELL_59174,Erythrocyte,27.92,27,50.24
CELL_59684,Myocyte,21.32,12,58.03
CELL_19355,Leukocyte,18.05,26,78.9
CELL_11752,Stem Cell,54.37,49,61.42
CELL_75631,Stem Cell,43.9,31,57.23
CELL_29833,Neuron,104.43,43,76.73
CELL_12183,Epithelial,113.04,42,76.86
CELL_99034,Erythrocyte,27.78,31,58.33
CELL_21856,Epithelial,19.15,22,55.77
CELL_42502,Fibroblast,73.83,34,59.99
CELL_92157,Fibroblast,117.97,18,77.6
CELL_27032,Epithelial,89.24,8,66.76
CELL_59480,Fibroblast,23.65,9,70.24
CELL_19803,Leukocyte,116.64,25,56.55
CELL_65232,Epithelial,71.41,22,74.27
CELL_86291,Leukocyte,69.81,32,64.12
CELL_85397,Erythrocyte,52.62,25,67.36
CELL_82851,Myocyte,61.29,18,89.04
CELL_83245,Epithelial,49.48,18,63.18
CELL_29147,Neuron,46.41,25,94.48
CELL_95628,Myocyte,118.5,48,88.94
CELL_17738,Erythrocyte,42.03,12,85.57
CELL_11704,Leukocyte,19.5,15,52.51
CELL_93105,Stem Cell,8.89,50,59.94
CELL_22215,Stem Cell,42.43,27,64.67
CELL_37430,Myocyte,12.9,18,77.04
CELL_72422,Myocyte,75.67,5,60.06
CELL_96532,Leukocyte,27.66,15,55.4
CELL_77652,Neuron,33.13,38,84.7
CELL_15022,Myocyte,7.86,50,75.39
CELL_32879,Myocyte,10.42,33,91.66
CELL_70184,Leukocyte,29.78,8,78.87
CELL_46088,Epithelial,57.87,13,65.25
CELL_99913,Neuron,92.35,48,69.39
CELL_73692,Epithelial,81.09,21,79.78
CELL_98604,Epithelial,37.45,18,78.09
CELL_54653,Stem Cell,81.01,14,51.36
CELL_61537,Leukocyte,24.64,37,67.66
CELL_69594,Epithelial,105.37,5,69.32
CELL_79816,Leukocyte,108.59,18,76.31
CELL_98456,Fibroblast,43.29,34,83.23
CELL_34250,Stem Cell,21.23,31,74.94
CELL_59500,Fibroblast,64.76,40,69.93
CELL_13286,Epithelial,46.59,27,99.64
CELL_43294,Stem Cell,64.09,9,89.65
CELL_66313,Erythrocyte,43.83,29,77.83
CELL_27392,Leukocyte,38.53,49,93.7
CELL_13189,Myocyte,5.33,50,96.61
CELL_34331,Epithelial,43.58,27,64.95
CELL_46199,Fibroblast,118.51,21,77.65
CELL_71135,Leukocyte,71.84,24,51.18
CELL_54277,Epithelial,22.71,38,66.59
CELL_82502,Epithelial,48.11,42,82.81
CELL_23817,Neuron,97.33,22,58.01
CELL_61423,Erythrocyte,98.82,22,84.77
CELL_36586,Myocyte,38.51,32,57.94
CELL_79728,Stem Cell,110.49,30,93.5
CELL_78949,Neuron,73.51,48,97.57
CELL_19781,Myocyte,74.51,15,76.25
CELL_54391,Erythrocyte,14.57,46,52.24
CELL_26217,Erythrocyte,28.04,23,81.87
CELL_71077,Erythrocyte,19.93,32,65.43
CELL_56265,Myocyte,56.13,27,60.92
CELL_32645,Fibroblast,101.35,5,97.54
CELL_10679,Epithelial,62.73,5,82.99
CELL_54363,Neuron,69.8,31,55.34
CELL_81047,Neuron,59.01,33,52.59
CELL_98728,Stem Cell,79.52,40,94.69
CELL_14799,Epithelial,67.19,43,94.47
CELL_41223,Myocyte,29.9,34,53.07
CELL_14850,Fibroblast,27.79,37,70.82
CELL_57679,Leukocyte,42.58,11,95.31
CELL_11394,Erythrocyte,114.82,15,81.82
CELL_46477,Erythrocyte,48.31,16,82.78
CELL_42985,Epithelial,31.4,10,98.73
CELL_45481,Stem Cell,51.43,5,75.23
CELL_94894,Stem Cell,77.06,22,78.54
CELL_85019,Myocyte,33.51,19,76.71
CELL_99871,Leukocyte,38.66,9,62.78
CELL_67901,Epithelial,47.84,14,98.28
CELL_95082,Erythrocyte,51.69,31,75.02
CELL_59710,Epithelial,7.89,42,82.9
CELL_10650,Stem Cell,79.99,44,98.6
CELL_60035,Myocyte,69.92,23,81.51
CELL_87556,Epithelial,114.72,5,90.73
CELL_23802,Myocyte,93.06,26,91.32
CELL_77198,Epithelial,29.84,35,99.67
CELL_45741,Fibroblast,90.23,32,77.86
CELL_45622,Leukocyte,96.82,30,65.17
CELL_61486,Myocyte,97.31,32,69.72
CELL_70118,Fibroblast,78.08,13,66.75
CELL_99759,Epithelial,51.48,31,76.18
CELL_49369,Neuron,21.66,44,55.07
CELL_21163,Fibroblast,68.19,50,60.32
CELL_45466,Epithelial,8.43,8,70.83
CELL_87629,Myocyte,100.63,14,57.05
CELL_68078,Neuron,118.53,25,96.35
CELL_75568,Leukocyte,57.62,16,95.06
CELL_57198,Neuron,79.6,23,86.19
CELL_17051,Leukocyte,102.94,17,58.41
CELL_44028,Erythrocyte,10.96,26,74.48
CELL_58930,Epithelial,45.21,40,63.34
CELL_90589,Epithelial,64.35,42,77.31
CELL_98346,Myocyte,29.22,5,51.31
CELL_80969,Myocyte,110.16,9,60.28
CELL_74128,Epithelial,78.57,45,55.63
CELL_61336,Neuron,42.35,28,55.99
CELL_29450,Neuron,62.64,23,73.49
CELL_17260,Stem Cell,66.42,47,89.12
CELL_41422,Fibroblast,102.98,23,80.65
CELL_70513,Leukocyte,110.66,41,61.81
CELL_73055,Fibroblast,87.89,9,61.4
CELL_86307,Stem Cell,91.46,34,59.28
CELL_51716,Myocyte,71.05,10,70.79
CELL_66421,Leukocyte,46.57,10,83.7
CELL_55222,Leukocyte,58.45,45,94.3
CELL_29688,Epithelial,59.58,28,91.85
CELL_42727,Stem Cell,50.71,23,95.23
CELL_81816,Stem Cell,102.02,28,81.39
CELL_41659,Neuron,85.44,45,75.49
CELL_39875,Fibroblast,50.21,20,65.55
CELL_88370,Leukocyte,39.01,37,84.7
CELL_71338,Stem Cell,92.36,38,54.63
CELL_39882,Myocyte,46.86,21,68.07
CELL_94543,Neuron,99.93,48,77.03
CELL_95658,Myocyte,8.78,9,68.08
CELL_74221,Leukocyte,96.09,7,57.11
CELL_76171,Erythrocyte,113.18,25,69.22
CELL_65466,Myocyte,15.49,26,70.85
CELL_32227,Leukocyte,12.54,13,54.82
CELL_94343,Erythrocyte,11.87,21,90.92
CELL_16850,Fibroblast,116.96,15,80.71
CELL_83999,Leukocyte,102.55,44,50.39
CELL_94365,Epithelial,58.06,38,55.3
CELL_12691,Stem Cell,69.25,5,92.17
CELL_57187,Neuron,13.09,33,73.45
CELL_32997,Erythrocyte,100.07,47,67.48
CELL_31355,Neuron,45.53,16,97.92
CELL_87515,Stem Cell,9.86,26,86.29
CELL_73100,Myocyte,101.13,19,64.63
CELL_73504,Stem Cell,81.79,50,77.63
CELL_55945,Epithelial,58.93,21,90.95
CELL_77568,Myocyte,12.03,35,97.14
CELL_45501,Leukocyte,111.68,18,57.38
CELL_96844,Neuron,91.73,43,93.06
CELL_41280,Stem Cell,96.37,50,92.35
CELL_85702,Leukocyte,113.13,38,52.66
CELL_24563,Fibroblast,39.61,46,79.15
CELL_12306,Epithelial,46.61,9,67.55
CELL_80316,Fibroblast,104.76,5,71.62
CELL_24480,Leukocyte,61.62,34,75.7
CELL_92213,Stem Cell,53.51,34,87.73
CELL_20607,Myocyte,24.07,23,80.22
CELL_61840,Epithelial,40.75,24,62.72
CELL_96804,Epithelial,108.18,42,51.02
CELL_13065,Fibroblast,38.25,23,68.78
CELL_57401,Myocyte,6.19,25,79.76
CELL_35095,Fibroblast,110.71,32,90.06
CELL_50710,Leukocyte,112.25,20,94.2
CELL_59490,Stem Cell,5.72,41,97.93
CELL_50186,Leukocyte,85.33,30,86.24
CELL_46786,Fibroblast,39.9,25,99.06
CELL_90713,Erythrocyte,7.07,27,60.58
CELL_33318,Epithelial,41.27,10,72.26
CELL_88637,Stem Cell,96.12,35,55.09
CELL_43658,Epithelial,85.33,48,55.13
CELL_94472,Epithelial,73.95,26,71.65
CELL_80921,Leukocyte,85.32,45,51.63
CELL_39240,Leukocyte,61.32,15,96.67
CELL_67659,Stem Cell,28.42,34,72.97
CELL_26654,Myocyte,9.85,44,62.25
CELL_64555,Leukocyte,106.09,22,98.4
CELL_54932,Epithelial,59.65,45,92.64
CELL_55963,Epithelial,76.57,46,98.59
CELL_38105,Fibroblast,26.81,8,63.95
CELL_57298,Fibroblast,50.66,44,87.19
CELL_50614,Epithelial,37.5,47,62.31
CELL_87236,Neuron,22.88,40,92.5
CELL_66656,Epithelial,10.21,29,80.62
CELL_13752,Myocyte,46.4,29,99.3
CELL_98122,Erythrocyte,100.85,22,86.36
CELL_15798,Erythrocyte,71.98,39,51.81
CELL_96617,Stem Cell,62.24,8,62.43
CELL_76771,Leukocyte,39.02,8,72.21
CELL_52818,Neuron,5.2,31,76.25
CELL_34833,Epithelial,6.27,34,58.9
CELL_37061,Myocyte,39.93,10,79.34
CELL_53584,Neuron,17.01,6,79.2
CELL_64791,Fibroblast,8.18,18,71.82
CELL_92103,Myocyte,41.6,27,95.16
CELL_59491,Fibroblast,97.2,43,63.51
CELL_15272,Erythrocyte,38.56,42,87.4
CELL_40873,Fibroblast,30.24,14,69.75
CELL_89179,Myocyte,97.73,9,91.21
CELL_72900,Myocyte,114.3,23,57.44
CELL_62787,Leukocyte,107.22,10,78.13
CELL_74309,Myocyte,116.02,37,62.16
CELL_36101,Stem Cell,45.43,39,90.12
CELL_50971,Stem Cell,26.39,36,92.4
CELL_54354,Stem Cell,61.24,9,60.82
CELL_60165,Neuron,119.27,38,53.2
CELL_65847,Myocyte,104.96,7,53.3
CELL_12303,Stem Cell,32.8,37,80.63
CELL_37014,Neuron,48.12,15,97.03
CELL_59065,Myocyte,99.52,21,54.8
CELL_44313,Myocyte,49.83,11,75.47
CELL_62478,Erythrocyte,32.65,19,68.36
CELL_56563,Fibroblast,12.95,21,87.98
CELL_91217,Neuron,62.28,12,90.01
CELL_13825,Fibroblast,86.06,29,89.15
CELL_82830,Epithelial,85.01,19,86.4
CELL_15015,Stem Cell,29.59,46,57.43
CELL_59116,Leukocyte,51.36,38,84.36
CELL_10278,Neuron,88.9,39,73.19
CELL_63438,Erythrocyte,92.03,11,65.51
CELL_21042,Fibroblast,67.87,34,71.34
CELL_47548,Erythrocyte,73.7,16,89.82
CELL_44951,Fibroblast,5.42,29,91.07
CELL_62035,Erythrocyte,13.32,46,51.28
CELL_19887,Fibroblast,17.35,23,57.02
CELL_10930,Myocyte,31.17,9,91.06
CELL_57573,Fibroblast,52.08,49,53.84
CELL_42016,Erythrocyte,47.19,15,64.49
CELL_46711,Erythrocyte,24.74,17,93.87
CELL_18616,Myocyte,47.67,39,77.01
CELL_50243,Neuron,12.16,30,81.18
CELL_30335,Epithelial,18.95,5,87.83
CELL_84660,Stem Cell,77.74,29,74.38
CELL_93496,Fibroblast,66.33,41,90.5
CELL_76676,Neuron,42.2,15,67.26
CELL_49262,Myocyte,5.07,22,84.42
CELL_38037,Neuron,26.5,18,71.17
CELL_85551,Erythrocyte,112.46,38,92.0
CELL_49157,Fibroblast,12.27,22,99.58
CELL_25581,Erythrocyte,52.19,17,89.27
CELL_69081,Myocyte,25.53,42,77.33
CELL_56247,Neuron,67.94,18,99.1
CELL_39847,Epithelial,68.09,17,94.66
CELL_38165,Myocyte,68.09,49,96.03
CELL_87112,Leukocyte,64.02,49,98.01
CELL_58190,Epithelial,106.5,26,87.89
CELL_59586,Erythrocyte,41.28,26,71.19
CELL_97370,Erythrocyte,57.69,16,90.31
CELL_54153,Leukocyte,87.58,32,80.84
CELL_95961,Epithelial,5.67,42,66.65
CELL_37529,Neuron,59.84,38,64.06
CELL_63236,Leukocyte,95.63,15,68.64
CELL_38654,Epithelial,98.26,29,94.54
CELL_81808,Erythrocyte,53.24,38,56.22
CELL_97383,Leukocyte,40.23,32,51.59
CELL_99027,Neuron,60.81,12,92.93
CELL_76618,Fibroblast,113.77,10,53.02
CELL_33187,Stem Cell,8.67,47,55.35
CELL_56456,Leukocyte,76.14,41,76.55
CELL_74704,Erythrocyte,106.32,16,61.44
CELL_31248,Neuron,71.45,43,83.37
CELL_30620,Erythrocyte,109.38,37,76.93
CELL_94492,Epithelial,36.81,50,85.18
CELL_55696,Epithelial,28.01,10,84.35
CELL_92859,Leukocyte,15.89,38,82.65
CELL_92951,Leukocyte,98.87,15,98.12
CELL_73896,Myocyte,39.04,30,59.83
CELL_36437,Fibroblast,32.58,11,57.31
CELL_60134,Leukocyte,74.54,27,98.13
CELL_53051,Leukocyte,46.97,7,88.34
CELL_40566,Epithelial,114.65,17,83.9
CELL_94046,Myocyte,67.88,8,57.46
CELL_67634,Neuron,107.42,39,55.55
CELL_26624,Leukocyte,69.94,15,94.83
CELL_91060,Leukocyte,65.48,13,82.16
CELL_35892,Erythrocyte,73.8,25,86.56
CELL_49472,Epithelial,36.67,16,98.2
CELL_88506,Leukocyte,68.26,48,70.34
CELL_13349,Leukocyte,24.83,35,95.44
CELL_27238,Erythrocyte,77.38,46,90.9
CELL_67031,Neuron,112.14,45,86.75
CELL_30566,Leukocyte,76.19,43,76.44
CELL_12710,Epithelial,75.79,26,74.8
CELL_14665,Myocyte,103.31,32,71.3
CELL_51698,Neuron,111.49,24,92.45
CELL_90021,Fibroblast,118.23,32,70.95
CELL_78042,Stem Cell,110.82,39,93.64
CELL_11714,Epithelial,94.29,38,69.53
CELL_37835,Fibroblast,37.05,41,71.49
CELL_59581,Erythrocyte,78.68,36,92.44
CELL_30064,Erythrocyte,41.44,15,52.31
CELL_81827,Epithelial,115.81,47,72.16
CELL_72439,Myocyte,22.49,34,50.85
CELL_69033,Erythrocyte,57.19,39,74.75
CELL_70373,Erythrocyte,94.17,26,79.11
CELL_62488,Fibroblast,5.17,48,76.87
CELL_51728,Erythrocyte,25.16,46,65.1
CELL_67761,Epithelial,105.43,46,51.91
CELL_10110,Leukocyte,75.52,37,76.96
CELL_56762,Myocyte,64.95,22,61.28
CELL_87810,Erythrocyte,93.42,28,75.56
CELL_76561,Fibroblast,61.09,25,65.2
CELL_88394,Fibroblast,42.2,9,81.87
CELL_72274,Myocyte,102.63,48,95.75
CELL_55307,Epithelial,74.57,47,56.27
CELL_78066,Myocyte,97.59,42,99.59
CELL_43577,Epithelial,101.37,20,68.23
CELL_54896,Epithelial,75.47,38,67.65
CELL_73250,Erythrocyte,53.63,50,58.24
CELL_63451,Myocyte,34.39,10,70.67
CELL_54306,Leukocyte,28.57,22,70.16
CELL_41947,Neuron,12.37,40,58.47
CELL_92698,Stem Cell,54.83,10,92.51
CELL_51595,Stem Cell,56.68,12,64.65
CELL_16688,Myocyte,15.4,15,64.57
CELL_86342,Leukocyte,47.59,44,92.37
CELL_54076,Leukocyte,51.26,6,55.97
CELL_16154,Epithelial,50.42,23,77.72
CELL_31883,Erythrocyte,83.94,46,69.37
CELL_69908,Neuron,88.92,41,77.78
CELL_51935,Myocyte,109.77,44,74.81
CELL_52540,Fibroblast,58.69,25,93.39
CELL_71280,Fibroblast,11.83,47,65.37
CELL_94995,Stem Cell,104.46,46,79.41
CELL_52091,Erythrocyte,101.63,44,94.12
CELL_94112,Stem Cell,60.71,37,71.91
CELL_88183,Stem Cell,100.73,9,75.77
CELL_68891,Fibroblast,34.41,11,63.14
CELL_99177,Fibroblast,40.96,6,92.93
CELL_80486,Fibroblast,11.5,19,70.96
CELL_67487,Stem Cell,14.06,49,86.98
CELL_63441,Leukocyte,82.83,41,96.92
CELL_25625,Erythrocyte,103.77,41,86.86
CELL_10043,Erythrocyte,81.47,34,97.15
CELL_52477,Myocyte,106.27,44,69.08
CELL_75126,Neuron,84.84,44,69.26
CELL_82511,Stem Cell,6.84,33,75.74
CELL_38275,Epithelial,111.37,36,77.87
CELL_12919,Erythrocyte,98.73,33,88.02
CELL_61647,Stem Cell,37.25,20,75.05
CELL_51956,Neuron,18.72,37,50.59
CELL_44646,Leukocyte,12.3,25,86.39
CELL_47598,Myocyte,116.66,31,68.56
CELL_60816,Stem Cell,111.31,45,70.21
CELL_44292,Myocyte,18.65,22,65.71
CELL_19530,Erythrocyte,52.71,43,66.1
CELL_77570,Leukocyte,36.22,36,71.02
CELL_95606,Epithelial,24.26,43,54.47
CELL_24264,Stem Cell,93.62,13,90.68
CELL_83955,Myocyte,93.94,43,99.63
CELL_76967,Neuron,28.35,5,77.62
CELL_17457,Neuron,79.12,16,78.87
CELL_54569,Erythrocyte,89.5,28,98.8
CELL_67191,Leukocyte,41.1,35,85.44
CELL_83247,Erythrocyte,16.17,26,81.55
CELL_11294,Epithelial,53.13,28,89.63
CELL_89523,Leukocyte,103.18,6,83.58
CELL_72998,Neuron,13.79,33,81.42
CELL_47234,Leukocyte,101.19,26,77.81
CELL_85170,Myocyte,93.96,5,95.61
CELL_45736,Stem Cell,76.53,39,99.76
CELL_48340,Erythrocyte,46.03,34,79.33
CELL_96805,Fibroblast,90.84,44,58.76
CELL_46054,Stem Cell,116.29,40,99.3
CELL_89096,Leukocyte,42.71,27,90.45
CELL_18946,Myocyte,13.52,13,88.42
CELL_23909,Fibroblast,40.05,16,88.54
CELL_13097,Epithelial,51.66,22,56.54
CELL_11308,Erythrocyte,31.67,43,99.56
CELL_36304,Neuron,95.7,22,99.44
CELL_13874,Leukocyte,77.55,34,94.38
CELL_39071,Epithelial,116.8,16,51.11
CELL_51337,Neuron,14.36,29,97.48
CELL_84155,Erythrocyte,41.36,13,85.62
CELL_47681,Epithelial,8.44,36,51.73
CELL_67742,Fibroblast,41.24,7,64.61
CELL_69472,Epithelial,91.25,18,84.83
CELL_81889,Myocyte,7.14,35,87.54
CELL_39484,Leukocyte,60.08,20,69.52
CELL_92397,Erythrocyte,73.84,7,68.04
CELL_92842,Stem Cell,53.87,33,96.75
CELL_11805,Leukocyte,10.57,13,59.26
CELL_65495,Leukocyte,33.1,48,54.79
CELL_53048,Erythrocyte,52.17,14,71.26
CELL_22998,Epithelial,83.85,30,92.02
CELL_52206,Neuron,97.96,25,70.38
CELL_33148,Stem Cell,81.35,48,96.36
CELL_21195,Erythrocyte,108.69,5,50.91
CELL_99565,Neuron,93.25,7,62.61
CELL_99372,Epithelial,97.24,47,94.04
CELL_28656,Stem Cell,5.48,34,59.1
CELL_65184,Fibroblast,116.0,11,89.7
CELL_75323,Myocyte,65.86,34,71.75
CELL_83257,Erythrocyte,97.89,23,67.28
CELL_16710,Leukocyte,56.23,8,75.82
CELL_48687,Erythrocyte,72.16,11,58.66
CELL_79153,Neuron,16.24,10,67.54
CELL_16791,Leukocyte,59.5,48,70.52
CELL_91000,Myocyte,6.41,16,78.25
CELL_43508,Neuron,80.85,35,86.58
CELL_38406,Stem Cell,65.74,39,61.3
CELL_96351,Erythrocyte,106.0,39,95.5
CELL_42439,Myocyte,31.72,35,54.23
CELL_84944,Epithelial,10.16,35,66.24
CELL_34833,Fibroblast,44.03,17,87.09
CELL_90490,Fibroblast,56.67,40,62.66
CELL_40142,Epithelial,71.83,23,50.1
CELL_24502,Erythrocyte,17.27,29,51.01
CELL_37223,Stem Cell,19.76,24,78.27
CELL_70051,Neuron,16.78,11,92.46
CELL_26995,Leukocyte,89.52,8,53.96
CELL_73842,Epithelial,16.21,8,89.06
CELL_21338,Leukocyte,47.48,47,70.97
CELL_98533,Neuron,87.24,5,51.47
CELL_34758,Fibroblast,14.18,30,86.57
CELL_65094,Myocyte,27.16,40,88.06
CELL_44917,Myocyte,13.17,5,55.17
CELL_55459,Fibroblast,30.27,6,59.72
CELL_76954,Stem Cell,92.73,41,50.0
CELL_47498,Leukocyte,62.62,21,73.25
CELL_82855,Stem Cell,32.68,37,96.88
CELL_53614,Fibroblast,64.64,47,58.38
CELL_93916,Stem Cell,21.1,7,74.35
CELL_47406,Fibroblast,12.18,50,76.5
CELL_30346,Neuron,5.82,46,97.74
CELL_83497,Neuron,83.22,13,92.5
CELL_46854,Erythrocyte,76.27,30,78.16
CELL_80006,Myocyte,60.21,28,82.26
CELL_89214,Neuron,42.67,32,58.62
CELL_67031,Erythrocyte,65.28,6,87.89
CELL_27952,Myocyte,47.23,34,56.68
CELL_40182,Stem Cell,7.4,39,98.43
CELL_76799,Neuron,7.8,45,68.09
CELL_64447,Neuron,13.51,7,88.13
CELL_39056,Erythrocyte,31.42,7,66.49
CELL_66275,Leukocyte,47.58,24,73.67
CELL_55476,Fibroblast,27.12,46,64.96
CELL_24334,Myocyte,42.64,45,78.73
CELL_40289,Leukocyte,74.22,25,55.88
CELL_83939,Fibroblast,77.86,10,69.53
CELL_70490,Stem Cell,105.82,31,51.62
CELL_70450,Stem Cell,57.99,48,77.46
CELL_60948,Stem Cell,59.96,23,86.92
CELL_69813,Stem Cell,38.77,14,60.84
CELL_12840,Fibroblast,20.13,26,75.98
CELL_26949,Fibroblast,34.4,35,86.42
CELL_41375,Epithelial,17.54,7,92.32
CELL_71810,Myocyte,5.42,5,94.72
CELL_70001,Fibroblast,118.77,17,71.81
CELL_90044,Erythrocyte,58.87,40,80.06
CELL_22937,Epithelial,12.41,48,78.61
CELL_94141,Myocyte,107.12,8,74.73
CELL_79936,Erythrocyte,97.44,38,93.07
CELL_15595,Myocyte,7.3,44,61.18
CELL_18860,Fibroblast,49.67,24,60.2
CELL_85877,Epithelial,71.15,28,59.5
CELL_48124,Stem Cell,25.5,9,74.62
CELL_39357,Stem Cell,95.19,25,51.21
CELL_83501,Epithelial,30.66,26,96.57
CELL_18397,Leukocyte,23.59,49,86.86
CELL_61813,Myocyte,26.85,14,99.67
CELL_14734,Fibroblast,53.1,38,73.1
CELL_27243,Neuron,78.23,6,87.62
CELL_36742,Fibroblast,32.08,14,72.53
CELL_15009,Neuron,104.33,12,64.85
CELL_87725,Epithelial,87.35,26,88.56
CELL_43245,Fibroblast,92.44,19,77.92
CELL_27864,Fibroblast,34.01,27,62.44
CELL_32397,Erythrocyte,27.35,48,87.04
CELL_98306,Myocyte,10.84,47,63.47
CELL_78373,Stem Cell,77.51,9,66.69
CELL_77341,Neuron,92.81,44,72.03
CELL_38683,Neuron,102.85,10,95.04
CELL_48996,Leukocyte,83.01,35,89.35
CELL_35532,Myocyte,104.74,43,81.04
CELL_91788,Myocyte,25.94,18,96.54
CELL_61554,Epithelial,101.45,24,62.22
CELL_25832,Erythrocyte,107.26,50,69.49
CELL_28074,Stem Cell,18.37,35,90.33
CELL_94699,Myocyte,34.49,50,84.78
CELL_72666,Erythrocyte,95.69,12,57.99
CELL_80493,Erythrocyte,74.46,36,74.15
CELL_83890,Erythrocyte,105.63,43,60.18
CELL_64518,Leukocyte,20.38,25,53.0
CELL_11459,Neuron,107.0,38,97.67
CELL_95162,Erythrocyte,43.39,33,72.91
CELL_89344,Myocyte,35.71,6,50.01
CELL_64295,Fibroblast,70.5,22,92.5
CELL_84297,Fibroblast,29.49,43,51.83
CELL_15178,Neuron,83.34,21,98.55
CELL_85659,Neuron,80.06,44,80.74
CELL_20749,Stem Cell,51.73,28,99.89
CELL_99192,Myocyte,22.73,24,75.71
CELL_22819,Stem Cell,31.82,20,80.48
CELL_21423,Myocyte,86.89,38,79.39
CELL_92456,Epithelial,47.1,37,70.56
CELL_82647,Neuron,88.33,27,68.2
CELL_69836,Epithelial,61.48,26,50.07
CELL_23164,Epithelial,23.53,35,69.86
CELL_93987,Erythrocyte,15.22,18,57.33
CELL_20855,Erythrocyte,104.93,34,75.88
CELL_73286,Epithelial,99.53,38,99.25
CELL_85708,Erythrocyte,92.45,11,57.7
CELL_99587,Myocyte,41.66,20,80.75
CELL_18947,Stem Cell,11.4,35,54.55
CELL_47600,Myocyte,61.1,12,50.67
CELL_84023,Neuron,105.08,43,74.75
CELL_65336,Leukocyte,69.72,32,98.21
CELL_78603,Fibroblast,116.14,7,72.71
CELL_12962,Erythrocyte,34.01,28,82.3
CELL_80845,Neuron,61.94,17,75.07
CELL_58759,Erythrocyte,38.97,48,68.65
CELL_96523,Erythrocyte,74.19,16,71.28
CELL_80881,Leukocyte,18.71,15,83.76
CELL_95345,Fibroblast,77.45,16,93.67
CELL_52663,Fibroblast,26.08,10,93.55
CELL_29945,Erythrocyte,74.43,26,84.26
CELL_73159,Fibroblast,41.27,29,91.92
CELL_56639,Neuron,24.24,17,54.82
CELL_62448,Epithelial,32.89,42,80.65
CELL_29819,Epithelial,115.43,5,85.18
CELL_77728,Erythrocyte,98.02,41,68.52
CELL_56004,Stem Cell,34.86,33,70.55
CELL_34493,Erythrocyte,72.58,37,61.53
CELL_28698,Fibroblast,111.04,43,93.11
CELL_31806,Erythrocyte,69.05,5,89.38
CELL_20935,Leukocyte,22.18,49,51.76
CELL_97833,Leukocyte,8.48,25,56.04
CELL_51746,Myocyte,9.53,47,94.29
CELL_29680,Fibroblast,74.66,34,98.07
CELL_77807,Stem Cell,14.56,33,88.71
CELL_47336,Fibroblast,86.62,15,61.88
CELL_98736,Neuron,30.72,25,78.41
CELL_11036,Epithelial,117.34,44,81.29
CELL_21484,Stem Cell,5.04,37,91.28
CELL_47738,Neuron,89.23,46,79.33
CELL_90478,Leukocyte,25.63,36,92.73
CELL_22913,Stem Cell,86.51,18,74.7
CELL_53352,Erythrocyte,18.0,37,87.09
CELL_99787,Neuron,93.95,31,95.73
CELL_60168,Epithelial,108.3,17,75.23
CELL_43726,Myocyte,101.94,21,80.44
CELL_40594,Myocyte,52.97,17,87.35
CELL_68302,Stem Cell,97.95,47,63.36
CELL_88745,Neuron,84.53,24,81.58
CELL_83255,Stem Cell,76.29,37,99.55
CELL_44552,Erythrocyte,81.1,48,74.11
CELL_93853,Myocyte,96.35,14,63.36
CELL_45392,Myocyte,44.76,21,95.34
CELL_55280,Epithelial,82.14,16,69.55
CELL_37564,Fibroblast,47.92,9,80.42
CELL_73937,Erythrocyte,40.25,32,90.0
CELL_29563,Epithelial,68.27,45,73.53
CELL_71027,Myocyte,87.31,10,92.83
CELL_88887,Fibroblast,27.32,40,73.13
CELL_99809,Erythrocyte,11.25,32,63.48
CELL_16658,Fibroblast,25.16,47,62.03
CELL_19503,Neuron,28.11,17,91.25
CELL_61670,Fibroblast,93.66,26,95.38
CELL_79051,Erythrocyte,53.6,49,67.83
CELL_48233,Epithelial,96.01,48,77.7
CELL_49899,Fibroblast,59.15,22,86.53
CELL_95664,Stem Cell,94.34,17,57.93
CELL_78027,Neuron,107.87,34,51.51
CELL_13435,Leukocyte,113.53,12,73.29
CELL_17062,Stem Cell,83.47,21,85.42
CELL_26650,Epithelial,22.84,19,65.75
CELL_17368,Erythrocyte,29.46,50,91.75
CELL_73644,Fibroblast,67.62,27,73.36
CELL_47665,Stem Cell,19.32,5,84.46
CELL_28462,Fibroblast,96.27,6,61.74
CELL_22398,Leukocyte,81.57,48,89.18
CELL_37515,Fibroblast,43.96,13,58.31
CELL_34969,Erythrocyte,88.51,35,90.47
CELL_95084,Neuron,59.6,23,90.0
CELL_91804,Erythrocyte,40.01,41,60.65
CELL_64620,Erythrocyte,24.64,49,70.62
CELL_15467,Leukocyte,76.72,5,76.03
CELL_29460,Epithelial,104.08,26,62.48
CELL_73646,Erythrocyte,110.09,25,88.21
CELL_24098,Neuron,20.65,37,53.47
CELL_58731,Leukocyte,45.72,12,71.34
CELL_53234,Myocyte,45.05,8,64.18
CELL_29310,Neuron,76.55,27,52.15
CELL_86395,Stem Cell,82.54,25,70.31
CELL_90760,Stem Cell,45.56,43,71.39
CELL_34713,Neuron,118.48,20,62.46
CELL_96269,Erythrocyte,10.28,37,61.69
CELL_78743,Epithelial,99.95,41,59.58
CELL_57537,Stem Cell,100.43,48,88.14
CELL_52992,Fibroblast,111.28,27,87.38
CELL_91988,Erythrocyte,21.6,19,72.96
CELL_59192,Stem Cell,70.29,50,61.4
CELL_19384,Stem Cell,18.11,44,70.15
CELL_25843,Stem Cell,71.39,11,68.47
CELL_75803,Fibroblast,77.24,47,69.04
CELL_89304,Neuron,109.73,23,53.7
CELL_12632,Epithelial,9.37,12,77.14
CELL_79337,Fibroblast,25.32,42,89.02
CELL_41318,Myocyte,44.0,45,54.57
CELL_38093,Fibroblast,21.95,46,51.18
CELL_61677,Myocyte,109.44,24,54.79
CELL_72899,Fibroblast,28.32,39,73.2
CELL_42652,Erythrocyte,108.35,35,92.21
CELL_43639,Leukocyte,21.54,18,76.55
CELL_71527,Myocyte,59.42,37,73.59
CELL_49937,Myocyte,55.16,26,70.38
CELL_32575,Neuron,31.53,34,95.41
CELL_17986,Neuron,26.03,26,59.92
CELL_97405,Myocyte,56.74,35,83.11
CELL_74751,Neuron,98.53,28,73.9
CELL_12821,Neuron,80.82,36,54.41
CELL_42272,Erythrocyte,21.21,43,96.26
CELL_90248,Myocyte,58.85,20,69.75
CELL_22030,Stem Cell,115.56,44,53.94
CELL_41934,Epithelial,47.17,41,98.48
CELL_99178,Myocyte,11.04,24,69.62
CELL_87257,Myocyte,11.88,49,98.81
CELL_15593,Neuron,19.66,17,54.94
CELL_54372,Erythrocyte,29.57,21,65.07
CELL_72522,Fibroblast,33.48,24,70.69
CELL_73576,Epithelial,84.36,30,99.39
CELL_54325,Epithelial,53.68,13,66.83
CELL_88808,Leukocyte,70.63,19,97.59
CELL_29018,Leukocyte,74.8,37,82.8
CELL_25744,Epithelial,117.08,47,72.46
CELL_94882,Myocyte,17.27,12,58.68
CELL_19141,Stem Cell,56.02,46,76.82
CELL_69300,Neuron,9.22,29,66.94
CELL_10940,Erythrocyte,101.51,44,70.36
CELL_23580,Myocyte,47.45,33,65.32
CELL_50386,Erythrocyte,35.02,31,60.39
CELL_27796,Epithelial,31.2,21,59.59
CELL_78531,Fibroblast,14.19,14,97.9
CELL_33139,Erythrocyte,93.64,8,89.56
CELL_14637,Erythrocyte,18.11,38,81.33
CELL_69172,Stem Cell,17.94,6,79.75
CELL_92612,Stem Cell,61.69,45,73.4
CELL_62418,Leukocyte,107.34,38,78.71
CELL_28275,Leukocyte,44.23,16,56.0
CELL_80017,Leukocyte,31.75,43,96.22
CELL_57600,Neuron,55.26,40,67.11
CELL_87376,Leukocyte,88.07,24,68.24
CELL_69862,Erythrocyte,80.74,33,65.12
CELL_73745,Leukocyte,73.04,38,67.41
CELL_85991,Erythrocyte,101.94,11,76.87
CELL_13284,Erythrocyte,5.76,33,89.11
CELL_69033,Fibroblast,48.43,30,87.99
CELL_87732,Erythrocyte,55.31,48,63.39
CELL_97425,Neuron,15.43,24,67.26
CELL_28083,Neuron,15.23,19,82.03
CELL_47493,Stem Cell,88.58,31,73.4
CELL_93875,Neuron,77.91,26,86.76
CELL_39594,Fibroblast,13.34,20,75.31
CELL_45210,Epithelial,11.04,12,89.09
CELL_17217,Leukocyte,17.29,12,97.03
CELL_93077,Erythrocyte,91.19,8,94.59
CELL_32218,Neuron,28.6,20,68.12
CELL_31010,Erythrocyte,63.24,13,91.55
CELL_38108,Myocyte,35.51,26,59.66
CELL_84912,Fibroblast,74.48,41,91.26
CELL_44404,Stem Cell,87.1,41,91.44
CELL_96318,Fibroblast,39.11,42,52.53
CELL_52816,Stem Cell,34.57,42,74.67
CELL_95743,Neuron,106.46,41,63.86
CELL_38251,Epithelial,60.95,20,85.6
CELL_85019,Myocyte,54.97,25,82.66
CELL_47789,Erythrocyte,78.58,18,56.58
CELL_48165,Epithelial,65.98,32,56.71
CELL_46029,Epithelial,107.36,12,59.5
CELL_14614,Neuron,71.03,11,87.83
CELL_18296,Fibroblast,24.11,16,56.26
CELL_67702,Stem Cell,10.76,33,73.78
CELL_43719,Epithelial,78.01,49,71.64
CELL_69628,Myocyte,50.35,6,65.17
CELL_74514,Erythrocyte,94.94,7,62.66
CELL_71983,Erythrocyte,14.96,38,52.0
CELL_70532,Myocyte,82.27,37,86.04
CELL_42696,Leukocyte,116.97,49,67.42
CELL_73438,Erythrocyte,47.9,30,66.49
CELL_95856,Epithelial,105.61,19,70.68
CELL_40701,Erythrocyte,102.39,26,54.51
CELL_91258,Leukocyte,66.12,17,94.98
CELL_12385,Fibroblast,16.82,48,79.42
CELL_38700,Epithelial,99.01,44,55.06
CELL_82545,Myocyte,15.81,49,54.59
CELL_32780,Stem Cell,95.54,10,60.83
CELL_11965,Stem Cell,42.75,21,61.15
CELL_99134,Neuron,99.47,23,76.27
CELL_57295,Myocyte,79.51,17,76.97
CELL_60472,Stem Cell,99.98,36,84.96
CELL_80469,Erythrocyte,86.8,47,50.12
CELL_80622,Neuron,54.45,30,51.85
CELL_30920,Epithelial,70.41,33,67.58
CELL_96386,Myocyte,57.84,35,59.2
CELL_80651,Stem Cell,25.04,7,84.46
CELL_16095,Fibroblast,116.23,43,58.81
CELL_40225,Leukocyte,40.09,32,83.88
CELL_72725,Stem Cell,108.39,26,67.6
CELL_54014,Epithelial,85.61,12,60.09
CELL_87986,Stem Cell,110.43,36,70.43
CELL_95888,Fibroblast,13.12,13,84.96
CELL_54228,Epithelial,50.73,38,67.5
CELL_23205,Epithelial,64.62,31,53.17
CELL_48249,Erythrocyte,100.2,7,89.62
CELL_96751,Fibroblast,73.56,41,75.57
CELL_56747,Stem Cell,105.4,37,63.85
CELL_60905,Myocyte,79.92,29,80.03
CELL_78295,Erythrocyte,72.61,42,65.31
CELL_71485,Leukocyte,53.55,8,58.79
CELL_14387,Fibroblast,20.93,9,97.41
CELL_19535,Erythrocyte,48.92,14,58.36
CELL_56926,Leukocyte,67.67,34,75.47
CELL_93814,Erythrocyte,33.7,47,78.49
CELL_62970,Fibroblast,93.55,7,66.31
CELL_61798,Neuron,24.98,10,56.54
CELL_53693,Leukocyte,92.83,7,99.72
CELL_13942,Neuron,79.68,17,58.35
CELL_86114,Epithelial,58.9,18,85.36
CELL_65983,Epithelial,29.83,45,59.99
CELL_93187,Stem Cell,104.81,46,98.64
CELL_42176,Stem Cell,93.19,43,57.26
CELL_72914,Fibroblast,43.66,23,54.83
CELL_46196,Fibroblast,39.61,34,98.38
CELL_80327,Neuron,74.38,46,60.8
CELL_65970,Erythrocyte,97.04,7,94.61
CELL_38985,Epithelial,83.42,34,53.06
CELL_60047,Myocyte,116.45,22,56.24
CELL_63627,Stem Cell,9.76,13,76.75
CELL_20300,Epithelial,26.92,18,64.55
CELL_26534,Erythrocyte,54.33,22,95.11
CELL_47921,Leukocyte,5.9,7,70.37
CELL_30969,Stem Cell,103.89,40,99.5
CELL_75696,Myocyte,41.23,13,73.49
CELL_30777,Epithelial,51.03,41,70.72
CELL_97695,Erythrocyte,13.41,49,67.49
CELL_82963,Erythrocyte,69.83,7,91.47
CELL_32351,Leukocyte,20.6,34,51.71
CELL_45242,Epithelial,55.89,29,98.36
CELL_92953,Epithelial,105.71,16,68.04
CELL_18678,Epithelial,46.74,13,77.99
CELL_38946,Erythrocyte,85.12,10,70.07
CELL_33783,Erythrocyte,25.14,19,58.76
CELL_31584,Erythrocyte,76.93,28,73.0
CELL_44835,Erythrocyte,55.65,50,73.06
CELL_40787,Fibroblast,15.34,15,61.43
CELL_98093,Neuron,58.17,50,69.69
CELL_22147,Stem Cell,83.97,23,84.84
CELL_40095,Fibroblast,111.16,6,55.13
CELL_11558,Leukocyte,60.86,8,72.4
CELL_55468,Neuron,60.29,43,81.48
CELL_91803,Stem Cell,53.17,8,87.77
CELL_87392,Stem Cell,46.4,42,97.37
CELL_41290,Epithelial,116.68,11,64.95
CELL_64746,Myocyte,53.37,44,75.38
CELL_85841,Myocyte,34.73,36,70.56
CELL_33679,Neuron,48.58,28,99.67
CELL_43799,Epithelial,29.48,41,73.6
CELL_73692,Epithelial,7.27,35,57.14
CELL_11791,Leukocyte,84.57,40,86.43
CELL_68909,Erythrocyte,45.09,29,70.99
CELL_68785,Myocyte,38.39,34,60.04
CELL_31360,Fibroblast,44.93,12,63.53
CELL_94845,Leukocyte,19.21,8,78.57
CELL_97867,Leukocyte,93.19,21,86.37
CELL_21735,Erythrocyte,42.41,29,72.51
CELL_61926,Epithelial,92.21,34,79.15
CELL_13696,Neuron,60.26,27,51.18
CELL_22226,Leukocyte,68.49,41,58.39
CELL_90455,Epithelial,80.7,22,72.74
CELL_32830,Leukocyte,95.54,38,79.84
CELL_33616,Leukocyte,29.71,6,81.54
CELL_64783,Epithelial,35.77,36,56.09
CELL_92464,Erythrocyte,9.02,10,56.64
CELL_61784,Stem Cell,106.83,16,97.92
CELL_21870,Epithelial,31.1,37,85.08
CELL_46053,Epithelial,12.31,20,54.57
CELL_16031,Fibroblast,52.26,46,83.76
CELL_75959,Erythrocyte,56.19,44,80.49
CELL_38474,Leukocyte,12.02,36,59.5
CELL_33046,Neuron,79.84,43,56.42
CELL_43683,Neuron,114.97,47,94.05
CELL_68587,Epithelial,108.21,27,83.83
CELL_20934,Neuron,77.44,9,82.65
CELL_92089,Myocyte,106.34,34,69.61
CELL_99409,Fibroblast,37.54,22,57.89
CELL_72932,Erythrocyte,62.76,9,53.55
CELL_31173,Fibroblast,66.75,12,90.74
CELL_95371,Fibroblast,59.58,49,65.18
CELL_87293,Stem Cell,45.07,16,83.1
CELL_14173,Leukocyte,34.78,32,83.15
CELL_96420,Erythrocyte,85.32,5,89.5
CELL_35118,Epithelial,118.37,6,54.85
CELL_92880,Myocyte,26.03,6,68.62
CELL_31364,Erythrocyte,37.28,27,83.89
CELL_75731,Epithelial,52.56,10,51.52
CELL_99971,Fibroblast,44.17,48,86.18
CELL_63011,Fibroblast,24.73,42,65.75
CELL_54100,Epithelial,28.5,45,97.87
CELL_36314,Neuron,39.81,19,83.29
CELL_46197,Stem Cell,48.84,24,81.81
CELL_44830,Myocyte,57.79,39,50.13
CELL_37614,Neuron,72.84,19,50.85
CELL_32926,Neuron,95.89,12,94.99
CELL_62425,Myocyte,105.61,34,85.85
CELL_38396,Leukocyte,21.25,10,64.39
CELL_79819,Neuron,110.92,41,98.45
CELL_85562,Myocyte,64.89,38,63.04
CELL_91054,Fibroblast,81.4,8,87.99
CELL_81772,Erythrocyte,118.55,9,61.62
CELL_71118,Erythrocyte,115.74,38,53.63
CELL_89899,Epithelial,22.24,41,64.15
CELL_25751,Epithelial,82.85,21,81.5
CELL_99258,Fibroblast,69.9,40,93.58
CELL_76691,Stem Cell,89.14,16,73.6
CELL_73215,Fibroblast,53.21,23,86.57
CELL_93569,Leukocyte,92.34,6,51.86
CELL_82306,Myocyte,68.47,10,88.37
CELL_53399,Neuron,117.98,35,87.86
CELL_54201,Epithelial,98.45,35,71.24
CELL_51413,Stem Cell,50.13,13,65.43
CELL_61757,Neuron,46.36,44,63.51
CELL_91028,Fibroblast,28.75,12,85.01
CELL_15368,Neuron,88.19,10,76.27
CELL_19160,Neuron,100.02,27,92.35
CELL_99536,Leukocyte,104.58,34,83.5
CELL_12031,Leukocyte,15.88,25,82.32
CELL_72325,Fibroblast,44.3,14,72.72
CELL_38965,Erythrocyte,35.15,7,97.66
CELL_78935,Epithelial,51.27,7,92.06
CELL_22777,Epithelial,114.01,19,72.37
CELL_91713,Fibroblast,92.81,23,92.71
CELL_29413,Fibroblast,65.39,34,91.75
CELL_61567,Leukocyte,8.53,44,80.09
CELL_33702,Myocyte,44.08,47,74.77
CELL_93060,Myocyte,95.77,11,94.11
CELL_57525,Myocyte,74.03,42,53.36
CELL_20009,Fibroblast,118.73,43,70.41
CELL_19882,Epithelial,65.18,28,65.99
CELL_45591,Stem Cell,62.7,25,97.94
CELL_35017,Fibroblast,56.56,28,81.49
CELL_87256,Leukocyte,46.46,36,99.67
CELL_91172,Stem Cell,21.29,43,63.1
CELL_60131,Fibroblast,70.06,13,55.62
CELL_13248,Neuron,58.43,21,70.94
CELL_90796,Neuron,51.39,18,61.19
CELL_93480,Epithelial,20.46,12,69.98
CELL_29482,Leukocyte,52.97,17,72.21
CELL_76728,Leukocyte,12.78,16,92.82
CELL_25392,Erythrocyte,63.31,41,98.44
CELL_44032,Leukocyte,7.94,37,70.67
CELL_65702,Fibroblast,11.06,28,55.53
CELL_32434,Erythrocyte,104.38,28,64.4
CELL_21554,Erythrocyte,99.86,41,55.7
CELL_26870,Myocyte,113.61,36,62.63
CELL_55300,Erythrocyte,31.72,39,81.07
CELL_59001,Stem Cell,71.93,45,67.24
CELL_57255,Neuron,75.27,43,55.3
CELL_19553,Leukocyte,6.67,21,68.94
CELL_89792,Myocyte,84.47,20,77.5
CELL_79380,Erythrocyte,70.39,24,68.09
CELL_93042,Leukocyte,33.89,37,83.84
CELL_65116,Erythrocyte,37.87,45,84.02
CELL_27507,Stem Cell,87.8,27,82.72
CELL_89584,Myocyte,14.12,23,64.08
CELL_17537,Stem Cell,13.96,47,67.89
CELL_23868,Myocyte,18.18,45,91.99
CELL_67767,Erythrocyte,54.74,26,80.74
CELL_10713,Fibroblast,73.25,33,92.34
CELL_55132,Fibroblast,108.36,11,97.32
CELL_86727,Leukocyte,12.76,37,97.04
CELL_99922,Myocyte,15.56,35,64.89
CELL_25502,Leukocyte,105.33,41,59.39
CELL_18255,Erythrocyte,15.89,24,86.51
CELL_43156,Epithelial,28.67,40,76.37
CELL_41522,Stem Cell,55.05,13,93.57
CELL_15077,Myocyte,81.97,11,51.45
CELL_97924,Neuron,53.49,6,97.16
CELL_12922,Fibroblast,112.36,18,86.45
CELL_53126,Fibroblast,49.44,44,52.84
CELL_42338,Neuron,87.01,17,84.94
CELL_95747,Epithelial,48.72,22,86.15
CELL_85382,Fibroblast,30.68,10,74.82
CELL_70944,Fibroblast,75.58,47,77.05
CELL_60757,Erythrocyte,115.33,22,88.28
CELL_94050,Neuron,62.48,28,55.29
CELL_11646,Neuron,35.41,46,72.23
CELL_83218,Erythrocyte,15.6,21,66.79
CELL_22460,Myocyte,48.29,29,60.12
CELL_67455,Fibroblast,86.03,31,96.26
CELL_84807,Erythrocyte,57.55,13,67.49
CELL_20635,Fibroblast,52.34,36,99.03
CELL_69257,Epithelial,78.23,40,68.84
CELL_49526,Leukocyte,25.24,9,98.47
CELL_28935,Epithelial,53.05,17,96.43
CELL_77152,Epithelial,42.18,20,93.87
CELL_92980,Stem Cell,42.71,19,62.04
CELL_75178,Fibroblast,80.76,46,70.31
CELL_65407,Stem Cell,60.75,14,71.27
CELL_72308,Erythrocyte,35.11,38,51.38
CELL_52032,Epithelial,33.2,44,68.59
CELL_80179,Leukocyte,40.47,30,54.99
CELL_38586,Erythrocyte,116.66,16,52.26
CELL_96744,Fibroblast,103.3,46,54.95
CELL_85601,Leukocyte,24.65,47,89.8
CELL_60552,Leukocyte,103.12,5,76.89
CELL_35530,Leukocyte,62.77,44,79.55
CELL_13959,Epithelial,93.61,40,91.34
CELL_60646,Myocyte,26.1,25,70.75
CELL_47529,Leukocyte,94.1,7,78.39
CELL_21968,Myocyte,53.11,36,88.17
CELL_79282,Stem Cell,66.17,44,79.51
CELL_47440,Erythrocyte,80.15,40,52.02
CELL_86827,Erythrocyte,100.94,6,99.56
CELL_83015,Fibroblast,94.98,25,78.15
CELL_69819,Epithelial,84.88,8,57.74
CELL_61029,Myocyte,65.86,8,57.74
CELL_96023,Epithelial,28.16,36,66.44
CELL_15751,Leukocyte,106.25,42,79.09
CELL_91634,Neuron,89.0,19,80.26
CELL_13624,Neuron,106.44,28,60.92
CELL_74263,Myocyte,74.05,44,77.11
CELL_59250,Myocyte,96.7,42,98.22
CELL_35303,Erythrocyte,10.49,15,53.74
CELL_93995,Leukocyte,40.09,6,67.87
CELL_17503,Erythrocyte,69.94,42,62.92
CELL_86100,Erythrocyte,52.91,43,74.12
CELL_88942,Myocyte,90.86,34,74.67
CELL_24405,Fibroblast,66.9,30,50.72
CELL_53132,Myocyte,34.76,24,98.83
CELL_64748,Epithelial,97.28,36,76.42
CELL_59238,Myocyte,35.74,6,55.04
CELL_92369,Stem Cell,31.78,17,52.29
CELL_38117,Epithelial,7.04,34,69.78
CELL_18540,Leukocyte,20.47,42,50.13
CELL_17446,Myocyte,54.89,33,89.49
CELL_50855,Fibroblast,75.91,16,63.49
CELL_57383,Fibroblast,71.02,29,62.3
CELL_77876,Epithelial,102.49,26,75.1
CELL_13775,Stem Cell,79.02,49,75.51
CELL_27463,Leukocyte,12.81,45,65.74
CELL_76209,Myocyte,114.58,21,97.01
CELL_94192,Myocyte,35.04,29,53.78
CELL_99636,Stem Cell,102.25,14,73.86
CELL_27056,Fibroblast,10.54,6,94.98
CELL_32717,Myocyte,92.14,45,85.83
CELL_90326,Neuron,102.87,34,80.56
CELL_15233,Fibroblast,114.59,13,53.87
CELL_66964,Stem Cell,36.27,33,66.09
CELL_48465,Erythrocyte,112.79,38,99.48
CELL_42553,Stem Cell,100.59,7,88.27
CELL_62718,Stem Cell,17.48,47,56.79
CELL_37972,Erythrocyte,74.47,19,84.57
CELL_55362,Myocyte,97.45,24,83.16
CELL_69747,Epithelial,100.65,27,65.57
CELL_96077,Epithelial,108.14,48,51.71
CELL_36559,Neuron,51.42,26,74.33
CELL_70459,Epithelial,36.56,15,71.9
CELL_10734,Epithelial,7.29,34,71.44
CELL_23761,Fibroblast,37.27,30,56.3
CELL_25748,Fibroblast,85.61,11,88.12
CELL_74359,Erythrocyte,42.16,38,58.31
CELL_28966,Epithelial,44.6,11,98.25
CELL_20717,Stem Cell,78.75,25,77.98
CELL_98976,Myocyte,37.05,40,80.5
CELL_70769,Fibroblast,33.89,19,80.53
CELL_98332,Neuron,66.83,25,63.38
CELL_79369,Leukocyte,99.41,9,67.73
CELL_89577,Leukocyte,42.94,10,79.0
CELL_78586,Neuron,6.54,10,66.35
CELL_98322,Myocyte,24.37,11,76.83
CELL_56214,Epithelial,59.92,30,88.27
CELL_93234,Myocyte,32.01,41,52.39
CELL_54425,Myocyte,85.11,6,91.08
CELL_35818,Epithelial,74.72,37,51.48
CELL_31282,Neuron,74.48,43,67.97
CELL_41584,Myocyte,42.3,49,76.43
CELL_43852,Erythrocyte,17.88,12,62.86
CELL_67916,Myocyte,8.06,42,95.35
CELL_43961,Erythrocyte,96.21,29,97.69
CELL_27740,Neuron,43.17,26,99.13
CELL_74216,Myocyte,92.79,9,72.28
CELL_56176,Erythrocyte,19.54,29,51.65
CELL_53986,Neuron,29.3,34,87.66
CELL_11850,Epithelial,31.19,46,54.54
CELL_29193,Erythrocyte,38.05,5,72.26
CELL_17985,Stem Cell,43.52,27,58.6
CELL_90061,Leukocyte,17.59,17,97.67
CELL_35355,Erythrocyte,31.2,10,62.62
CELL_35825,Neuron,116.77,37,64.62
CELL_44069,Leukocyte,51.33,40,71.36
CELL_29815,Myocyte,90.23,42,66.16
CELL_71794,Myocyte,63.81,6,51.99
CELL_14576,Leukocyte,98.42,48,71.89
CELL_23886,Fibroblast,27.8,37,87.75
CELL_25455,Leukocyte,94.41,34,63.25
CELL_78021,Myocyte,119.9,19,65.0
CELL_48649,Epithelial,76.84,32,75.33
CELL_93851,Stem Cell,20.5,5,75.95
CELL_94847,Fibroblast,106.69,24,71.09
CELL_94910,Stem Cell,59.95,9,62.69
CELL_80456,Epithelial,28.69,47,58.25
CELL_40103,Epithelial,32.28,19,73.16
CELL_30253,Erythrocyte,73.62,34,92.72
CELL_93713,Stem Cell,48.93,9,74.58
CELL_31401,Erythrocyte,60.16,13,79.18
CELL_87845,Myocyte,98.12,26,89.13
CELL_77208,Epithelial,114.71,49,84.67
CELL_37876,Neuron,30.06,34,99.89
CELL_18269,Stem Cell,6.4,7,56.92
CELL_10132,Stem Cell,14.26,19,59.98
CELL_83521,Leukocyte,106.26,21,64.85
CELL_26712,Epithelial,72.28,34,93.24
CELL_66883,Stem Cell,108.48,30,72.66
CELL_59108,Fibroblast,15.8,42,75.27
CELL_67599,Leukocyte,41.59,19,67.9
CELL_60489,Stem Cell,8.08,29,68.25
CELL_92345,Leukocyte,15.04,40,96.38
CELL_25372,Leukocyte,76.59,12,95.9
CELL_46680,Neuron,48.7,13,86.89
CELL_74979,Erythrocyte,19.24,34,81.1
CELL_93840,Leukocyte,110.81,42,60.54
CELL_27104,Fibroblast,18.88,28,93.8
CELL_63068,Fibroblast,93.52,44,61.92
CELL_16443,Myocyte,59.07,19,65.19
CELL_87714,Leukocyte,58.06,28,70.52
CELL_22792,Stem Cell,37.14,43,66.38
CELL_79004,Stem Cell,55.9,18,88.91
CELL_26358,Stem Cell,55.4,15,53.11
CELL_41823,Epithelial,10.15,27,60.18
CELL_77624,Erythrocyte,112.88,34,86.05
CELL_24651,Neuron,104.33,45,66.0
CELL_65745,Fibroblast,103.6,12,76.71
CELL_75141,Stem Cell,64.26,25,54.71
CELL_70397,Stem Cell,112.07,12,62.19
CELL_37919,Stem Cell,36.62,15,88.88
CELL_87770,Erythrocyte,30.3,19,77.47
CELL_68065,Leukocyte,42.28,49,82.21
CELL_72815,Neuron,5.42,21,75.44
CELL_24219,Stem Cell,15.79,8,82.83
CELL_55969,Neuron,35.24,30,97.47
CELL_93775,Epithelial,80.03,36,90.22
CELL_44093,Leukocyte,44.94,30,52.31
CELL_88256,Erythrocyte,56.14,48,98.42
CELL_33925,Myocyte,114.64,23,94.34
CELL_66768,Fibroblast,102.81,26,94.02
CELL_46140,Stem Cell,93.86,6,55.11
CELL_55520,Epithelial,96.56,21,80.04
CELL_84598,Fibroblast,12.61,15,92.02
CELL_85708,Fibroblast,59.05,10,53.06
CELL_45122,Leukocyte,55.94,11,99.06
CELL_23671,Erythrocyte,58.98,48,98.38
CELL_24659,Leukocyte,20.51,41,63.98
CELL_52083,Epithelial,116.6,49,67.82
CELL_23326,Leukocyte,117.09,38,60.38
CELL_10051,Neuron,46.84,50,77.34
CELL_22933,Neuron,25.93,13,79.11
CELL_37141,Neuron,69.01,45,64.78
CELL_72076,Fibroblast,48.85,47,99.36
CELL_75105,Leukocyte,100.99,44,60.12
CELL_53506,Neuron,118.31,27,50.97
CELL_28822,Epithelial,69.44,8,52.65
CELL_98051,Stem Cell,107.07,9,66.24
CELL_50194,Neuron,110.41,23,79.07
CELL_14477,Erythrocyte,24.95,38,69.77
CELL_60134,Epithelial,116.87,17,63.64
CELL_84019,Fibroblast,40.56,32,61.56
CELL_59354,Erythrocyte,56.38,45,80.7
CELL_31814,Neuron,109.9,36,68.86
CELL_37056,Myocyte,99.9,25,96.08
CELL_76673,Stem Cell,33.04,21,86.77
CELL_60836,Erythrocyte,99.5,13,53.99
CELL_93190,Leukocyte,18.3,31,68.64
CELL_91487,Myocyte,72.91,8,69.1
CELL_90413,Neuron,41.02,14,95.4
CELL_97789,Fibroblast,84.57,28,87.69
CELL_52216,Erythrocyte,56.19,45,98.6
CELL_26455,Myocyte,46.81,35,74.71
CELL_13618,Stem Cell,60.42,19,61.85
CELL_32124,Neuron,82.78,16,97.38
CELL_66359,Erythrocyte,18.08,36,86.16
CELL_42327,Fibroblast,59.23,47,98.24
CELL_87317,Fibroblast,118.24,19,82.73
CELL_74052,Epithelial,83.78,38,97.11
CELL_56826,Stem Cell,13.49,28,77.57
CELL_58655,Neuron,30.05,21,92.26
CELL_56836,Stem Cell,115.63,44,87.79
CELL_67045,Stem Cell,62.18,16,55.36
CELL_85162,Stem Cell,70.41,43,58.06
CELL_41962,Leukocyte,47.93,39,95.42
CELL_10185,Fibroblast,36.76,30,58.77
CELL_97469,Erythrocyte,85.35,23,75.75
CELL_10648,Myocyte,111.61,40,58.68
CELL_31829,Myocyte,106.6,6,85.88
CELL_58964,Neuron,25.35,49,80.25
CELL_14857,Neuron,119.19,18,80.29
CELL_32070,Fibroblast,100.92,15,78.11
CELL_52608,Leukocyte,34.32,32,91.86
CELL_45661,Erythrocyte,45.39,41,52.07
CELL_70961,Erythrocyte,95.75,50,64.85
CELL_49078,Neuron,47.91,12,94.14
CELL_60655,Myocyte,30.62,30,75.94
CELL_67614,Myocyte,82.59,20,83.83
CELL_94170,Myocyte,104.73,45,77.61
CELL_61141,Leukocyte,87.7,9,58.33
CELL_73549,Neuron,110.78,32,77.66
CELL_14969,Leukocyte,58.3,37,93.88
CELL_10068,Fibroblast,12.57,20,56.93
CELL_46741,Neuron,81.01,20,85.16
CELL_15195,Myocyte,95.94,33,97.08
CELL_48605,Myocyte,8.45,25,58.25
CELL_55605,Erythrocyte,71.63,8,67.42
CELL_83138,Stem Cell,100.83,9,95.01
CELL_66780,Epithelial,79.17,19,59.86
CELL_14421,Fibroblast,76.3,44,79.44
CELL_11920,Stem Cell,73.74,23,87.44
CELL_89038,Fibroblast,118.92,50,82.63
CELL_54925,Erythrocyte,43.14,44,69.63
CELL_17806,Leukocyte,36.2,34,51.61
CELL_28774,Myocyte,59.24,40,75.5
CELL_81920,Erythrocyte,117.1,35,76.71
CELL_48248,Erythrocyte,30.86,21,90.74
CELL_81541,Fibroblast,52.03,36,59.21
CELL_44512,Neuron,67.94,23,74.32
CELL_77065,Fibroblast,95.03,39,75.63
CELL_20904,Myocyte,10.04,41,74.13
CELL_79232,Myocyte,76.23,44,76.09
CELL_58433,Leukocyte,90.74,41,75.88
CELL_25176,Fibroblast,89.69,49,64.81
CELL_17273,Myocyte,46.77,10,96.05
CELL_93970,Leukocyte,97.37,14,65.21
CELL_31443,Epithelial,67.51,22,92.28
CELL_41356,Leukocyte,84.89,40,93.08
CELL_87614,Leukocyte,9.84,47,83.48
CELL_29679,Myocyte,15.6,11,84.12
CELL_16241,Fibroblast,40.71,15,59.81
CELL_47543,Erythrocyte,45.31,21,97.64
CELL_52135,Erythrocyte,6.83,8,91.1
CELL_89092,Neuron,72.16,11,77.04
CELL_81086,Erythrocyte,107.03,18,84.63
CELL_36779,Leukocyte,108.88,14,92.34
CELL_75562,Neuron,113.64,7,99.35
CELL_34142,Neuron,47.36,7,81.49
CELL_13152,Fibroblast,84.66,12,93.82
CELL_53065,Erythrocyte,93.61,35,71.44
CELL_16225,Leukocyte,79.28,28,85.44
CELL_47858,Fibroblast,77.35,24,66.34
CELL_50150,Epithelial,34.31,26,91.0
CELL_22883,Epithelial,46.69,40,75.86
CELL_53401,Fibroblast,69.38,12,68.37
CELL_31472,Stem Cell,35.16,14,68.87
CELL_57729,Stem Cell,86.86,35,92.13
CELL_99977,Epithelial,25.78,6,85.4
CELL_95430,Fibroblast,43.44,7,72.15
CELL_14948,Stem Cell,9.34,28,66.04
CELL_74818,Erythrocyte,53.3,45,81.21
CELL_77243,Stem Cell,40.14,21,97.87
CELL_50169,Leukocyte,89.84,43,90.09
CELL_77348,Erythrocyte,44.44,26,95.34
CELL_27278,Fibroblast,91.33,11,52.41
CELL_28908,Leukocyte,88.96,21,83.89
CELL_34285,Leukocyte,11.98,18,93.03
CELL_86211,Fibroblast,39.35,28,85.5
CELL_11154,Leukocyte,14.14,5,71.07
CELL_97718,Myocyte,18.91,10,56.93
CELL_70440,Epithelial,87.51,20,92.91
CELL_61030,Myocyte,25.52,21,74.12
CELL_18739,Neuron,78.82,19,98.31
CELL_49368,Leukocyte,24.84,27,97.86
CELL_70779,Leukocyte,70.67,26,70.47
CELL_43347,Neuron,39.97,50,86.57
CELL_56407,Stem Cell,116.98,44,60.09
CELL_17673,Neuron,52.98,17,76.93
CELL_73468,Neuron,56.04,34,74.01
CELL_41946,Stem Cell,28.7,7,85.25
CELL_89173,Neuron,64.58,5,60.55
CELL_25725,Erythrocyte,35.99,41,81.63
CELL_63514,Fibroblast,103.89,27,84.06
CELL_88516,Fibroblast,83.43,38,83.04
CELL_29263,Fibroblast,10.44,28,99.35
CELL_49321,Leukocyte,102.21,8,94.2
CELL_52138,Fibroblast,75.48,44,61.04
CELL_36668,Erythrocyte,10.21,9,52.68
CELL_82539,Fibroblast,35.48,16,89.41
CELL_92136,Erythrocyte,94.32,40,85.9
CELL_95341,Fibroblast,48.22,15,91.75
CELL_72713,Myocyte,112.51,46,81.99
CELL_15012,Myocyte,15.35,38,98.74
CELL_70581,Neuron,88.86,36,52.88
CELL_33023,Fibroblast,87.49,50,57.83
CELL_27743,Myocyte,54.87,30,76.81
CELL_15080,Epithelial,28.05,45,61.1
CELL_65532,Fibroblast,113.31,44,62.36
CELL_87578,Epithelial,30.41,24,83.09
CELL_18715,Neuron,5.98,15,73.8
CELL_40862,Myocyte,64.18,24,75.74
CELL_43284,Fibroblast,6.39,48,76.23
CELL_22370,Leukocyte,46.39,8,98.13
CELL_81143,Neuron,96.68,21,77.84
CELL_60050,Erythrocyte,13.92,24,60.36
CELL_88737,Leukocyte,12.2,50,76.35
CELL_24904,Fibroblast,64.27,41,85.24
CELL_91702,Myocyte,71.58,19,78.81
CELL_42299,Erythrocyte,14.48,27,58.41
CELL_76189,Fibroblast,105.9,22,76.51
CELL_99125,Fibroblast,40.57,41,52.94
CELL_83327,Leukocyte,103.21,49,70.14
CELL_47571,Epithelial,16.62,44,96.98
CELL_54269,Leukocyte,93.93,10,94.93
CELL_27928,Erythrocyte,16.96,30,94.37
CELL_12292,Leukocyte,63.95,16,61.3
CELL_80551,Fibroblast,47.61,49,55.82
CELL_60284,Leukocyte,103.59,14,90.09
CELL_96325,Erythrocyte,65.33,5,95.26
CELL_70709,Myocyte,46.4,32,93.3
CELL_13223,Leukocyte,111.5,38,79.17
CELL_25935,Leukocyte,43.47,10,58.83
CELL_89359,Leukocyte,56.17,31,69.75
CELL_37812,Epithelial,60.86,7,74.98
CELL_40378,Fibroblast,17.75,21,84.5
CELL_24131,Fibroblast,24.28,29,95.18
CELL_17663,Neuron,37.63,37,56.5
CELL_43334,Myocyte,53.7,50,85.22
CELL_13080,Erythrocyte,76.23,34,73.32
CELL_14150,Epithelial,58.12,50,85.59
CELL_43178,Erythrocyte,48.75,16,63.13
CELL_42814,Leukocyte,16.13,6,96.24
CELL_43060,Fibroblast,24.29,40,70.99
CELL_76357,Myocyte,14.28,35,61.11
CELL_65744,Leukocyte,54.94,12,66.32
CELL_74008,Myocyte,113.08,6,95.36
CELL_21559,Myocyte,118.68,20,70.3
CELL_74110,Neuron,95.95,43,74.75
CELL_93583,Stem Cell,11.56,46,93.76
CELL_74865,Stem Cell,48.56,14,98.91
CELL_19156,Myocyte,64.32,49,60.24
CELL_74261,Myocyte,69.55,32,98.34
CELL_61719,Neuron,18.59,12,76.9
CELL_23066,Myocyte,64.1,7,63.44
CELL_53853,Neuron,118.98,7,62.03
CELL_45747,Leukocyte,80.58,48,55.28
CELL_68173,Epithelial,60.12,34,53.34
CELL_97118,Erythrocyte,110.02,31,75.17
CELL_87570,Epithelial,71.34,49,62.72
CELL_80632,Leukocyte,69.24,49,90.28
CELL_80030,Erythrocyte,105.39,42,84.77
CELL_11129,Leukocyte,19.95,21,86.15
CELL_11802,Stem Cell,101.34,35,52.32
CELL_14370,Leukocyte,56.33,29,84.3
CELL_82614,Erythrocyte,80.49,35,78.63
CELL_64985,Erythrocyte,93.98,13,86.78
CELL_38386,Epithelial,73.61,28,94.66
CELL_26557,Fibroblast,15.16,9,75.26
CELL_92005,Fibroblast,36.66,32,83.88
CELL_83900,Myocyte,56.23,32,72.05
CELL_19032,Erythrocyte,33.58,24,80.92
CELL_58019,Epithelial,112.61,13,69.66
CELL_86770,Leukocyte,41.23,27,58.49
CELL_11220,Epithelial,28.12,6,60.5
CELL_50500,Leukocyte,64.83,34,60.7
CELL_55783,Epithelial,57.26,19,58.03
CELL_42421,Neuron,112.32,38,54.77
CELL_94742,Epithelial,67.15,19,84.47
CELL_29524,Stem Cell,93.0,25,83.74
CELL_88712,Leukocyte,11.29,38,68.74
CELL_96869,Epithelial,45.74,35,54.03
CELL_89636,Myocyte,83.87,32,52.35
CELL_97501,Leukocyte,18.56,24,62.8
CELL_86132,Stem Cell,49.57,25,82.99
CELL_86773,Myocyte,22.57,21,96.69
CELL_93309,Epithelial,50.94,11,82.53
CELL_48136,Epithelial,50.05,16,77.81
CELL_70633,Erythrocyte,32.38,22,99.8
CELL_12989,Erythrocyte,60.35,30,52.58
CELL_23237,Neuron,13.65,17,85.15
CELL_34807,Leukocyte,63.63,6,78.3
CELL_75668,Fibroblast,29.8,29,59.99
CELL_55022,Stem Cell,39.95,14,86.68
CELL_80575,Myocyte,9.24,49,65.42
CELL_93084,Fibroblast,8.86,9,60.93
CELL_61421,Neuron,12.76,6,60.93
CELL_61355,Stem Cell,7.07,40,83.66
CELL_99488,Myocyte,77.74,23,60.92
CELL_71865,Leukocyte,34.41,22,74.89
CELL_85807,Myocyte,57.82,47,84.03
CELL_22441,Epithelial,92.91,26,58.03
CELL_80573,Epithelial,115.96,48,86.4
CELL_61543,Epithelial,73.12,44,65.47
CELL_57527,Leukocyte,116.18,40,54.69
CELL_58931,Stem Cell,83.43,28,95.89
CELL_73421,Epithelial,109.14,40,87.21
CELL_72927,Neuron,119.97,39,62.02
CELL_94917,Myocyte,24.72,17,62.1
CELL_58736,Neuron,64.25,35,97.2
CELL_83145,Epithelial,111.42,16,70.9
CELL_72577,Fibroblast,74.29,29,79.78
CELL_58189,Erythrocyte,71.96,24,71.6
CELL_33582,Erythrocyte,83.58,27,77.52
CELL_63791,Leukocyte,75.14,40,78.25
CELL_73131,Leukocyte,8.97,30,64.75
CELL_34216,Myocyte,39.43,7,56.11
CELL_59554,Epithelial,27.61,30,54.31
CELL_23711,Stem Cell,58.01,21,98.45
CELL_80262,Stem Cell,100.41,11,61.77
CELL_69075,Fibroblast,86.67,37,79.06
CELL_46714,Leukocyte,14.59,5,58.85
CELL_33410,Myocyte,33.33,16,96.66
CELL_58618,Leukocyte,14.63,19,63.78
CELL_59824,Fibroblast,10.91,15,76.55
CELL_97929,Myocyte,37.4,42,79.03
CELL_56856,Fibroblast,112.86,38,57.57
CELL_72442,Leukocyte,80.3,7,66.65
CELL_31293,Leukocyte,92.88,41,71.26
CELL_82944,Leukocyte,19.57,6,82.06
CELL_29021,Fibroblast,46.29,49,87.93
CELL_64399,Neuron,88.93,41,61.19
CELL_55863,Leukocyte,33.43,22,54.72
CELL_58223,Myocyte,65.3,20,64.85
CELL_67403,Epithelial,39.13,23,66.14
CELL_25963,Epithelial,71.36,50,54.22
CELL_94228,Fibroblast,24.0,6,66.02
CELL_94858,Myocyte,105.09,27,68.9
CELL_71227,Myocyte,97.19,42,51.2
CELL_99578,Neuron,34.47,42,90.61
CELL_26904,Epithelial,74.7,8,59.34
CELL_80801,Epithelial,45.51,12,50.99
CELL_34182,Fibroblast,107.87,39,69.07
CELL_10227,Fibroblast,74.41,12,77.56
CELL_86021,Fibroblast,67.83,27,63.03
CELL_90958,Epithelial,71.79,31,68.74
CELL_40539,Leukocyte,108.78,45,99.7
CELL_38044,Erythrocyte,47.71,30,77.95
CELL_73910,Erythrocyte,21.49,37,58.1
CELL_19917,Stem Cell,107.61,12,58.63
CELL_98849,Epithelial,95.59,21,88.7
CELL_54940,Leukocyte,101.32,14,98.13
CELL_52532,Erythrocyte,19.04,5,57.57
CELL_58646,Myocyte,21.24,21,88.73
CELL_18694,Erythrocyte,109.26,27,96.57
CELL_70344,Epithelial,87.43,7,89.7
CELL_33104,Stem Cell,10.03,36,66.85
CELL_28593,Epithelial,49.45,42,89.31
CELL_24500,Stem Cell,103.48,49,85.66
CELL_80900,Fibroblast,84.31,41,91.47
CELL_32302,Fibroblast,31.62,11,89.02
CELL_26896,Leukocyte,107.99,18,56.74
CELL_60617,Erythrocyte,55.16,28,64.4
CELL_56066,Myocyte,96.37,23,74.03
CELL_53176,Stem Cell,77.5,25,97.38
CELL_37101,Myocyte,72.07,27,61.59
CELL_97027,Fibroblast,111.26,33,82.32
CELL_46267,Erythrocyte,56.74,25,57.87
CELL_88271,Epithelial,49.03,12,60.53
CELL_30535,Leukocyte,48.84,28,76.91
CELL_78104,Myocyte,44.31,22,61.18
CELL_97771,Neuron,47.95,11,91.44
CELL_34720,Fibroblast,24.06,34,67.53
CELL_27484,Erythrocyte,9.56,47,73.91
CELL_35395,Myocyte,41.46,37,85.09
CELL_35236,Erythrocyte,119.94,31,64.23
CELL_35988,Fibroblast,42.53,25,68.37
CELL_74303,Fibroblast,59.99,13,50.88
CELL_44567,Fibroblast,70.14,29,68.11
CELL_78906,Stem Cell,107.94,29,84.7
CELL_36660,Epithelial,113.31,23,93.15
CELL_17770,Leukocyte,62.05,11,81.49
CELL_65833,Stem Cell,53.83,21,84.16
CELL_11727,Myocyte,17.17,28,89.25
CELL_81279,Fibroblast,17.57,16,85.69
CELL_98303,Fibroblast,86.68,29,84.08
CELL_11033,Stem Cell,47.7,10,66.99
CELL_74879,Leukocyte,83.01,16,82.61
CELL_68362,Erythrocyte,72.17,36,71.14
CELL_59438,Leukocyte,91.69,18,72.14
CELL_40863,Neuron,112.56,11,58.84
CELL_33182,Stem Cell,72.84,48,96.87
CELL_20464,Epithelial,47.31,21,75.17
CELL_98420,Stem Cell,73.79,32,55.92
CELL_21815,Leukocyte,53.19,17,84.01
CELL_11015,Neuron,58.28,20,87.25
CELL_78430,Erythrocyte,94.42,49,93.0
CELL_44073,Myocyte,36.75,19,61.45
CELL_21217,Myocyte,9.18,27,64.96
CELL_36372,Erythrocyte,113.35,41,55.61
CELL_21160,Leukocyte,67.24,14,93.46
CELL_51345,Myocyte,72.18,20,51.57
CELL_44373,Leukocyte,22.82,24,98.79
CELL_61297,Leukocyte,57.26,42,51.9
CELL_14113,Stem Cell,40.54,5,85.24
CELL_77088,Fibroblast,72.23,24,69.22
CELL_36208,Leukocyte,83.94,7,65.14
CELL_51657,Myocyte,89.55,23,78.5
CELL_83165,Myocyte,104.63,6,99.03
CELL_83573,Stem Cell,28.35,24,95.89
CELL_92281,Erythrocyte,18.84,36,84.34
CELL_47907,Erythrocyte,82.01,26,78.89
CELL_42663,Leukocyte,25.14,8,65.74
CELL_22905,Myocyte,81.39,30,79.66
CELL_18342,Stem Cell,73.61,39,61.37
CELL_47355,Stem Cell,8.65,27,52.12
CELL_63588,Epithelial,41.84,46,99.59
CELL_42754,Erythrocyte,91.09,7,68.28
CELL_22059,Myocyte,114.88,27,95.4
CELL_11234,Leukocyte,64.32,36,91.88
CELL_88953,Fibroblast,58.98,11,54.51
CELL_85508,Epithelial,24.5,48,63.54
CELL_85894,Leukocyte,57.84,22,68.25
CELL_94351,Fibroblast,56.2,9,79.83
CELL_85023,Leukocyte,86.53,29,88.33
CELL_98787,Myocyte,98.22,13,92.45
CELL_59773,Erythrocyte,70.81,45,95.48
CELL_26097,Epithelial,110.79,31,58.89
CELL_99363,Erythrocyte,83.97,41,91.41
CELL_51579,Neuron,59.27,28,76.42
CELL_95929,Erythrocyte,98.35,29,91.12
CELL_51182,Erythrocyte,52.88,5,98.88
CELL_21259,Neuron,112.29,47,56.82
CELL_25474,Fibroblast,35.32,38,79.87
CELL_24059,Erythrocyte,80.46,25,96.98
CELL_23422,Erythrocyte,70.26,43,59.59
CELL_71306,Myocyte,35.07,7,79.13
CELL_89906,Myocyte,112.75,42,86.28
CELL_61611,Fibroblast,83.19,16,62.34
CELL_76196,Stem Cell,25.22,5,83.45
CELL_33112,Myocyte,109.67,25,88.74
CELL_37686,Erythrocyte,67.04,19,70.71
CELL_37823,Stem Cell,16.21,10,63.04
CELL_69331,Stem Cell,74.74,24,77.15
CELL_89537,Leukocyte,34.12,37,95.67
CELL_27444,Erythrocyte,47.24,15,72.48
CELL_39315,Epithelial,87.58,8,69.28
CELL_89783,Epithelial,115.31,36,73.3
CELL_53004,Stem Cell,6.79,19,81.19
CELL_58518,Epithelial,77.09,29,65.6
CELL_52598,Stem Cell,71.22,37,67.78
CELL_55405,Stem Cell,88.26,31,70.86
CELL_49840,Erythrocyte,117.34,12,60.61
CELL_41587,Leukocyte,101.26,45,80.09
CELL_77390,Neuron,83.33,39,60.93
CELL_88583,Myocyte,18.59,15,50.16
CELL_66264,Stem Cell,78.6,50,64.77
CELL_53644,Erythrocyte,25.5,47,88.03
CELL_14074,Fibroblast,118.41,21,60.42
CELL_40380,Leukocyte,15.99,32,87.96
CELL_24420,Fibroblast,7.62,28,62.29
CELL_75267,Erythrocyte,61.34,45,80.76
CELL_15554,Myocyte,46.38,35,83.99
CELL_36350,Erythrocyte,88.0,11,73.3
CELL_32095,Neuron,65.82,18,85.15
CELL_56988,Erythrocyte,82.59,23,64.52
CELL_56204,Leukocyte,27.45,32,58.61
CELL_18034,Fibroblast,101.21,18,55.88
CELL_88683,Epithelial,39.51,15,56.18
CELL_11078,Leukocyte,35.28,16,72.27
CELL_53438,Leukocyte,95.17,46,81.42
CELL_99361,Epithelial,55.03,35,77.79
CELL_87428,Stem Cell,59.82,19,79.35
CELL_91405,Leukocyte,68.97,31,78.62
CELL_49858,Stem Cell,27.87,24,61.51
CELL_95995,Stem Cell,118.14,22,73.2
CELL_85959,Erythrocyte,101.77,9,89.44
CELL_35067,Leukocyte,42.34,47,65.0
CELL_94379,Erythrocyte,29.0,36,57.47
CELL_90524,Myocyte,55.05,43,62.24
CELL_96071,Stem Cell,46.38,29,94.64
CELL_48078,Leukocyte,24.05,24,55.73
CELL_38572,Leukocyte,119.85,26,77.68
CELL_34028,Fibroblast,19.89,40,70.21
CELL_89358,Neuron,51.99,46,66.32
CELL_28774,Stem Cell,51.75,15,82.82
CELL_94063,Fibroblast,73.82,36,77.54
CELL_45386,Myocyte,42.53,39,98.06
CELL_52459,Leukocyte,104.42,32,57.88
CELL_66365,Leukocyte,79.61,34,72.01
CELL_35418,Fibroblast,113.26,48,93.05
CELL_77690,Epithelial,32.35,47,96.46
CELL_88835,Epithelial,64.81,28,83.39
CELL_76779,Stem Cell,81.2,50,67.84
CELL_68595,Neuron,40.78,14,51.48
CELL_22284,Epithelial,61.47,11,50.23
CELL_51894,Myocyte,113.81,36,59.31
CELL_27306,Neuron,106.52,42,97.75
CELL_37611,Myocyte,100.52,43,51.44
CELL_29207,Myocyte,111.32,23,65.6
CELL_45488,Erythrocyte,83.11,32,98.25
CELL_90899,Stem Cell,113.26,20,87.81
CELL_47199,Stem Cell,22.01,39,99.25
CELL_69502,Neuron,57.72,42,55.57
CELL_39453,Stem Cell,89.25,42,69.45
CELL_85534,Erythrocyte,18.17,43,68.85
CELL_10633,Myocyte,98.21,23,91.86
CELL_96544,Myocyte,47.33,14,71.73
CELL_69297,Stem Cell,76.25,34,77.43
CELL_23413,Fibroblast,84.68,16,78.74
CELL_10370,Stem Cell,119.3,46,84.92
CELL_10031,Fibroblast,116.66,26,65.7
CELL_17123,Fibroblast,7.91,12,76.79
CELL_17203,Myocyte,112.52,41,69.45
CELL_26138,Stem Cell,53.63,16,75.72
CELL_48925,Myocyte,116.44,41,90.53
CELL_70313,Neuron,34.9,7,93.65
CELL_92812,Leukocyte,13.75,21,67.55
CELL_94452,Epithelial,45.08,50,88.09
CELL_43149,Epithelial,110.07,20,76.24
CELL_66685,Fibroblast,34.08,31,58.94
CELL_54064,Epithelial,19.99,49,56.58
CELL_54038,Fibroblast,32.27,25,53.53
CELL_93246,Epithelial,108.54,39,51.01
CELL_61783,Epithelial,72.83,38,60.05
CELL_78846,Epithelial,19.52,44,90.65
CELL_91611,Epithelial,86.72,41,93.8
CELL_18421,Fibroblast,60.18,41,74.89
CELL_11684,Leukocyte,87.66,20,72.87
CELL_74338,Leukocyte,71.36,39,86.76
CELL_65994,Myocyte,5.85,47,63.65
CELL_63132,Fibroblast,39.43,39,68.18
CELL_94182,Fibroblast,30.44,30,60.13
CELL_78026,Erythrocyte,38.26,13,96.49
CELL_57579,Myocyte,73.39,45,55.39
CELL_74727,Epithelial,59.38,19,53.62
CELL_84951,Neuron,18.89,18,58.82
CELL_90047,Leukocyte,38.12,35,83.45
CELL_96142,Leukocyte,47.86,30,76.78
CELL_37403,Fibroblast,64.39,37,55.84
CELL_86477,Leukocyte,57.83,33,96.68
CELL_82034,Leukocyte,48.6,39,82.53
CELL_46774,Stem Cell,54.11,24,69.12
CELL_32809,Erythrocyte,44.78,47,55.46
CELL_35111,Stem Cell,39.29,19,84.99
CELL_65693,Fibroblast,11.74,21,92.68
CELL_63788,Neuron,24.3,11,51.83
CELL_23430,Epithelial,93.67,26,61.87
CELL_43256,Erythrocyte,97.05,8,55.32
CELL_82270,Leukocyte,29.4,28,53.58
CELL_79628,Leukocyte,116.24,13,55.27
CELL_77555,Stem Cell,67.99,47,85.51
CELL_64092,Stem Cell,20.07,33,76.53
CELL_60894,Fibroblast,51.6,28,62.88
CELL_71800,Myocyte,113.99,24,52.09
CELL_97526,Epithelial,37.61,48,50.34
CELL_22674,Stem Cell,39.19,20,75.24
CELL_12255,Leukocyte,108.83,37,58.21
CELL_59375,Epithelial,81.76,6,66.64
CELL_19458,Myocyte,110.76,45,61.36
CELL_14297,Stem Cell,8.77,7,83.48
CELL_58358,Fibroblast,87.21,46,84.57
CELL_43039,Fibroblast,13.91,45,65.29
CELL_84300,Myocyte,69.37,37,81.63
CELL_89392,Stem Cell,80.42,50,77.8
CELL_50437,Epithelial,36.7,40,74.69
CELL_76205,Leukocyte,98.22,6,78.42
CELL_94126,Erythrocyte,103.12,18,52.86
CELL_30728,Neuron,31.73,38,74.76
CELL_15528,Myocyte,71.44,32,64.62
CELL_38842,Stem Cell,40.26,5,58.29
CELL_31117,Neuron,27.51,26,78.21
CELL_60805,Erythrocyte,20.84,15,83.09
CELL_14150,Leukocyte,42.63,34,65.84
CELL_65647,Stem Cell,66.58,37,97.65
CELL_96549,Leukocyte,36.93,47,96.38
CELL_73393,Neuron,34.92,36,66.22
CELL_21503,Erythrocyte,21.56,36,93.96
CELL_26122,Neuron,53.13,50,85.48
CELL_31298,Erythrocyte,56.86,13,91.84
CELL_48913,Fibroblast,80.94,43,86.87
CELL_57390,Neuron,21.88,28,90.92
CELL_52891,Myocyte,69.27,32,61.03
CELL_37137,Erythrocyte,14.55,30,60.47
CELL_41686,Erythrocyte,107.04,9,86.6
CELL_25840,Leukocyte,35.98,49,84.65
CELL_50085,Myocyte,40.29,18,76.38
CELL_34568,Stem Cell,31.0,47,76.7
CELL_88397,Neuron,81.36,44,86.59
CELL_58445,Myocyte,48.82,14,66.07
CELL_24002,Leukocyte,83.6,14,64.82
CELL_19952,Myocyte,48.18,27,71.71
CELL_13068,Erythrocyte,78.7,34,98.82
CELL_24083,Neuron,46.62,40,87.56
CELL_65639,Epithelial,56.24,45,98.23
CELL_91752,Stem Cell,81.85,5,69.79
CELL_61240,Leukocyte,29.36,47,97.85
CELL_21888,Epithelial,83.71,47,68.51
CELL_72391,Fibroblast,64.9,31,83.01
CELL_14798,Stem Cell,43.22,11,60.43
CELL_72137,Fibroblast,76.63,13,75.98
CELL_34483,Erythrocyte,21.23,38,52.08
CELL_39868,Epithelial,39.47,32,89.25
CELL_23229,Fibroblast,71.19,39,95.52
CELL_45157,Myocyte,62.99,18,95.94
CELL_32342,Leukocyte,54.58,22,75.35
CELL_38170,Stem Cell,48.92,49,65.38
CELL_83543,Myocyte,25.97,14,68.66
CELL_30565,Leukocyte,118.28,49,71.5
CELL_62095,Stem Cell,74.78,45,81.38
CELL_36055,Stem Cell,98.27,14,92.48
CELL_80589,Leukocyte,48.22,21,72.76
CELL_73012,Fibroblast,62.61,7,56.68
CELL_95465,Stem Cell,82.63,48,63.02
CELL_44717,Myocyte,49.07,27,94.32
CELL_33872,Myocyte,6.77,29,64.18
CELL_34248,Fibroblast,45.89,36,68.24
CELL_92660,Stem Cell,107.52,20,80.46
CELL_27615,Leukocyte,48.69,20,72.44
CELL_52566,Neuron,92.67,28,73.71
CELL_65295,Epithelial,93.88,13,79.34
CELL_55088,Neuron,42.35,11,69.97
CELL_20359,Fibroblast,112.16,47,62.97
CELL_87869,Leukocyte,41.4,46,98.57
CELL_36224,Neuron,54.19,21,63.67
CELL_91611,Neuron,85.86,14,65.45
CELL_38509,Erythrocyte,96.95,42,81.39
CELL_99286,Erythrocyte,30.13,25,98.35
CELL_32925,Fibroblast,40.66,38,97.92
CELL_91679,Myocyte,65.03,25,95.2
CELL_67223,Leukocyte,62.86,28,74.84
CELL_74289,Epithelial,9.32,33,95.96
CELL_55624,Myocyte,81.75,15,96.64
CELL_95899,Fibroblast,100.45,37,84.91
CELL_72950,Epithelial,14.03,31,70.45
CELL_49595,Myocyte,34.96,11,80.2
CELL_24671,Erythrocyte,80.87,33,93.95
CELL_24927,Stem Cell,25.31,25,76.71
CELL_90039,Fibroblast,104.88,48,63.68
CELL_94017,Stem Cell,55.33,7,82.5
CELL_29610,Epithelial,26.99,45,73.41
CELL_38269,Myocyte,84.42,15,51.75
CELL_24637,Fibroblast,43.88,23,57.36
CELL_42988,Leukocyte,106.36,29,99.07
CELL_45864,Fibroblast,71.37,18,77.75
CELL_40466,Erythrocyte,32.39,30,84.07
CELL_26585,Stem Cell,65.31,33,81.06
CELL_16124,Neuron,60.89,31,80.59
CELL_72535,Leukocyte,42.74,11,95.79
CELL_38498,Stem Cell,16.67,10,59.41
CELL_28219,Myocyte,36.95,29,76.47
CELL_11962,Fibroblast,74.67,14,90.19
CELL_93575,Neuron,74.43,10,58.03
CELL_60249,Erythrocyte,13.51,49,69.74
CELL_33703,Stem Cell,14.37,26,51.27
CELL_81964,Epithelial,57.47,44,75.17
CELL_18594,Stem Cell,119.58,13,60.27
CELL_66842,Erythrocyte,85.28,31,85.01
CELL_62024,Neuron,77.64,36,92.7
CELL_12532,Epithelial,6.22,38,66.13
CELL_32063,Stem Cell,63.31,18,71.73
CELL_52508,Neuron,36.33,40,61.0
CELL_37498,Erythrocyte,69.75,33,98.5
CELL_89639,Erythrocyte,58.86,13,80.34
CELL_77062,Neuron,86.21,47,85.88
CELL_65088,Epithelial,113.89,10,87.42
CELL_44989,Neuron,109.36,18,87.25
CELL_42006,Leukocyte,68.24,19,64.51
CELL_21237,Fibroblast,65.02,8,64.86
CELL_78123,Fibroblast,12.62,19,99.08
CELL_75592,Myocyte,106.84,22,76.99
CELL_52182,Fibroblast,93.27,25,71.17
CELL_22561,Stem Cell,92.41,38,70.41
CELL_48250,Neuron,13.44,11,89.22
CELL_20751,Stem Cell,92.58,6,78.42
CELL_60450,Leukocyte,26.98,29,51.28
CELL_54116,Neuron,105.86,48,68.76
CELL_71259,Epithelial,56.63,12,65.65
CELL_79893,Myocyte,51.3,42,90.23
CELL_45816,Fibroblast,40.98,40,90.79
CELL_42175,Erythrocyte,42.24,24,76.19
CELL_99870,Stem Cell,25.85,43,67.88
CELL_65267,Leukocyte,28.32,24,71.33
CELL_95032,Leukocyte,118.25,7,93.54
CELL_22819,Myocyte,110.88,10,60.59
CELL_75222,Neuron,51.96,25,57.38
CELL_42212,Stem Cell,62.99,41,56.71
CELL_75970,Epithelial,82.96,37,56.74
CELL_37773,Leukocyte,109.47,8,55.16
CELL_66526,Fibroblast,75.32,32,86.22
CELL_75288,Neuron,36.49,26,78.8
CELL_91969,Neuron,87.15,12,70.47
CELL_83770,Epithelial,31.34,14,72.31
CELL_41162,Fibroblast,83.01,9,73.96
CELL_57077,Leukocyte,19.34,28,95.36
CELL_50177,Fibroblast,93.49,36,79.95
CELL_20916,Fibroblast,29.36,42,62.02
CELL_77671,Erythrocyte,99.29,44,68.21
CELL_27666,Stem Cell,94.3,20,66.03
CELL_45511,Stem Cell,51.73,46,86.1
CELL_70514,Epithelial,22.17,49,71.51
CELL_42090,Neuron,17.41,44,56.74
CELL_58199,Fibroblast,42.61,10,72.27
CELL_29277,Leukocyte,80.04,12,80.47
CELL_40848,Myocyte,82.97,45,90.88
CELL_36754,Fibroblast,116.86,29,91.61
CELL_33335,Fibroblast,14.32,36,56.74
CELL_58436,Myocyte,35.0,14,88.83
CELL_31760,Myocyte,20.73,9,61.61
CELL_81636,Neuron,45.39,35,90.89
CELL_33276,Erythrocyte,76.88,28,64.67
CELL_87549,Erythrocyte,65.29,24,76.86
CELL_46874,Epithelial,14.36,24,50.47
CELL_26639,Myocyte,44.23,5,61.66
CELL_37088,Erythrocyte,119.56,48,88.43
CELL_26898,Epithelial,70.62,28,64.51
CELL_14157,Leukocyte,54.64,45,77.72
CELL_77908,Fibroblast,64.27,48,98.11
CELL_15957,Neuron,44.6,47,96.61
CELL_40176,Epithelial,93.59,22,83.7
CELL_45770,Myocyte,70.72,44,96.97
CELL_54486,Neuron,109.19,37,64.57
CELL_91106,Epithelial,80.53,41,96.1
CELL_95882,Fibroblast,38.0,38,85.9
CELL_99543,Fibroblast,15.97,26,51.96
CELL_11582,Fibroblast,111.33,19,70.53
CELL_46320,Myocyte,19.86,14,79.48
CELL_73674,Epithelial,34.86,25,99.68
CELL_44553,Erythrocyte,111.95,29,83.65
CELL_41554,Leukocyte,79.69,22,77.98
CELL_53556,Erythrocyte,112.41,27,50.51
CELL_28591,Myocyte,114.27,24,86.55
CELL_20985,Erythrocyte,44.05,33,61.84
CELL_82570,Myocyte,116.46,37,50.02
CELL_94070,Neuron,100.04,21,51.51
CELL_90863,Myocyte,115.51,13,62.69
CELL_86769,Epithelial,107.86,20,94.73
CELL_74197,Leukocyte,12.5,28,56.65
CELL_46484,Myocyte,22.83,29,54.73
CELL_87188,Fibroblast,72.9,20,91.61
CELL_62359,Neuron,54.38,6,71.15
CELL_62934,Stem Cell,27.84,11,71.34
CELL_39935,Neuron,39.39,12,89.3
CELL_32035,Neuron,26.81,22,92.98
CELL_80727,Erythrocyte,57.6,14,69.87
CELL_28851,Epithelial,119.54,7,93.07
CELL_31951,Myocyte,75.26,37,85.23
CELL_66689,Epithelial,30.14,13,91.27
CELL_25949,Epithelial,62.58,22,57.23
CELL_98804,Fibroblast,26.64,41,69.55
CELL_13679,Myocyte,30.47,21,62.5
CELL_33201,Myocyte,65.79,24,88.4
CELL_69641,Fibroblast,103.47,28,75.72
CELL_98102,Epithelial,10.78,24,73.85
CELL_23703,Stem Cell,17.01,48,83.68
CELL_43161,Epithelial,100.65,39,84.75
CELL_66220,Erythrocyte,39.36,31,69.97
CELL_25297,Fibroblast,75.01,43,95.11
CELL_63344,Myocyte,86.16,7,71.85
CELL_79608,Fibroblast,60.01,27,72.91
CELL_19027,Stem Cell,116.82,30,60.39
CELL_25423,Epithelial,82.09,50,64.41
CELL_26146,Neuron,87.37,21,60.35
CELL_39164,Fibroblast,88.82,49,81.12
CELL_76276,Fibroblast,93.11,7,65.31
CELL_90724,Leukocyte,76.11,40,54.98
CELL_36564,Fibroblast,98.91,19,51.03
CELL_71051,Fibroblast,9.97,5,60.47
CELL_54224,Stem Cell,78.49,26,96.99
CELL_50667,Fibroblast,78.71,43,86.03
CELL_90604,Erythrocyte,74.9,26,74.4
CELL_27149,Stem Cell,25.48,11,60.39
CELL_71444,Leukocyte,112.59,40,95.61
CELL_63609,Myocyte,90.75,14,62.95
CELL_94132,Leukocyte,118.87,12,86.37
CELL_50852,Epithelial,105.0,47,63.86
CELL_48883,Myocyte,19.38,17,78.24
CELL_33296,Neuron,101.41,27,88.92
CELL_48222,Myocyte,8.67,30,94.94
CELL_45853,Epithelial,99.35,30,75.84
CELL_85930,Erythrocyte,14.88,18,57.8
CELL_59936,Neuron,68.39,24,99.41
CELL_61934,Fibroblast,9.17,39,58.15
CELL_77035,Myocyte,62.63,40,53.79
CELL_46262,Stem Cell,71.44,48,90.78
CELL_16266,Epithelial,8.48,6,88.4
CELL_42786,Stem Cell,83.44,42,95.3
CELL_57405,Fibroblast,31.43,45,68.23
CELL_30820,Fibroblast,24.15,26,83.24
CELL_22394,Neuron,62.22,9,80.89
CELL_58724,Fibroblast,40.84,45,58.05
CELL_41805,Myocyte,54.45,6,70.27
CELL_83373,Neuron,18.12,6,75.41
CELL_15879,Epithelial,50.79,26,72.54
CELL_31872,Epithelial,64.12,23,57.66
CELL_53010,Leukocyte,21.58,19,62.8
CELL_53221,Neuron,102.55,43,71.43
CELL_48570,Stem Cell,68.03,28,86.99
CELL_51819,Fibroblast,67.23,50,93.53
CELL_86690,Fibroblast,11.28,25,97.62
CELL_94621,Stem Cell,19.38,41,56.35
CELL_85386,Neuron,40.45,21,51.54
CELL_14258,Myocyte,52.99,16,69.92
CELL_60714,Fibroblast,37.47,37,68.98
CELL_77372,Epithelial,65.03,6,82.18
CELL_11831,Neuron,80.67,14,95.14
CELL_10640,Erythrocyte,74.8,37,57.83
CELL_72905,Epithelial,115.74,44,50.56
CELL_72227,Epithelial,34.21,42,99.15
CELL_92442,Stem Cell,118.7,31,62.33
CELL_40276,Leukocyte,23.52,18,58.89
CELL_19599,Leukocyte,88.3,20,72.83
CELL_98465,Leukocyte,90.14,46,93.3
CELL_81166,Fibroblast,8.82,8,99.8
CELL_44674,Stem Cell,38.14,26,72.49
CELL_55492,Neuron,119.61,38,65.42
CELL_25592,Stem Cell,67.58,11,79.93
CELL_81681,Leukocyte,96.28,23,66.11
CELL_71887,Leukocyte,119.5,24,98.77
CELL_90323,Myocyte,36.17,47,69.0
CELL_12067,Epithelial,78.93,8,98.74
CELL_58270,Epithelial,53.01,14,74.92
CELL_94126,Erythrocyte,90.64,11,91.41
CELL_73194,Leukocyte,14.61,46,99.22
CELL_20635,Erythrocyte,11.45,47,62.46
CELL_94037,Fibroblast,20.87,48,50.71
CELL_70563,Neuron,9.39,7,82.3
CELL_39283,Myocyte,80.25,27,57.0
CELL_87072,Epithelial,47.89,31,54.57
CELL_81563,Leukocyte,68.09,32,59.43
CELL_57943,Neuron,31.72,48,51.83
CELL_74240,Leukocyte,64.18,15,73.63
CELL_36506,Erythrocyte,94.44,46,82.97
CELL_38188,Stem Cell,92.19,21,75.9
CELL_94989,Fibroblast,59.65,48,96.79
CELL_68518,Stem Cell,114.73,41,93.87
CELL_76747,Neuron,112.0,31,96.23
CELL_52268,Neuron,117.27,5,52.6
CELL_95641,Fibroblast,92.39,38,60.23
CELL_33406,Myocyte,11.95,9,74.32
CELL_40995,Leukocyte,61.64,45,76.59
CELL_18487,Epithelial,9.89,42,98.31
CELL_88668,Epithelial,48.1,50,92.98
CELL_37062,Leukocyte,117.51,44,72.93
CELL_74282,Leukocyte,58.28,29,92.81
CELL_38361,Leukocyte,41.39,41,85.6
CELL_46758,Myocyte,79.29,44,82.94
CELL_91966,Neuron,86.97,16,95.36
CELL_21324,Leukocyte,49.77,37,95.82
CELL_22357,Fibroblast,39.01,29,68.56
CELL_99532,Leukocyte,85.93,41,55.92
CELL_12210,Stem Cell,13.81,8,90.13
CELL_55302,Stem Cell,10.7,20,80.67
CELL_21550,Myocyte,17.61,24,64.36
CELL_64228,Myocyte,53.56,13,92.58
CELL_92278,Myocyte,63.23,34,95.16
CELL_21754,Fibroblast,92.89,32,93.37
CELL_19022,Myocyte,108.01,36,68.27
CELL_88514,Leukocyte,118.38,21,82.35
CELL_77001,Leukocyte,14.35,30,65.61
CELL_83743,Fibroblast,65.38,45,70.41
CELL_12054,Myocyte,36.01,18,63.2
CELL_44941,Neuron,41.11,9,63.02
CELL_80559,Myocyte,67.77,47,59.98
CELL_36929,Myocyte,25.08,7,57.76
CELL_18774,Stem Cell,20.48,11,56.76
CELL_37174,Myocyte,108.34,5,93.88
CELL_84916,Leukocyte,80.19,14,52.41
CELL_46625,Epithelial,118.45,46,72.79
CELL_76623,Erythrocyte,40.84,38,50.34
CELL_86749,Erythrocyte,98.24,31,76.94
CELL_91784,Neuron,55.22,35,55.75
CELL_24900,Myocyte,69.76,49,85.75
CELL_50167,Myocyte,79.74,47,71.62
CELL_57572,Epithelial,112.31,23,67.3
CELL_63785,Myocyte,62.59,43,87.45
CELL_55088,Myocyte,45.72,8,55.22
CELL_82908,Myocyte,35.52,47,54.79
CELL_57407,Leukocyte,94.84,18,76.13
CELL_93634,Erythrocyte,41.97,42,79.35
CELL_35982,Erythrocyte,112.98,29,85.57
CELL_46160,Fibroblast,113.4,17,80.74
CELL_10713,Epithelial,28.92,30,66.68
CELL_86461,Myocyte,101.99,27,63.69
CELL_78044,Erythrocyte,80.95,35,70.26
CELL_58943,Stem Cell,95.8,9,76.84
CELL_61514,Fibroblast,114.73,39,81.61
CELL_61359,Erythrocyte,117.03,29,72.68
CELL_43359,Fibroblast,5.91,12,50.59
CELL_13408,Myocyte,45.18,46,90.24
CELL_94059,Leukocyte,58.8,11,97.19
CELL_48129,Myocyte,98.91,5,68.38
CELL_49546,Stem Cell,38.27,38,99.59
CELL_63275,Stem Cell,54.32,10,93.04
CELL_75474,Myocyte,71.51,49,71.56
CELL_21576,Myocyte,62.93,9,94.49
CELL_73559,Myocyte,67.74,14,61.99
CELL_29265,Epithelial,37.47,32,98.31
CELL_57202,Myocyte,23.94,40,97.76
CELL_21705,Erythrocyte,74.07,39,63.93
CELL_34015,Epithelial,28.78,20,75.38
CELL_23324,Erythrocyte,29.81,25,71.33
CELL_32309,Fibroblast,117.38,32,78.67
CELL_14105,Erythrocyte,69.75,39,94.74
CELL_12297,Fibroblast,73.02,26,50.39
CELL_43387,Epithelial,66.42,30,62.48
CELL_10588,Myocyte,40.5,38,68.08
CELL_68527,Leukocyte,31.3,15,75.54
CELL_31581,Leukocyte,118.72,7,68.09
CELL_37115,Stem Cell,34.1,21,59.38
CELL_80883,Erythrocyte,43.86,36,65.99
CELL_46697,Epithelial,113.85,20,53.52
CELL_41066,Stem Cell,84.21,47,98.04
CELL_39264,Erythrocyte,72.3,26,86.59
CELL_32001,Epithelial,69.54,26,90.3
CELL_87357,Neuron,111.14,33,88.1
CELL_40399,Erythrocyte,43.77,39,86.13
CELL_24446,Epithelial,110.96,49,72.16
CELL_52964,Stem Cell,93.64,34,76.38
CELL_67294,Epithelial,53.02,17,74.35
CELL_67207,Neuron,110.85,30,50.28
CELL_69037,Fibroblast,54.39,33,69.82
CELL_78676,Erythrocyte,15.34,30,63.73
CELL_72544,Fibroblast,48.78,41,66.82
CELL_28744,Myocyte,114.23,50,63.56
CELL_85618,Neuron,26.82,8,81.15
CELL_72200,Epithelial,75.32,36,57.97
CELL_10276,Erythrocyte,89.67,20,87.59
CELL_29933,Epithelial,56.08,38,92.1
CELL_42236,Myocyte,17.54,31,97.04
CELL_42492,Epithelial,89.33,15,60.97
CELL_40417,Leukocyte,68.19,10,60.74
CELL_25236,Fibroblast,106.76,32,88.3
CELL_66596,Myocyte,14.61,27,95.05
CELL_66712,Stem Cell,93.69,10,53.27
CELL_33441,Neuron,104.68,9,73.32
CELL_30821,Myocyte,110.87,36,75.77
CELL_55641,Erythrocyte,63.32,44,67.01
CELL_27847,Leukocyte,74.67,5,51.97
CELL_37613,Erythrocyte,47.92,38,66.18
CELL_85903,Leukocyte,105.81,37,77.48
CELL_20543,Stem Cell,96.26,37,68.27
CELL_28047,Fibroblast,30.65,43,90.31
CELL_90991,Neuron,54.16,43,97.97
CELL_20434,Leukocyte,17.47,15,52.13
CELL_54428,Myocyte,50.8,36,57.82
CELL_64516,Fibroblast,107.04,37,75.69
CELL_47073,Epithelial,10.2,16,90.93
CELL_96028,Neuron,13.55,6,88.13
CELL_18518,Myocyte,118.25,34,52.62
CELL_58153,Stem Cell,19.52,15,76.1
CELL_46630,Neuron,68.23,42,52.94
CELL_26844,Stem Cell,100.75,12,90.0
CELL_55973,Neuron,32.08,35,57.89
CELL_50517,Erythrocyte,49.14,16,76.38
CELL_35545,Myocyte,58.82,24,76.6
CELL_46472,Stem Cell,104.47,47,53.67
CELL_41554,Stem Cell,26.67,17,63.24
CELL_43640,Neuron,38.01,30,64.01
CELL_27819,Epithelial,8.34,18,84.92
CELL_76352,Epithelial,115.04,48,72.84
CELL_59609,Epithelial,10.59,8,87.6
CELL_84391,Neuron,29.81,34,90.38
CELL_17055,Myocyte,95.46,7,89.14
CELL_82828,Neuron,118.28,7,93.79
CELL_12821,Erythrocyte,36.08,30,88.75
CELL_29310,Epithelial,27.09,47,84.23
CELL_22533,Myocyte,108.59,34,93.2
CELL_74650,Neuron,21.3,19,67.87
CELL_47592,Stem Cell,95.66,11,57.18
CELL_84678,Fibroblast,61.33,5,77.94
CELL_10915,Stem Cell,21.45,7,61.03
CELL_37055,Erythrocyte,61.2,32,71.84
CELL_26526,Erythrocyte,94.56,50,91.98
CELL_61368,Fibroblast,118.95,26,87.65
CELL_43815,Leukocyte,81.49,6,61.54
CELL_91059,Neuron,6.08,20,52.68
CELL_41504,Myocyte,75.44,8,73.26
CELL_59237,Myocyte,108.88,43,97.74
CELL_56468,Stem Cell,54.53,45,55.79
CELL_43127,Erythrocyte,64.29,40,75.05
CELL_40448,Stem Cell,10.72,7,55.91
CELL_12740,Epithelial,101.55,38,66.75
CELL_72559,Epithelial,17.61,13,71.94
CELL_52856,Epithelial,5.48,38,75.78
CELL_63666,Leukocyte,102.5,34,56.05
CELL_55078,Myocyte,114.79,50,99.81
CELL_41933,Epithelial,12.62,46,72.04
CELL_73796,Fibroblast,99.92,35,97.41
CELL_94927,Neuron,14.14,32,64.84
CELL_31445,Erythrocyte,116.79,7,83.24
CELL_19163,Myocyte,107.98,46,89.66
CELL_67698,Stem Cell,57.9,17,94.31
CELL_57404,Epithelial,36.16,40,53.07
CELL_60752,Erythrocyte,64.4,27,95.11
CELL_94145,Neuron,18.32,30,50.88
CELL_20749,Stem Cell,68.05,42,79.27
CELL_39475,Neuron,63.84,43,71.57
CELL_92817,Leukocyte,102.26,12,53.04
CELL_60656,Epithelial,71.78,42,77.14
CELL_66951,Fibroblast,94.91,25,98.95
CELL_61141,Fibroblast,114.59,35,77.07
CELL_24559,Epithelial,111.13,35,89.58
CELL_38504,Stem Cell,8.16,17,97.5
CELL_83083,Epithelial,100.73,17,61.31
CELL_53791,Epithelial,99.37,27,59.29
CELL_72650,Fibroblast,53.04,7,90.03
CELL_48715,Erythrocyte,48.51,42,62.02
CELL_60951,Epithelial,83.5,13,54.67
CELL_17679,Epithelial,30.14,32,66.12
CELL_12304,Stem Cell,72.07,5,57.4
CELL_41622,Stem Cell,75.26,15,86.96
CELL_74565,Neuron,96.26,40,69.61
CELL_87873,Stem Cell,103.93,13,79.47
CELL_77612,Stem Cell,58.38,12,98.37
CELL_90351,Myocyte,86.06,6,68.64
CELL_89604,Erythrocyte,58.75,12,54.53
CELL_17076,Leukocyte,71.31,9,82.49
CELL_84282,Myocyte,15.63,31,70.45
CELL_50761,Neuron,15.71,35,91.99
CELL_17256,Epithelial,67.16,27,52.43
CELL_87169,Neuron,15.87,25,84.03
CELL_13639,Erythrocyte,93.23,22,85.4
CELL_13174,Epithelial,91.85,17,87.93
CELL_77618,Neuron,55.05,33,79.14
CELL_18146,Neuron,36.27,47,50.74
CELL_53299,Epithelial,30.65,35,61.63
CELL_60099,Leukocyte,74.81,44,79.59
CELL_23433,Myocyte,27.57,29,67.5
CELL_82574,Fibroblast,111.77,20,64.48
CELL_34357,Fibroblast,99.58,13,79.51
CELL_59024,Leukocyte,61.1,36,57.61
CELL_47638,Leukocyte,65.74,50,76.74
CELL_90515,Neuron,104.63,19,70.08
CELL_33765,Myocyte,20.76,12,86.7
CELL_83936,Erythrocyte,105.92,8,50.2
CELL_50218,Fibroblast,81.11,40,79.31
CELL_77483,Epithelial,108.78,24,93.0
CELL_22103,Myocyte,12.3,29,75.97
CELL_23590,Stem Cell,97.42,12,81.38
CELL_41955,Leukocyte,51.79,35,63.35
CELL_41846,Erythrocyte,108.26,43,94.97
CELL_38656,Myocyte,82.54,7,89.81
CELL_50448,Epithelial,118.16,23,69.75
CELL_88163,Epithelial,91.7,38,76.7
CELL_44165,Leukocyte,11.18,27,61.52
CELL_59591,Fibroblast,81.05,34,95.87
CELL_40425,Fibroblast,87.94,7,67.84
CELL_39085,Erythrocyte,55.22,6,55.55
CELL_87750,Epithelial,112.84,48,73.15
CELL_47212,Fibroblast,72.04,24,61.9
CELL_51986,Epithelial,63.08,46,51.89
CELL_67905,Fibroblast,78.05,26,97.18
CELL_43218,Stem Cell,117.24,21,92.92
CELL_52638,Myocyte,33.58,36,67.61
CELL_16757,Myocyte,16.27,12,78.33
CELL_54820,Erythrocyte,101.86,44,62.12
CELL_16836,Fibroblast,50.74,8,74.48
CELL_86685,Leukocyte,5.17,20,79.57
CELL_83758,Fibroblast,69.57,39,66.11
CELL_83859,Leukocyte,108.84,39,94.44
CELL_12944,Epithelial,61.52,21,76.72
CELL_65297,Erythrocyte,67.92,29,75.69
CELL_40843,Leukocyte,95.48,21,60.72
CELL_91200,Epithelial,42.47,17,85.2
CELL_12486,Erythrocyte,39.64,8,67.56
CELL_96831,Stem Cell,101.87,42,53.69
CELL_54391,Fibroblast,82.53,25,94.51
CELL_61818,Neuron,103.74,34,51.93
CELL_77978,Erythrocyte,96.55,15,53.43
CELL_68148,Fibroblast,75.99,42,70.14
CELL_33216,Neuron,81.66,27,80.01
CELL_92864,Myocyte,12.28,42,88.77
CELL_32827,Leukocyte,13.36,12,60.2
CELL_75318,Myocyte,8.33,9,52.08
CELL_70714,Epithelial,86.5,7,57.57
CELL_46668,Epithelial,55.44,7,60.94
CELL_24563,Erythrocyte,84.63,34,60.2
CELL_27432,Epithelial,41.49,15,70.9
CELL_26173,Myocyte,94.64,36,75.03
CELL_78361,Myocyte,39.42,10,66.58
CELL_14351,Neuron,52.85,38,68.68
CELL_88400,Leukocyte,77.37,27,74.94
CELL_24176,Myocyte,87.09,41,65.62
CELL_69666,Fibroblast,58.72,47,83.8
CELL_29457,Epithelial,7.75,49,75.09
CELL_71097,Epithelial,21.31,29,58.85
CELL_50005,Epithelial,116.31,44,95.34
CELL_78591,Epithelial,76.08,14,97.95
CELL_10656,Leukocyte,84.43,50,83.16
CELL_58044,Leukocyte,50.63,25,80.93
CELL_55089,Stem Cell,59.75,36,74.3
CELL_57953,Neuron,74.33,35,60.39
CELL_76439,Myocyte,112.32,30,60.43
CELL_41795,Fibroblast,84.21,15,79.43
CELL_67709,Neuron,115.89,23,58.26
CELL_75107,Stem Cell,17.38,15,80.18
CELL_33178,Neuron,73.66,43,90.37
CELL_27467,Fibroblast,12.29,14,75.35
CELL_12806,Myocyte,85.11,26,68.24
CELL_78773,Fibroblast,118.77,24,68.03
CELL_62318,Fibroblast,108.64,46,78.26
CELL_74084,Fibroblast,20.88,29,79.82
CELL_53777,Myocyte,57.12,12,68.41
CELL_71804,Leukocyte,92.85,22,55.78
CELL_84977,Leukocyte,111.89,22,60.05
CELL_56191,Erythrocyte,106.97,38,74.71
CELL_40796,Stem Cell,105.81,19,94.03
CELL_53190,Stem Cell,59.85,26,77.24
CELL_40775,Leukocyte,30.83,6,77.78
CELL_86740,Fibroblast,84.77,46,90.42
CELL_79477,Stem Cell,54.59,49,61.03
CELL_20750,Neuron,37.01,12,76.58
CELL_66931,Epithelial,45.65,11,97.39
CELL_70830,Neuron,103.97,43,57.37
CELL_61892,Epithelial,90.78,36,83.55
CELL_55119,Epithelial,75.44,33,87.29
CELL_17778,Leukocyte,26.59,17,85.36
CELL_52631,Epithelial,107.9,11,96.99
CELL_53092,Neuron,5.73,19,68.79
CELL_31795,Neuron,101.5,33,76.3
CELL_63408,Myocyte,89.19,20,95.8
CELL_85367,Erythrocyte,78.42,24,53.68
CELL_77936,Myocyte,69.87,26,62.68
CELL_25884,Neuron,111.93,15,67.7
CELL_34512,Erythrocyte,18.02,46,99.99
CELL_63295,Myocyte,7.57,5,84.83
CELL_69748,Neuron,35.77,47,90.23
CELL_63210,Myocyte,100.63,45,55.18
CELL_24450,Leukocyte,9.73,6,76.86
CELL_19538,Myocyte,13.04,35,81.64
CELL_46414,Stem Cell,38.04,33,61.58
CELL_44696,Erythrocyte,68.5,42,51.01
CELL_20007,Epithelial,17.97,45,81.49
CELL_13017,Myocyte,43.82,33,73.83
CELL_64386,Erythrocyte,64.62,44,86.21
CELL_76830,Leukocyte,66.53,21,81.03
CELL_92814,Stem Cell,55.02,30,84.79
CELL_82130,Stem Cell,31.96,8,73.91
CELL_41157,Stem Cell,69.36,39,86.56
CELL_84765,Fibroblast,104.05,44,74.09
CELL_46505,Neuron,32.62,7,80.96
CELL_21112,Myocyte,110.52,14,77.35
CELL_84481,Stem Cell,19.71,40,82.97
CELL_77538,Myocyte,70.67,7,96.12
CELL_39963,Myocyte,86.23,11,55.94
CELL_54143,Stem Cell,82.08,17,74.14
CELL_44509,Fibroblast,62.48,46,53.78
CELL_22979,Leukocyte,54.92,30,70.85
CELL_44335,Neuron,24.25,40,62.26
CELL_44402,Neuron,101.06,46,74.5
CELL_45197,Leukocyte,55.43,47,94.07
CELL_18757,Stem Cell,14.25,30,50.87
CELL_51282,Myocyte,6.88,43,55.34
CELL_37011,Neuron,53.69,19,73.05
CELL_82988,Erythrocyte,28.29,47,71.22
CELL_26936,Stem Cell,90.46,15,68.11
CELL_74339,Fibroblast,55.53,31,72.52
CELL_21273,Fibroblast,78.71,27,73.47
CELL_30182,Fibroblast,45.34,9,78.38
CELL_23994,Erythrocyte,116.54,22,82.24
CELL_41685,Stem Cell,15.36,9,82.37
CELL_44342,Myocyte,40.46,13,50.96
CELL_16943,Erythrocyte,41.33,49,77.79
CELL_23853,Myocyte,99.62,40,67.67
CELL_97447,Fibroblast,87.2,40,66.79
CELL_76806,Stem Cell,8.65,29,57.66
CELL_44364,Fibroblast,32.02,9,59.73
CELL_18587,Fibroblast,12.56,19,90.16
CELL_97090,Neuron,34.42,17,68.57
CELL_12975,Stem Cell,70.53,17,83.79
CELL_67696,Myocyte,102.88,25,98.95
CELL_34079,Fibroblast,85.86,48,55.05
CELL_65434,Neuron,65.28,39,92.45
CELL_36934,Stem Cell,75.9,14,60.52
CELL_16296,Leukocyte,27.5,48,76.79
CELL_48426,Neuron,68.45,45,70.74
CELL_55798,Erythrocyte,81.37,39,74.62
CELL_55844,Myocyte,74.09,6,57.08
CELL_95080,Stem Cell,112.61,42,75.59
CELL_37424,Leukocyte,116.36,26,79.54
CELL_56368,Stem Cell,78.17,39,74.01
CELL_21930,Leukocyte,106.1,23,86.35
CELL_49904,Fibroblast,27.51,5,55.35
CELL_13957,Epithelial,42.57,40,65.9
CELL_64646,Epithelial,33.88,40,88.97
CELL_98530,Fibroblast,16.08,15,62.49
CELL_40554,Fibroblast,27.45,39,62.52
CELL_71793,Stem Cell,63.19,32,50.84
CELL_63187,Neuron,118.43,28,81.92
CELL_37623,Stem Cell,67.95,20,53.78
CELL_51511,Stem Cell,92.47,31,91.78
CELL_56237,Stem Cell,82.39,7,69.71
CELL_30254,Fibroblast,11.23,27,51.36
CELL_99722,Fibroblast,13.33,46,96.65
CELL_89763,Leukocyte,28.07,35,67.72
CELL_34910,Neuron,104.1,28,90.24
CELL_36891,Leukocyte,41.5,39,89.36
CELL_80505,Neuron,69.09,43,56.29
CELL_13341,Leukocyte,72.08,48,78.58
CELL_91669,Myocyte,20.33,35,66.07
CELL_13125,Erythrocyte,42.94,43,50.08
CELL_86124,Myocyte,24.3,42,76.53
CELL_94092,Erythrocyte,77.92,41,51.22
CELL_62242,Fibroblast,24.45,27,82.92
CELL_34529,Neuron,64.41,22,97.91
CELL_49176,Erythrocyte,103.39,37,57.41
CELL_34225,Erythrocyte,77.34,6,52.86
CELL_15968,Fibroblast,73.65,20,62.61
CELL_15246,Fibroblast,81.58,36,65.04
CELL_54090,Epithelial,70.29,12,87.87
CELL_36328,Leukocyte,19.48,31,74.14
CELL_60220,Erythrocyte,41.49,15,52.6
CELL_90777,Stem Cell,34.97,48,70.11
CELL_26033,Fibroblast,12.91,18,50.43
CELL_55255,Erythrocyte,17.29,30,59.9
CELL_80407,Neuron,37.93,29,95.42
CELL_53543,Epithelial,50.99,8,68.19
CELL_98574,Fibroblast,112.57,16,59.42
CELL_97068,Leukocyte,64.73,45,88.23
CELL_62454,Stem Cell,45.41,25,63.28
CELL_18127,Myocyte,76.44,11,58.72
CELL_45695,Epithelial,82.93,21,69.09
CELL_17332,Myocyte,113.92,33,65.32
CELL_97511,Leukocyte,35.0,39,87.49
CELL_54008,Neuron,110.92,16,99.09
CELL_65465,Erythrocyte,93.57,10,62.57
CELL_99757,Myocyte,108.39,36,63.96
CELL_25485,Erythrocyte,113.65,24,52.93
CELL_61410,Epithelial,118.39,10,87.39
CELL_89401,Stem Cell,92.66,9,95.35
CELL_89146,Myocyte,111.34,19,77.16
CELL_98412,Epithelial,35.26,24,68.51
CELL_34142,Myocyte,73.86,27,86.1
CELL_19816,Epithelial,77.78,19,57.52
CELL_95473,Stem Cell,78.42,33,98.22
CELL_15894,Myocyte,86.15,39,81.27
CELL_96446,Stem Cell,86.18,48,92.96
CELL_97635,Myocyte,95.16,36,89.35
CELL_13437,Leukocyte,53.14,46,92.73
CELL_72702,Fibroblast,55.34,45,52.03
CELL_98496,Neuron,79.78,13,73.43
CELL_86796,Erythrocyte,78.85,24,95.07
CELL_28574,Epithelial,12.26,16,78.51
CELL_72817,Neuron,18.0,38,70.44
CELL_32208,Epithelial,80.93,45,76.38
CELL_71398,Fibroblast,7.41,39,67.6
CELL_32042,Myocyte,45.65,22,93.87
CELL_95869,Erythrocyte,48.48,18,97.07
CELL_52889,Stem Cell,11.88,50,64.08
CELL_16656,Epithelial,109.52,46,98.68
CELL_49524,Myocyte,51.28,9,65.48
CELL_60377,Erythrocyte,60.83,29,68.71
CELL_49777,Fibroblast,116.42,36,61.03
CELL_76429,Erythrocyte,101.59,12,85.29
CELL_26563,Epithelial,10.95,29,97.65
CELL_98054,Stem Cell,53.64,44,68.26
CELL_74463,Fibroblast,5.19,30,54.64
CELL_50924,Epithelial,94.9,30,89.46
CELL_19789,Myocyte,119.75,18,60.75
CELL_32703,Neuron,61.53,42,64.98
CELL_22026,Fibroblast,29.35,49,92.05
CELL_96600,Erythrocyte,11.52,13,79.77
CELL_78057,Erythrocyte,49.83,12,51.3
CELL_39184,Neuron,102.66,5,74.27
CELL_82515,Fibroblast,30.65,46,63.49
CELL_28120,Stem Cell,43.3,27,50.15
CELL_35529,Neuron,61.6,50,76.93
CELL_72655,Neuron,90.68,9,61.87
CELL_72861,Myocyte,117.44,6,80.56
CELL_69677,Stem Cell,101.3,36,75.93
CELL_63671,Myocyte,82.56,34,52.68
CELL_32571,Myocyte,66.56,50,85.11
CELL_22643,Epithelial,114.2,7,79.67
CELL_20618,Stem Cell,41.79,9,77.63
CELL_80070,Myocyte,38.09,49,92.35
CELL_78539,Fibroblast,80.68,30,69.49
CELL_75278,Myocyte,33.48,37,68.78
CELL_91118,Erythrocyte,42.11,32,96.48
CELL_80323,Epithelial,115.02,32,90.43
CELL_74731,Epithelial,74.81,18,50.36
CELL_41969,Neuron,84.94,31,73.13
CELL_91695,Fibroblast,66.66,41,81.63
CELL_30745,Fibroblast,113.88,16,75.87
CELL_67445,Myocyte,101.4,35,68.48
CELL_34641,Fibroblast,95.26,16,50.26
CELL_70742,Epithelial,67.82,34,62.92
CELL_83488,Erythrocyte,79.15,38,92.68
CELL_14817,Erythrocyte,113.4,44,73.45
CELL_90583,Myocyte,23.02,20,67.75
CELL_54758,Myocyte,67.44,17,50.21
CELL_17871,Stem Cell,82.5,34,79.09
CELL_40917,Erythrocyte,25.5,10,64.09
CELL_92088,Leukocyte,72.17,50,86.97
CELL_29273,Stem Cell,30.15,50,71.06
CELL_96316,Leukocyte,62.29,14,77.23
CELL_12235,Myocyte,50.2,7,76.57
CELL_56248,Neuron,61.04,37,61.22
CELL_61788,Epithelial,23.91,21,77.5
CELL_84884,Leukocyte,66.38,14,82.11
CELL_70019,Stem Cell,64.37,49,67.07
CELL_40623,Epithelial,43.96,22,61.26
CELL_44721,Erythrocyte,15.92,28,96.58
CELL_63418,Leukocyte,39.26,27,97.21
CELL_56556,Fibroblast,40.71,8,92.17
CELL_96128,Leukocyte,87.69,24,59.21
CELL_75314,Epithelial,28.2,46,97.4
CELL_76858,Leukocyte,32.21,28,87.57
CELL_73522,Myocyte,8.37,44,66.39
CELL_43721,Stem Cell,78.97,22,71.02
CELL_67787,Epithelial,119.66,21,90.21
CELL_80614,Erythrocyte,49.65,8,58.72
CELL_17565,Neuron,14.54,21,74.39
CELL_71334,Neuron,118.56,20,90.0
CELL_27616,Stem Cell,9.17,35,55.81
CELL_66583,Myocyte,36.52,22,81.83
CELL_39557,Stem Cell,21.71,18,52.58
CELL_31309,Fibroblast,63.91,44,66.53
CELL_65113,Neuron,56.51,29,73.96
CELL_38222,Myocyte,54.28,28,69.72
CELL_27405,Fibroblast,83.71,5,94.96
CELL_81328,Epithelial,49.13,25,63.03
CELL_25412,Erythrocyte,64.29,45,74.07
CELL_91694,Stem Cell,48.39,38,59.67
CELL_25529,Leukocyte,37.88,23,88.27
CELL_33148,Leukocyte,18.19,11,92.34
CELL_29909,Stem Cell,41.15,14,97.98
CELL_79501,Stem Cell,31.39,27,89.7
CELL_42373,Stem Cell,54.09,15,77.57
CELL_87698,Fibroblast,68.66,13,58.74
CELL_87520,Fibroblast,105.89,50,75.95
CELL_59878,Stem Cell,22.44,19,75.06
CELL_94637,Erythrocyte,77.97,5,76.26
CELL_95813,Fibroblast,116.49,18,85.37
CELL_40505,Neuron,115.51,25,64.97
CELL_87617,Leukocyte,16.81,29,73.23
CELL_30529,Neuron,63.6,5,56.39
CELL_42052,Stem Cell,58.07,47,96.96
CELL_36809,Stem Cell,91.64,5,92.94
CELL_15176,Stem Cell,34.89,21,53.65
CELL_95798,Leukocyte,43.4,31,75.16
CELL_46617,Erythrocyte,89.6,26,69.75
CELL_63767,Erythrocyte,19.66,29,56.74
CELL_45128,Epithelial,18.6,40,73.68
CELL_59186,Fibroblast,73.69,5,74.4
CELL_33368,Leukocyte,110.84,42,87.13
CELL_69682,Stem Cell,12.47,43,53.4
CELL_40372,Leukocyte,64.23,23,69.93
CELL_26911,Erythrocyte,59.84,33,92.2
CELL_64992,Epithelial,41.3,14,82.44
CELL_21570,Stem Cell,111.28,34,53.58
CELL_13780,Stem Cell,117.79,41,77.64
CELL_43702,Fibroblast,14.32,33,56.06
CELL_17991,Stem Cell,97.91,34,68.21
CELL_55362,Epithelial,47.28,28,95.02
CELL_25557,Epithelial,46.31,15,54.93
CELL_28882,Leukocyte,61.32,5,70.92
CELL_88953,Leukocyte,47.87,7,86.28
CELL_15976,Fibroblast,27.39,32,95.02
CELL_84422,Epithelial,15.71,6,63.59
CELL_61531,Epithelial,16.49,17,52.81
CELL_49035,Fibroblast,99.43,34,61.56
CELL_43626,Erythrocyte,58.37,30,70.27
CELL_33004,Myocyte,92.07,41,72.69
CELL_52517,Stem Cell,110.51,18,86.59
CELL_86374,Neuron,47.37,8,84.24
CELL_59386,Erythrocyte,58.83,31,87.7
CELL_86549,Fibroblast,20.55,17,75.2
CELL_55548,Neuron,88.98,25,95.73
CELL_51984,Fibroblast,43.5,37,66.63
CELL_72641,Myocyte,68.28,5,64.57
CELL_13958,Myocyte,59.49,29,78.69
CELL_26055,Fibroblast,11.63,44,79.48
CELL_79801,Neuron,35.47,35,97.86
CELL_89884,Fibroblast,18.17,21,91.27
CELL_59611,Leukocyte,47.14,48,92.91
CELL_63957,Erythrocyte,119.91,30,87.74
CELL_54864,Epithelial,41.54,15,60.22
CELL_65623,Neuron,87.9,38,58.86
CELL_57837,Stem Cell,111.92,41,98.02
CELL_43464,Epithelial,42.35,39,96.14
CELL_80991,Fibroblast,76.93,17,90.2
CELL_15093,Neuron,68.97,49,79.69
CELL_38283,Leukocyte,92.66,22,88.22
CELL_69112,Fibroblast,16.24,26,78.91
CELL_29579,Epithelial,104.41,38,68.09
CELL_79429,Fibroblast,49.33,17,82.76
CELL_37160,Myocyte,93.22,31,91.43
CELL_10041,Fibroblast,68.91,44,66.77
CELL_77893,Leukocyte,103.37,46,94.66
CELL_20535,Fibroblast,100.34,12,79.28
CELL_84294,Leukocyte,24.66,20,93.4
CELL_10877,Neuron,93.41,13,60.16
CELL_36310,Fibroblast,72.78,43,79.51
CELL_18006,Leukocyte,112.62,10,70.11
CELL_96865,Myocyte,34.72,30,83.31
CELL_73901,Stem Cell,87.11,15,59.58
CELL_35389,Leukocyte,101.59,16,73.05
CELL_48546,Erythrocyte,100.11,39,80.88
CELL_98662,Epithelial,22.54,43,67.84
CELL_88430,Stem Cell,60.7,27,89.17
CELL_70701,Neuron,53.57,23,75.01
CELL_26378,Fibroblast,111.54,6,98.52
CELL_96629,Leukocyte,77.94,39,63.41
CELL_27416,Neuron,13.51,27,83.08
CELL_76579,Epithelial,50.78,30,90.98
CELL_17245,Myocyte,39.55,15,63.03
CELL_55724,Neuron,11.49,33,50.36
CELL_12635,Stem Cell,12.34,39,52.52
CELL_73678,Stem Cell,54.02,8,88.82
CELL_43466,Myocyte,102.95,19,70.03
CELL_74866,Erythrocyte,11.56,17,84.09
CELL_93881,Erythrocyte,119.62,20,60.22
CELL_89198,Stem Cell,32.23,5,50.31
CELL_21266,Stem Cell,93.15,49,70.62
CELL_27979,Leukocyte,36.51,46,50.41
CELL_48622,Neuron,95.28,25,67.53
CELL_74016,Epithelial,33.87,27,52.61
CELL_39391,Myocyte,71.51,5,76.34
CELL_75194,Leukocyte,53.25,28,99.55
CELL_27411,Leukocyte,14.94,50,56.29
CELL_22110,Neuron,107.01,42,60.45
CELL_65959,Erythrocyte,9.2,43,61.04
CELL_67505,Erythrocyte,7.63,23,91.2
CELL_97319,Epithelial,32.36,48,76.04
CELL_49964,Leukocyte,42.51,29,82.46
CELL_47782,Myocyte,93.85,39,86.66
CELL_14714,Myocyte,14.43,26,67.6
CELL_52561,Epithelial,97.09,19,80.91
CELL_78964,Leukocyte,30.51,28,79.4
CELL_95598,Erythrocyte,37.89,44,99.6
CELL_98259,Leukocyte,57.47,49,51.0
CELL_49510,Stem Cell,10.15,42,73.57
CELL_32472,Fibroblast,29.81,27,72.44
CELL_18633,Stem Cell,65.6,8,79.1
CELL_50251,Fibroblast,115.12,42,95.52
CELL_90106,Leukocyte,98.11,26,82.85
CELL_75371,Leukocyte,19.76,32,63.6
CELL_32274,Fibroblast,66.52,43,86.49
CELL_43584,Erythrocyte,108.04,42,54.48
CELL_34910,Fibroblast,78.77,45,78.99
CELL_42383,Leukocyte,23.15,22,92.9
CELL_47575,Fibroblast,108.76,33,67.03
CELL_22213,Epithelial,80.31,33,93.39
CELL_87012,Epithelial,50.39,43,81.31
CELL_31965,Stem Cell,79.91,13,54.52
CELL_42504,Neuron,118.41,37,87.1
CELL_22203,Neuron,118.92,23,93.7
CELL_59320,Erythrocyte,18.48,13,68.14
CELL_77647,Epithelial,89.12,6,75.63
CELL_10656,Erythrocyte,92.69,14,85.23
CELL_98916,Epithelial,15.35,24,86.43
CELL_41580,Leukocyte,98.3,27,58.28
CELL_62137,Epithelial,77.09,42,53.25
CELL_85049,Leukocyte,43.12,7,64.63
CELL_70343,Leukocyte,81.75,9,69.16
CELL_40417,Myocyte,52.58,16,69.72
CELL_58310,Myocyte,110.08,19,60.54
CELL_24678,Erythrocyte,33.79,22,89.8
CELL_12255,Fibroblast,82.5,11,50.01
CELL_60440,Neuron,13.26,14,84.04
CELL_49971,Neuron,113.76,22,69.45
CELL_96889,Leukocyte,38.21,14,76.84
CELL_91369,Epithelial,95.35,7,65.54
CELL_60115,Stem Cell,71.25,46,78.84
CELL_10608,Fibroblast,89.25,35,68.61
CELL_31735,Epithelial,88.0,43,59.19
CELL_32424,Erythrocyte,98.46,8,86.71
CELL_39974,Stem Cell,97.36,50,57.39
CELL_76028,Erythrocyte,108.52,23,55.17
CELL_71492,Fibroblast,39.28,10,84.6
CELL_55910,Fibroblast,38.96,10,81.4
CELL_14948,Neuron,107.85,42,61.77
CELL_89615,Fibroblast,10.72,30,67.01
CELL_66903,Stem Cell,18.96,29,96.9
CELL_60000,Myocyte,109.3,6,85.31
CELL_88197,Fibroblast,22.52,48,64.73
CELL_61856,Fibroblast,76.08,23,93.5
CELL_29414,Fibroblast,52.68,5,60.38
CELL_26813,Erythrocyte,88.52,30,87.79
CELL_86985,Fibroblast,34.02,13,66.83
CELL_55605,Fibroblast,7.98,10,62.53
CELL_55526,Stem Cell,106.36,30,66.06
CELL_47846,Fibroblast,62.52,13,57.89
CELL_33345,Leukocyte,17.4,20,66.35
CELL_68749,Epithelial,63.21,18,91.91
CELL_48282,Erythrocyte,100.52,18,79.35
CELL_70471,Neuron,56.49,23,91.53
CELL_17240,Fibroblast,87.17,49,60.33
CELL_46599,Epithelial,47.08,15,58.76
CELL_91711,Fibroblast,28.46,11,98.17
CELL_82069,Stem Cell,102.2,30,61.0
CELL_84132,Fibroblast,113.3,20,88.28
CELL_37802,Myocyte,104.36,50,59.37
CELL_36199,Myocyte,85.09,42,89.49
CELL_86308,Neuron,108.97,19,71.85
CELL_34561,Neuron,51.34,44,74.84
CELL_33264,Epithelial,6.19,9,99.78
CELL_45556,Erythrocyte,44.93,43,67.04
CELL_29766,Myocyte,115.9,36,66.9
CELL_38921,Fibroblast,103.78,47,71.54
CELL_27716,Leukocyte,40.31,44,78.18
CELL_99360,Leukocyte,63.85,6,75.66
CELL_48599,Leukocyte,6.49,31,59.07
CELL_18799,Neuron,46.18,47,54.89
CELL_72301,Epithelial,79.5,34,82.42
CELL_21451,Epithelial,42.5,46,78.47
CELL_79962,Myocyte,28.82,42,58.89
CELL_31061,Fibroblast,84.03,39,67.03
CELL_58927,Epithelial,53.31,45,73.34
CELL_38681,Leukocyte,80.97,42,75.9
CELL_62902,Fibroblast,85.41,13,89.59
CELL_60498,Myocyte,7.6,36,68.57
CELL_56719,Stem Cell,102.67,22,62.05
CELL_66290,Stem Cell,111.82,39,67.45
CELL_46247,Neuron,73.93,12,79.13
CELL_89091,Epithelial,64.77,17,80.7
CELL_73712,Epithelial,31.09,23,73.78
CELL_59477,Neuron,30.03,13,96.05
CELL_21640,Fibroblast,12.92,37,72.11
CELL_13515,Neuron,73.17,46,68.27
CELL_87966,Myocyte,63.88,18,96.74
CELL_15642,Fibroblast,78.9,39,75.27
CELL_33760,Stem Cell,38.68,50,92.54
CELL_49543,Leukocyte,78.74,50,72.6
CELL_71999,Erythrocyte,89.19,5,87.8
CELL_39986,Leukocyte,71.88,45,93.54
CELL_54836,Fibroblast,86.39,7,92.31
CELL_45078,Leukocyte,11.59,35,66.12
CELL_27892,Neuron,54.31,19,51.78
CELL_48305,Stem Cell,62.28,19,73.09
CELL_80739,Epithelial,56.83,30,88.9
CELL_86327,Erythrocyte,75.93,34,94.13
CELL_60721,Erythrocyte,106.93,50,51.89
CELL_56452,Leukocyte,110.68,21,66.66
CELL_53824,Myocyte,44.5,43,56.99
CELL_22382,Stem Cell,89.91,40,88.61
CELL_21470,Erythrocyte,42.4,30,67.46
CELL_72159,Myocyte,51.06,30,73.99
CELL_44137,Neuron,89.6,24,67.15
CELL_90532,Epithelial,7.81,38,89.31
CELL_69463,Stem Cell,94.84,15,66.46
CELL_20627,Erythrocyte,53.83,42,85.26
CELL_98859,Epithelial,66.22,20,73.35
CELL_82362,Fibroblast,105.95,33,54.99
CELL_67689,Epithelial,39.46,5,53.73
CELL_63389,Myocyte,75.19,13,64.85
CELL_55958,Neuron,56.53,31,93.81
CELL_54108,Erythrocyte,29.35,48,76.56
CELL_63003,Epithelial,27.69,40,77.06
CELL_36664,Erythrocyte,54.51,6,82.81
CELL_25968,Myocyte,51.4,23,59.6
CELL_48770,Myocyte,12.97,15,74.82
CELL_92508,Stem Cell,5.21,48,51.96
CELL_91010,Epithelial,6.42,11,68.68
CELL_77791,Neuron,100.34,5,92.83
CELL_98649,Leukocyte,14.94,22,61.67
CELL_60936,Erythrocyte,25.17,24,53.85
CELL_19245,Neuron,43.16,14,50.63
CELL_59248,Leukocyte,89.91,45,52.48
CELL_52883,Stem Cell,39.83,25,70.63
CELL_12145,Epithelial,69.62,48,55.01
CELL_84034,Myocyte,104.27,18,75.56
CELL_32237,Epithelial,12.24,26,97.69
CELL_67271,Leukocyte,51.24,23,86.01
CELL_70706,Myocyte,76.85,34,85.64
CELL_45291,Stem Cell,67.51,44,75.38
CELL_25458,Neuron,36.56,19,86.85
CELL_58701,Fibroblast,102.75,33,89.82
CELL_22993,Neuron,32.08,38,53.26
CELL_34887,Leukocyte,90.65,35,80.58
CELL_51090,Erythrocyte,105.73,14,63.94
CELL_13429,Leukocyte,8.95,14,51.6
CELL_81851,Erythrocyte,18.34,16,54.35
CELL_26412,Erythrocyte,93.09,50,58.29
CELL_69079,Fibroblast,87.65,32,71.94
CELL_34928,Neuron,45.49,28,55.32
CELL_80713,Epithelial,108.6,6,95.12
CELL_14336,Erythrocyte,116.66,26,95.61
CELL_16554,Epithelial,102.23,43,62.13
CELL_13691,Leukocyte,13.71,36,89.27
CELL_40860,Neuron,87.66,20,53.79
CELL_14841,Leukocyte,113.26,35,59.83
CELL_79116,Erythrocyte,89.33,21,74.75
CELL_29136,Leukocyte,96.98,14,91.45
CELL_38691,Leukocyte,117.55,28,57.81
CELL_22994,Fibroblast,58.26,50,69.95
CELL_19478,Epithelial,19.09,12,62.76
CELL_18431,Neuron,81.38,24,52.2
CELL_28268,Epithelial,30.77,30,73.39
CELL_80553,Leukocyte,80.29,26,82.56
CELL_99947,Leukocyte,42.31,9,96.85
CELL_57271,Erythrocyte,74.83,15,98.44
CELL_74800,Epithelial,32.04,15,83.7
CELL_60938,Stem Cell,50.33,41,67.55
CELL_14651,Epithelial,55.58,31,78.68
CELL_51081,Leukocyte,88.03,22,76.44
CELL_51862,Myocyte,20.95,5,85.52
CELL_19503,Stem Cell,86.23,42,72.23
CELL_81881,Stem Cell,18.79,32,86.83
CELL_89297,Fibroblast,97.26,39,70.85
CELL_88449,Epithelial,20.93,24,90.82
CELL_57317,Neuron,32.42,40,96.91
CELL_21439,Myocyte,74.56,24,80.56
CELL_17221,Leukocyte,82.8,35,63.94
CELL_75608,Leukocyte,78.88,47,76.66
CELL_55149,Epithelial,52.09,38,75.25
CELL_52587,Stem Cell,74.72,47,63.03
CELL_30578,Stem Cell,28.7,27,64.71
CELL_46003,Erythrocyte,68.62,18,87.13
CELL_49849,Leukocyte,77.2,40,82.6
CELL_84320,Neuron,35.75,28,89.41
CELL_58472,Fibroblast,7.71,38,63.85
CELL_17696,Erythrocyte,77.49,33,67.21
CELL_24697,Epithelial,114.12,50,98.71
CELL_37881,Myocyte,78.9,10,95.28
CELL_46915,Myocyte,6.05,40,96.93
CELL_73610,Myocyte,83.82,21,65.44
CELL_94304,Myocyte,62.09,42,90.59
CELL_71088,Leukocyte,81.35,31,82.91
CELL_43978,Fibroblast,31.73,48,99.16
CELL_33476,Leukocyte,105.3,8,65.3
CELL_46621,Leukocyte,97.67,15,98.31
CELL_87484,Leukocyte,119.31,5,57.21
CELL_94050,Stem Cell,72.24,39,91.94
CELL_63214,Epithelial,14.12,12,73.95
CELL_63071,Erythrocyte,94.74,12,70.06
CELL_82248,Leukocyte,57.37,37,81.92
CELL_95248,Erythrocyte,64.47,9,94.32
CELL_49586,Fibroblast,116.27,47,54.43
CELL_60949,Neuron,66.98,37,96.22
CELL_85194,Neuron,58.21,40,64.18
CELL_92915,Myocyte,41.55,14,58.09
CELL_24835,Erythrocyte,57.24,42,94.66
CELL_84576,Stem Cell,87.74,23,69.8
CELL_13566,Erythrocyte,119.06,17,71.38
CELL_42022,Neuron,117.04,22,55.16
CELL_72065,Fibroblast,21.47,12,62.66
CELL_76117,Neuron,105.35,17,78.05
CELL_94376,Myocyte,111.62,42,70.51
CELL_86011,Myocyte,78.66,6,70.17
CELL_77329,Leukocyte,107.49,31,50.81
CELL_81531,Stem Cell,22.66,41,79.27
