cell_id,cell_type,diameter_um,organelle_count,viability_pct
CELL_53094,Epithelial,90.81,29,98.76
CELL_80435,Leukocyte,89.14,50,70.29
CELL_47474,Stem Cell,100.71,39,80.01
CELL_37182,Stem Cell,98.36,45,82.69
CELL_23384,Erythrocyte,34.16,17,57.85
CELL_20876,Neuron,74.98,33,56.24
CELL_95847,Leukocyte,78.42,17,91.51
CELL_69383,Leukocyte,23.54,23,59.61
CELL_84474,Epithelial,6.95,12,80.17
CELL_28135,Myocyte,100.08,46,81.42
CELL_65730,Stem Cell,46.12,24,68.46
CELL_38652,Erythrocyte,73.16,34,53.32
CELL_88223,Stem Cell,54.67,13,67.05
CELL_88458,Epithelial,6.89,43,85.72
CELL_65315,Myocyte,5.25,18,97.49
CELL_15826,Erythrocyte,72.25,47,69.11
CELL_36988,Erythrocyte,18.09,29,73.14
CELL_75878,Stem Cell,100.53,18,82.89
CELL_30659,Erythrocyte,55.35,28,93.95
CELL_10107,Fibroblast,97.75,19,97.9
CELL_57746,Neuron,58.29,21,91.42
CELL_73046,Fibroblast,24.49,33,52.34
CELL_69453,Neuron,37.17,23,51.34
CELL_75395,Neuron,23.66,35,96.74
CELL_79650,Fibroblast,19.71,12,99.05
CELL_58069,Erythrocyte,66.87,7,88.2
CELL_96315,Myocyte,57.02,43,60.54
CELL_50653,Fibroblast,91.26,28,77.46
CELL_52912,Leukocyte,18.66,13,97.74
CELL_14417,Neuron,35.61,29,74.81
CELL_16231,Stem Cell,49.56,9,92.69
CELL_21424,Epithelial,75.48,20,93.44
CELL_63830,Epithelial,117.09,42,58.57
CELL_71099,Fibroblast,78.33,46,50.0
CELL_74288,Neuron,34.76,36,69.31
CELL_42529,Fibroblast,21.0,33,84.39
CELL_36717,Fibroblast,42.37,14,82.18
CELL_55472,Fibroblast,25.09,36,99.99
CELL_99155,Erythrocyte,43.02,13,79.47
CELL_77515,Stem Cell,118.86,11,69.94
CELL_70023,Neuron,90.32,11,76.76
CELL_48217,Neuron,43.98,24,59.63
CELL_40758,Erythrocyte,11.86,24,80.96
CELL_86797,Fibroblast,59.19,32,65.21
CELL_78812,Epithelial,112.43,21,68.11
CELL_47860,Stem Cell,59.7,42,80.26
CELL_57315,Erythrocyte,109.17,16,56.15
CELL_41807,Erythrocyte,108.88,28,70.02
CELL_19746,Stem Cell,10.12,47,54.99
CELL_46390,Neuron,81.72,42,53.15
CELL_62673,Neuron,98.59,33,52.88
CELL_79907,Stem Cell,83.55,25,95.5
CELL_18034,Leukocyte,107.85,20,76.01
CELL_52426,Leukocyte,85.8,48,79.29
CELL_70396,Leukocyte,100.78,12,60.59
CELL_63910,Leukocyte,12.91,35,75.91
CELL_33334,Fibroblast,79.92,38,92.75
CELL_15719,Fibroblast,39.41,34,54.95
CELL_91395,Erythrocyte,53.23,23,65.32
CELL_62909,Leukocyte,74.21,42,55.04
CELL_67689,Erythrocyte,56.89,33,64.47
CELL_90169,Myocyte,105.5,5,50.42
CELL_58641,Fibroblast,91.53,45,54.39
CELL_72826,Fibroblast,12.26,42,98.25
CELL_53207,Stem Cell,45.46,13,50.67
CELL_52346,Neuron,101.32,31,67.26
CELL_23532,Neuron,59.53,30,56.11
CELL_58939,Epithelial,88.94,12,53.89
CELL_88110,Epithelial,26.33,25,57.45
CELL_55199,Myocyte,32.25,29,80.38
CELL_87582,Myocyte,80.16,26,81.38
CELL_69555,Stem Cell,15.63,38,84.68
CELL_40168,Myocyte,36.28,43,69.47
CELL_14354,Myocyte,104.71,7,57.95
CELL_52355,Leukocyte,36.82,34,87.68
CELL_73438,Myocyte,117.8,46,96.35
CELL_26130,Epithelial,71.08,46,64.51
CELL_97165,Leukocyte,86.46,16,69.15
CELL_91352,Leukocyte,56.89,31,91.68
CELL_46517,Erythrocyte,37.12,16,87.07
CELL_66645,Erythrocyte,5.69,36,59.73
CELL_14728,Erythrocyte,81.06,10,81.02
CELL_23920,Neuron,18.83,6,89.21
CELL_36090,Neuron,96.63,45,50.33
CELL_60833,Erythrocyte,108.24,22,58.08
CELL_89505,Erythrocyte,89.28,12,52.01
CELL_58394,Leukocyte,16.8,10,93.27
CELL_71910,Fibroblast,98.78,16,95.79
CELL_46943,Fibroblast,49.0,22,53.88
CELL_30180,Neuron,32.68,43,91.04
CELL_56645,Erythrocyte,100.61,17,79.19
CELL_95197,Epithelial,67.1,15,65.11
CELL_76410,Neuron,24.16,9,85.95
CELL_33969,Epithelial,58.9,50,80.54
CELL_81489,Neuron,18.96,45,55.09
CELL_41807,Myocyte,5.49,47,74.6
CELL_73244,Epithelial,9.2,22,84.5
CELL_38436,Epithelial,51.44,31,71.24
CELL_76133,Neuron,34.24,48,67.49
CELL_22220,Neuron,70.98,40,58.33
CELL_54063,Erythrocyte,78.24,29,95.04
CELL_84893,Epithelial,78.33,8,95.41
CELL_37928,Myocyte,10.42,6,80.6
CELL_29304,Leukocyte,87.11,42,65.86
CELL_85490,Erythrocyte,117.59,6,60.84
CELL_67177,Epithelial,18.58,50,62.81
CELL_37828,Neuron,81.56,12,82.97
CELL_25955,Neuron,91.22,20,51.34
CELL_96312,Epithelial,74.27,26,54.72
CELL_74158,Leukocyte,96.41,17,59.9
CELL_77607,Epithelial,16.88,7,76.7
CELL_60390,Erythrocyte,17.83,31,83.4
CELL_10001,Erythrocyte,18.96,29,86.48
CELL_19106,Myocyte,85.72,26,72.61
CELL_86842,Neuron,77.09,50,78.97
CELL_99395,Leukocyte,88.87,19,55.88
CELL_32422,Stem Cell,88.43,24,78.96
CELL_47189,Leukocyte,11.95,29,77.66
CELL_49307,Leukocyte,100.86,16,75.21
CELL_34639,Fibroblast,72.82,29,85.67
CELL_34283,Leukocyte,14.58,47,87.81
CELL_87496,Stem Cell,114.57,5,77.85
CELL_88326,Neuron,119.18,6,88.93
CELL_16114,Leukocyte,7.33,23,90.12
CELL_79373,Erythrocyte,23.89,30,59.87
CELL_57445,Epithelial,12.75,34,71.81
CELL_92737,Stem Cell,109.59,36,62.98
CELL_61146,Leukocyte,82.12,19,97.16
CELL_66054,Fibroblast,9.29,37,50.26
CELL_17784,Leukocyte,7.68,30,85.43
CELL_57155,Epithelial,66.3,41,73.39
CELL_86616,Myocyte,47.87,47,95.85
CELL_78335,Neuron,47.12,23,51.81
CELL_74993,Neuron,73.43,8,64.54
CELL_39163,Stem Cell,80.98,44,79.47
CELL_70192,Erythrocyte,77.79,22,89.12
CELL_92069,Fibroblast,81.09,17,53.41
CELL_25818,Myocyte,89.41,8,76.39
CELL_48686,Fibroblast,95.94,28,82.61
CELL_98394,Stem Cell,12.01,5,66.74
CELL_19714,Stem Cell,90.99,30,94.82
CELL_65262,Stem Cell,49.41,42,70.74
CELL_16469,Fibroblast,103.31,24,84.71
CELL_96437,Neuron,113.29,7,63.78
CELL_84348,Leukocyte,114.46,12,70.32
CELL_55155,Leukocyte,33.4,20,88.41
CELL_31419,Epithelial,26.17,17,59.8
CELL_22238,Leukocyte,66.49,12,83.07
CELL_16253,Stem Cell,13.17,21,75.43
CELL_63524,Epithelial,116.5,24,82.93
CELL_31788,Leukocyte,10.12,31,83.7
CELL_20229,Fibroblast,110.72,14,53.8
CELL_80049,Epithelial,74.44,43,62.88
CELL_52159,Stem Cell,20.44,35,72.51
CELL_54902,Epithelial,6.04,39,87.22
CELL_73630,Fibroblast,39.82,13,50.96
CELL_44768,Fibroblast,35.61,41,69.06
CELL_26009,Fibroblast,15.79,47,55.9
CELL_19570,Stem Cell,26.1,32,68.36
CELL_62464,Leukocyte,67.65,9,54.63
CELL_50556,Stem Cell,22.65,31,82.72
CELL_44049,Neuron,10.15,13,83.51
CELL_55429,Fibroblast,48.28,12,73.11
CELL_14438,Stem Cell,96.11,39,69.04
CELL_35508,Erythrocyte,5.8,29,64.72
CELL_66341,Stem Cell,61.84,32,85.81
CELL_15768,Stem Cell,54.79,46,65.45
CELL_25352,Epithelial,85.47,10,70.01
CELL_28877,Stem Cell,7.15,26,60.46
CELL_10299,Neuron,5.56,15,69.52
CELL_74281,Myocyte,74.77,39,82.71
CELL_13942,Neuron,96.38,7,64.91
CELL_76810,Stem Cell,111.87,37,79.59
CELL_73488,Stem Cell,47.95,7,93.11
CELL_72782,Neuron,43.81,19,80.18
CELL_80587,Epithelial,113.44,21,68.93
CELL_20129,Erythrocyte,101.4,32,65.34
CELL_55731,Fibroblast,41.08,44,57.55
CELL_21577,Neuron,101.8,36,74.48
CELL_79720,Stem Cell,40.45,7,59.44
CELL_25505,Erythrocyte,73.3,36,58.83
CELL_40807,Myocyte,90.87,38,95.76
CELL_38399,Erythrocyte,83.93,49,98.9
CELL_22261,Erythrocyte,92.95,49,85.93
CELL_39405,Fibroblast,5.83,49,50.4
CELL_79565,Epithelial,67.25,49,83.95
CELL_13777,Epithelial,28.66,8,62.82
CELL_74384,Leukocyte,17.56,45,89.4
CELL_91347,Epithelial,53.16,28,53.3
CELL_94451,Leukocyte,33.59,41,89.83
CELL_16495,Erythrocyte,83.07,11,72.14
CELL_88157,Neuron,14.81,12,82.74
CELL_69704,Epithelial,24.42,12,90.52
CELL_60140,Epithelial,105.52,35,54.12
CELL_70414,Fibroblast,38.87,28,51.85
CELL_75750,Leukocyte,64.83,48,83.8
CELL_86772,Myocyte,25.13,25,91.59
CELL_91300,Neuron,58.7,7,91.84
CELL_35091,Myocyte,57.52,13,62.04
CELL_53164,Stem Cell,86.63,20,67.68
CELL_16135,Neuron,30.9,40,99.92
CELL_57298,Neuron,31.55,36,53.88
CELL_40443,Myocyte,12.87,46,56.51
CELL_84039,Neuron,40.39,9,71.85
CELL_22268,Fibroblast,91.32,23,66.92
CELL_87714,Neuron,96.77,46,73.26
CELL_79501,Fibroblast,28.76,10,90.7
CELL_73004,Erythrocyte,53.88,28,99.75
CELL_52812,Neuron,97.51,19,69.41
CELL_42902,Fibroblast,16.83,48,93.09
CELL_19556,Myocyte,45.41,30,93.92
CELL_31755,Neuron,5.9,15,62.52
CELL_27605,Myocyte,94.37,18,81.06
CELL_36993,Neuron,15.47,41,92.26
CELL_81038,Neuron,77.04,34,88.24
CELL_42947,Erythrocyte,29.18,27,52.71
CELL_72436,Fibroblast,78.18,43,84.93
CELL_45557,Leukocyte,15.16,17,66.8
CELL_16015,Stem Cell,71.66,24,96.1
CELL_56720,Epithelial,95.78,35,53.37
CELL_27495,Erythrocyte,23.81,44,79.61
CELL_36947,Epithelial,94.31,30,65.47
CELL_54792,Fibroblast,8.02,37,58.23
CELL_33068,Myocyte,100.17,11,90.16
CELL_52331,Neuron,69.89,8,64.17
CELL_95775,Neuron,56.62,15,64.55
CELL_10226,Fibroblast,65.4,15,78.47
CELL_92199,Myocyte,89.95,16,66.02
CELL_78376,Erythrocyte,116.79,19,59.94
CELL_25766,Stem Cell,44.62,40,96.45
CELL_89792,Leukocyte,109.97,31,70.08
CELL_71360,Leukocyte,18.34,48,88.01
CELL_51997,Leukocyte,42.67,12,92.07
CELL_68568,Erythrocyte,88.47,26,50.74
CELL_35843,Stem Cell,103.25,12,53.08
CELL_14477,Leukocyte,72.89,31,61.74
CELL_32834,Neuron,94.24,44,57.1
CELL_65860,Neuron,30.8,33,62.12
CELL_25088,Stem Cell,81.68,17,76.16
CELL_70022,Epithelial,23.17,5,55.83
CELL_33376,Stem Cell,88.88,17,73.39
CELL_71998,Fibroblast,111.32,13,58.72
CELL_68094,Leukocyte,14.55,12,94.51
CELL_26021,Leukocyte,97.78,13,77.52
CELL_19489,Epithelial,95.03,36,84.21
CELL_96927,Neuron,17.42,31,61.34
CELL_67902,Erythrocyte,80.5,46,54.55
CELL_63545,Stem Cell,45.26,37,59.87
CELL_75085,Epithelial,54.67,48,70.82
CELL_54931,Epithelial,113.74,29,76.77
CELL_43105,Fibroblast,86.42,18,76.61
CELL_35631,Erythrocyte,12.01,36,68.84
CELL_34622,Stem Cell,105.65,39,62.93
CELL_75250,Epithelial,55.61,10,67.66
CELL_60235,Myocyte,69.58,36,60.29
CELL_41784,Leukocyte,59.91,12,63.8
CELL_97854,Erythrocyte,100.54,31,58.44
CELL_49206,Erythrocyte,16.77,44,50.17
CELL_10261,Fibroblast,17.76,29,78.89
CELL_78975,Erythrocyte,46.87,36,61.48
CELL_91540,Leukocyte,76.72,6,79.28
CELL_40901,Neuron,87.55,22,59.24
CELL_31123,Epithelial,90.62,8,57.71
CELL_16940,Leukocyte,31.1,44,97.05
CELL_71993,Leukocyte,33.46,28,70.13
CELL_66473,Fibroblast,17.74,11,81.22
CELL_76488,Stem Cell,21.34,36,59.69
CELL_83988,Neuron,23.69,13,61.57
CELL_96533,Erythrocyte,114.29,32,70.93
CELL_73442,Epithelial,116.72,32,76.99
CELL_49502,Stem Cell,20.76,7,59.78
CELL_13714,Neuron,56.01,17,71.87
CELL_97682,Neuron,80.35,26,68.22
CELL_99357,Erythrocyte,78.43,9,77.24
CELL_31139,Myocyte,9.51,27,77.02
CELL_19597,Epithelial,101.81,30,97.98
CELL_87722,Stem Cell,94.36,49,82.9
CELL_74443,Stem Cell,70.3,14,86.99
CELL_21436,Leukocyte,63.59,42,94.75
CELL_45438,Epithelial,75.31,40,73.6
CELL_64815,Epithelial,68.86,15,67.41
CELL_11695,Neuron,35.19,15,82.43
CELL_83053,Fibroblast,75.66,6,92.4
CELL_98900,Leukocyte,22.28,29,80.42
CELL_78458,Stem Cell,85.98,44,99.85
CELL_97657,Leukocyte,115.29,8,69.53
CELL_14564,Leukocyte,11.39,20,66.81
CELL_21884,Fibroblast,94.0,8,62.93
CELL_39274,Myocyte,72.53,26,83.92
CELL_51776,Myocyte,88.76,32,58.51
CELL_23011,Fibroblast,9.43,33,66.15
CELL_46619,Epithelial,102.48,9,73.35
CELL_12511,Epithelial,113.16,48,78.52
CELL_32197,Stem Cell,93.77,5,59.36
CELL_24796,Stem Cell,15.33,33,99.34
CELL_53361,Fibroblast,45.07,7,86.76
CELL_69116,Myocyte,90.33,37,75.66
CELL_11771,Leukocyte,60.94,18,97.83
CELL_71514,Leukocyte,16.2,27,96.16
CELL_99552,Neuron,110.07,23,55.75
CELL_32851,Erythrocyte,116.29,10,69.22
CELL_26777,Leukocyte,105.9,29,65.97
CELL_36172,Neuron,117.66,10,62.01
CELL_88973,Myocyte,52.24,50,88.79
CELL_52469,Neuron,11.05,17,86.42
CELL_66952,Epithelial,18.76,34,97.08
CELL_41423,Epithelial,103.88,9,78.96
CELL_78200,Epithelial,99.04,19,96.12
CELL_86482,Erythrocyte,38.34,11,59.19
CELL_44765,Neuron,118.91,32,69.22
CELL_38935,Leukocyte,102.48,39,57.06
CELL_65108,Epithelial,46.7,24,94.74
CELL_37348,Epithelial,89.83,15,63.67
CELL_29368,Fibroblast,48.15,28,83.28
CELL_87245,Erythrocyte,101.72,18,86.78
CELL_88747,Myocyte,12.72,25,94.15
CELL_41514,Epithelial,81.45,30,97.95
CELL_44166,Stem Cell,95.81,5,89.72
CELL_63921,Myocyte,19.8,22,53.69
CELL_91258,Myocyte,57.2,44,82.6
CELL_93316,Leukocyte,68.61,23,95.53
CELL_65285,Myocyte,24.86,7,83.63
CELL_38836,Epithelial,53.62,31,56.0
CELL_50316,Stem Cell,69.81,13,57.67
CELL_84964,Epithelial,11.77,10,83.0
CELL_62645,Fibroblast,76.43,35,94.63
CELL_57291,Neuron,24.28,49,92.47
CELL_87931,Stem Cell,17.11,13,76.8
CELL_22633,Myocyte,83.94,23,86.56
CELL_52254,Epithelial,50.94,10,79.04
CELL_97090,Stem Cell,107.25,13,65.14
CELL_63400,Leukocyte,89.93,41,75.63
CELL_18270,Stem Cell,64.3,6,63.55
CELL_71088,Erythrocyte,46.75,41,66.01
CELL_65076,Stem Cell,48.41,49,56.5
CELL_78396,Myocyte,104.9,37,81.38
CELL_93928,Leukocyte,25.4,33,70.08
CELL_12737,Myocyte,109.69,20,96.74
CELL_54627,Fibroblast,76.26,23,99.31
CELL_21719,Erythrocyte,15.55,35,58.64
CELL_94644,Leukocyte,67.11,36,99.29
CELL_60013,Leukocyte,78.67,13,96.06
CELL_85827,Erythrocyte,107.18,12,66.67
CELL_78506,Myocyte,72.36,44,50.85
CELL_38888,Stem Cell,102.78,39,65.27
CELL_70369,Leukocyte,117.68,47,81.83
CELL_36995,Myocyte,13.0,23,70.48
CELL_74860,Erythrocyte,6.84,13,87.47
CELL_27272,Leukocyte,41.92,7,80.27
CELL_77378,Erythrocyte,14.76,36,50.19
CELL_32735,Epithelial,28.05,29,84.15
CELL_60877,Erythrocyte,54.84,39,92.75
CELL_45165,Epithelial,113.33,26,72.23
CELL_62478,Stem Cell,37.1,21,54.75
CELL_37167,Myocyte,107.02,33,76.18
CELL_90262,Myocyte,65.89,26,83.93
CELL_87846,Neuron,73.26,5,52.77
CELL_53629,Epithelial,19.73,34,59.36
CELL_89290,Fibroblast,65.14,35,87.1
CELL_83275,Leukocyte,107.5,17,51.8
CELL_20726,Epithelial,112.24,12,89.4
CELL_16017,Neuron,19.74,26,57.37
CELL_91536,Erythrocyte,67.87,43,63.19
CELL_17870,Fibroblast,94.92,25,59.46
CELL_63514,Fibroblast,23.81,12,63.68
CELL_25940,Fibroblast,83.9,44,67.41
CELL_98858,Stem Cell,66.32,17,59.47
CELL_20464,Fibroblast,52.14,50,74.62
CELL_54435,Stem Cell,79.67,43,77.31
CELL_71188,Epithelial,109.2,29,93.81
CELL_40927,Neuron,113.26,38,89.97
CELL_49997,Myocyte,101.45,48,71.53
CELL_93136,Stem Cell,112.59,24,70.15
CELL_91480,Leukocyte,106.72,16,69.39
CELL_43834,Neuron,46.08,36,89.35
CELL_23511,Epithelial,11.5,33,62.4
CELL_38035,Erythrocyte,32.98,47,82.84
CELL_22642,Fibroblast,8.68,29,86.14
CELL_82645,Epithelial,42.03,12,57.45
CELL_53298,Myocyte,96.97,47,67.68
CELL_37988,Myocyte,95.0,40,82.54
CELL_17795,Fibroblast,67.71,35,94.52
CELL_94825,Erythrocyte,77.71,10,55.89
CELL_82929,Erythrocyte,13.23,39,77.95
CELL_98017,Neuron,61.31,25,91.39
CELL_80350,Stem Cell,96.61,7,91.24
CELL_85630,Erythrocyte,33.51,27,83.8
CELL_35582,Fibroblast,82.13,34,90.89
CELL_85170,Erythrocyte,93.84,38,78.54
CELL_45608,Erythrocyte,50.26,17,65.49
CELL_68655,Myocyte,118.55,42,54.31
CELL_79294,Erythrocyte,96.21,9,54.59
CELL_42757,Myocyte,91.9,42,77.73
CELL_75666,Myocyte,5.35,9,75.63
CELL_25374,Myocyte,92.31,41,62.73
CELL_26696,Neuron,77.22,6,61.7
CELL_36064,Neuron,71.58,9,80.73
CELL_92336,Stem Cell,27.14,16,93.38
CELL_24390,Epithelial,99.26,10,55.49
CELL_13802,Stem Cell,108.56,13,73.83
CELL_11670,Leukocyte,114.66,11,67.97
CELL_48335,Stem Cell,95.05,30,90.82
CELL_54339,Stem Cell,32.0,20,62.05
CELL_44507,Leukocyte,10.08,10,66.01
CELL_83091,Epithelial,7.91,22,92.47
CELL_43807,Leukocyte,95.51,36,68.1
CELL_79232,Stem Cell,68.52,7,89.92
CELL_36698,Fibroblast,110.28,5,76.4
CELL_41953,Epithelial,24.02,48,99.04
CELL_57406,Fibroblast,26.01,21,67.78
CELL_96689,Stem Cell,95.36,20,62.96
CELL_78047,Fibroblast,76.47,22,71.43
CELL_30995,Stem Cell,82.63,8,90.23
CELL_85533,Neuron,23.66,43,97.45
CELL_47911,Leukocyte,44.34,8,55.67
CELL_39013,Neuron,58.5,35,95.29
CELL_60834,Myocyte,43.03,13,65.98
CELL_43449,Fibroblast,38.51,36,64.93
CELL_61561,Epithelial,87.83,34,96.69
CELL_25942,Neuron,17.12,24,83.88
CELL_80783,Erythrocyte,78.62,29,97.24
CELL_95210,Myocyte,27.56,10,78.59
CELL_55611,Fibroblast,7.03,8,51.67
CELL_36221,Leukocyte,109.2,5,56.4
CELL_68371,Epithelial,61.94,7,79.28
CELL_51681,Neuron,61.33,25,57.68
CELL_89590,Stem Cell,113.13,28,98.2
CELL_85109,Myocyte,36.06,35,71.35
CELL_30526,Stem Cell,105.77,6,90.76
CELL_69015,Fibroblast,80.05,29,76.34
CELL_15422,Fibroblast,88.78,49,84.38
CELL_29940,Myocyte,67.97,8,92.99
CELL_59041,Neuron,52.86,19,66.55
CELL_83369,Leukocyte,13.68,10,70.11
CELL_27672,Neuron,41.89,28,96.55
CELL_80208,Epithelial,29.93,50,68.92
CELL_90922,Myocyte,39.27,47,65.81
CELL_76332,Epithelial,100.72,33,64.51
CELL_43768,Myocyte,87.16,42,89.65
CELL_53632,Myocyte,30.01,40,57.57
CELL_55310,Epithelial,53.77,50,78.38
CELL_52452,Erythrocyte,18.84,32,60.7
CELL_12151,Epithelial,88.82,9,96.66
CELL_75729,Erythrocyte,80.51,35,69.78
CELL_97641,Neuron,64.11,47,91.03
CELL_73864,Leukocyte,78.85,18,65.6
CELL_40421,Erythrocyte,113.29,48,87.25
CELL_26968,Neuron,89.32,44,61.07
CELL_61283,Fibroblast,74.42,26,76.66
CELL_39941,Myocyte,34.71,45,82.15
CELL_43404,Epithelial,49.09,17,56.97
CELL_22562,Stem Cell,88.33,50,77.76
CELL_87284,Myocyte,89.64,14,82.72
CELL_74592,Leukocyte,79.66,43,66.76
CELL_85766,Epithelial,32.47,21,50.07
CELL_98303,Myocyte,112.79,46,55.63
CELL_21345,Fibroblast,46.26,9,73.65
CELL_73920,Stem Cell,37.08,24,68.5
CELL_28666,Erythrocyte,20.95,15,70.1
CELL_59108,Stem Cell,39.51,15,67.92
CELL_72674,Epithelial,19.43,21,59.57
CELL_41717,Erythrocyte,103.07,28,78.78
CELL_80807,Neuron,9.99,8,61.78
CELL_82274,Fibroblast,51.15,43,51.91
CELL_53550,Stem Cell,22.42,21,79.17
CELL_97372,Fibroblast,20.13,32,57.72
CELL_93680,Leukocyte,50.8,14,80.04
CELL_19989,Epithelial,87.69,22,74.45
CELL_12934,Fibroblast,50.74,29,62.95
CELL_51930,Stem Cell,89.07,21,88.57
CELL_21110,Neuron,74.23,40,66.47
CELL_49901,Fibroblast,94.69,29,94.21
CELL_65235,Fibroblast,73.79,10,63.63
CELL_94970,Neuron,30.2,47,53.82
CELL_57446,Stem Cell,83.83,15,87.13
CELL_75638,Leukocyte,103.35,17,50.18
CELL_11641,Myocyte,75.47,21,77.69
CELL_37966,Leukocyte,8.21,23,57.48
CELL_71029,Leukocyte,25.28,42,69.09
CELL_24679,Erythrocyte,99.51,39,86.6
CELL_27436,Erythrocyte,39.3,28,90.76
CELL_17782,Epithelial,96.42,8,51.78
CELL_10655,Neuron,62.97,44,60.17
CELL_24458,Stem Cell,6.41,8,97.38
CELL_34060,Epithelial,46.03,13,92.93
CELL_77974,Myocyte,61.79,13,88.77
CELL_93412,Erythrocyte,55.8,45,96.95
CELL_89968,Myocyte,58.46,21,82.66
CELL_90610,Stem Cell,51.03,9,99.98
CELL_30443,Leukocyte,59.87,35,87.88
CELL_72298,Leukocyte,102.84,33,92.2
CELL_92070,Leukocyte,21.72,16,70.87
CELL_17434,Myocyte,72.39,30,86.97
CELL_19515,Stem Cell,102.66,31,94.59
CELL_69629,Myocyte,52.28,33,93.05
CELL_24942,Erythrocyte,55.41,30,89.36
CELL_49995,Erythrocyte,112.7,8,78.59
CELL_37439,Myocyte,25.9,31,94.79
CELL_15583,Epithelial,86.22,48,58.63
CELL_61365,Erythrocyte,51.32,39,85.12
CELL_74411,Erythrocyte,11.83,8,52.49
CELL_48361,Myocyte,68.3,20,82.22
CELL_48440,Neuron,37.83,19,66.7
CELL_40221,Erythrocyte,116.85,25,83.8
CELL_18084,Myocyte,32.12,43,88.87
CELL_43067,Neuron,60.64,41,71.15
CELL_63617,Leukocyte,70.04,46,52.15
CELL_67925,Leukocyte,46.98,13,79.98
CELL_29584,Erythrocyte,101.29,27,52.26
CELL_49596,Erythrocyte,55.71,21,71.07
CELL_80383,Epithelial,22.41,18,78.95
CELL_75752,Myocyte,76.17,26,61.64
CELL_28348,Fibroblast,34.2,37,73.84
CELL_80640,Fibroblast,109.21,48,61.73
CELL_98160,Erythrocyte,18.14,8,62.44
CELL_44811,Epithelial,94.5,23,52.67
CELL_57456,Erythrocyte,5.62,39,75.55
CELL_54721,Epithelial,115.03,36,61.92
CELL_41390,Myocyte,90.74,26,79.16
CELL_98594,Epithelial,71.61,6,70.13
CELL_58429,Fibroblast,41.39,46,51.16
CELL_12542,Neuron,80.9,33,65.24
CELL_78037,Epithelial,116.52,40,59.3
CELL_11297,Myocyte,33.21,18,55.81
CELL_53348,Neuron,118.71,22,97.0
CELL_70857,Epithelial,17.62,50,98.62
CELL_54833,Erythrocyte,16.25,15,81.72
CELL_68755,Epithelial,25.47,20,80.12
CELL_62983,Fibroblast,32.61,7,55.14
CELL_51067,Erythrocyte,108.38,40,60.84
CELL_65413,Neuron,93.72,29,98.06
CELL_68058,Leukocyte,65.1,36,93.71
CELL_37128,Myocyte,16.11,7,60.69
CELL_93355,Leukocyte,88.97,18,60.08
CELL_73818,Neuron,100.41,11,81.75
CELL_38337,Stem Cell,90.74,29,90.14
CELL_38099,Epithelial,86.94,11,54.84
CELL_10661,Epithelial,75.6,41,59.54
CELL_49351,Stem Cell,112.88,18,96.89
CELL_60832,Fibroblast,43.5,18,61.13
CELL_13889,Leukocyte,110.16,43,73.28
CELL_26494,Erythrocyte,64.76,10,82.45
CELL_23127,Neuron,37.15,31,74.43
CELL_85363,Erythrocyte,49.94,10,73.67
CELL_80908,Erythrocyte,36.71,48,53.98
CELL_42834,Stem Cell,104.03,6,93.64
CELL_30279,Leukocyte,96.05,37,68.28
CELL_30141,Stem Cell,58.52,35,80.56
CELL_21971,Neuron,71.9,34,88.44
CELL_64005,Epithelial,41.54,13,82.34
CELL_98057,Stem Cell,23.94,22,71.46
CELL_86046,Neuron,81.11,21,76.69
CELL_53883,Myocyte,83.94,46,56.39
CELL_63522,Neuron,9.25,11,56.84
CELL_55163,Fibroblast,51.79,8,73.3
CELL_42634,Myocyte,105.29,37,99.5
CELL_19324,Erythrocyte,19.84,48,52.58
CELL_92532,Leukocyte,39.52,35,52.33
CELL_52317,Erythrocyte,33.19,8,87.64
CELL_98555,Erythrocyte,37.35,20,69.33
CELL_68387,Stem Cell,41.26,47,73.78
CELL_65867,Fibroblast,84.02,5,84.36
CELL_92809,Erythrocyte,110.17,41,70.79
CELL_40165,Neuron,54.76,22,73.91
CELL_62362,Neuron,19.0,27,74.52
CELL_68691,Myocyte,58.74,23,61.05
CELL_89545,Myocyte,106.12,14,52.22
CELL_13712,Erythrocyte,24.71,8,67.97
CELL_80541,Epithelial,115.06,11,88.28
CELL_85322,Fibroblast,54.67,9,54.72
CELL_24563,Myocyte,82.5,11,77.38
CELL_42228,Leukocyte,50.62,32,73.58
CELL_58644,Stem Cell,28.76,31,63.01
CELL_93662,Fibroblast,91.23,7,70.39
CELL_48919,Fibroblast,108.84,48,67.96
CELL_10410,Neuron,40.37,37,93.97
CELL_82442,Epithelial,71.2,33,55.38
CELL_34282,Leukocyte,83.9,9,94.31
CELL_41238,Stem Cell,109.85,39,92.8
CELL_45394,Myocyte,102.61,20,96.03
CELL_98558,Myocyte,117.38,41,59.18
CELL_35759,Neuron,35.46,29,56.02
CELL_61526,Myocyte,41.0,38,63.28
CELL_30033,Myocyte,112.14,45,58.7
CELL_92581,Neuron,62.01,28,72.18
CELL_77505,Neuron,50.89,11,61.89
CELL_65157,Stem Cell,10.95,5,70.85
CELL_30198,Leukocyte,66.92,8,56.86
CELL_75772,Leukocyte,81.97,45,53.29
CELL_88324,Fibroblast,85.98,12,95.85
CELL_22108,Myocyte,11.9,11,83.98
CELL_41002,Epithelial,41.59,10,57.12
CELL_51659,Leukocyte,67.58,12,51.42
CELL_24992,Fibroblast,15.61,20,86.18
CELL_62688,Stem Cell,83.22,34,85.3
CELL_69504,Fibroblast,31.74,7,54.6
CELL_75740,Myocyte,83.17,33,61.32
CELL_99655,Erythrocyte,40.36,6,79.15
CELL_73623,Erythrocyte,104.36,33,55.47
CELL_49084,Epithelial,119.62,25,91.54
CELL_35443,Myocyte,38.8,41,57.4
CELL_37403,Neuron,20.7,6,88.27
CELL_12636,Neuron,61.78,48,84.88
CELL_36013,Erythrocyte,41.37,17,65.74
CELL_34913,Epithelial,80.9,18,74.7
CELL_68705,Erythrocyte,68.64,45,56.2
CELL_32827,Erythrocyte,8.15,23,88.32
CELL_55969,Epithelial,51.51,18,94.15
CELL_61445,Erythrocyte,84.1,25,95.12
CELL_71179,Fibroblast,34.79,20,65.99
CELL_65329,Myocyte,80.69,20,72.97
CELL_50158,Fibroblast,29.24,44,62.33
CELL_38949,Leukocyte,68.84,38,88.76
CELL_25802,Leukocyte,38.09,12,50.45
CELL_51645,Fibroblast,65.85,38,89.54
CELL_90195,Erythrocyte,16.44,19,68.4
CELL_94056,Leukocyte,41.84,15,82.79
CELL_95858,Stem Cell,21.57,32,62.6
CELL_82413,Stem Cell,73.24,8,98.23
CELL_73911,Erythrocyte,94.32,5,57.83
CELL_50702,Myocyte,71.02,41,92.89
CELL_76909,Fibroblast,18.91,41,72.51
CELL_45341,Epithelial,81.23,12,54.04
CELL_43731,Fibroblast,23.29,50,84.11
CELL_23651,Epithelial,49.06,11,85.56
CELL_42983,Leukocyte,34.32,16,55.5
CELL_99439,Myocyte,18.02,20,57.19
CELL_87736,Epithelial,106.02,18,81.02
CELL_82669,Stem Cell,38.17,18,89.66
CELL_14728,Fibroblast,65.89,44,91.61
CELL_49777,Stem Cell,61.27,41,90.9
CELL_10224,Neuron,51.57,38,77.65
CELL_96441,Stem Cell,107.62,32,54.1
CELL_33762,Fibroblast,84.41,35,71.19
CELL_11915,Epithelial,118.73,50,55.39
CELL_44977,Erythrocyte,13.87,39,85.97
CELL_14292,Fibroblast,101.5,36,91.03
CELL_29208,Myocyte,18.08,15,67.62
CELL_32383,Epithelial,39.7,15,96.87
CELL_43405,Stem Cell,106.14,40,98.08
CELL_27932,Myocyte,67.38,27,83.7
CELL_10629,Erythrocyte,105.29,43,96.56
CELL_65433,Stem Cell,112.14,30,93.08
CELL_95522,Epithelial,105.28,50,85.59
CELL_66253,Epithelial,34.03,20,68.49
CELL_10022,Fibroblast,85.76,9,56.61
CELL_51583,Erythrocyte,46.54,28,61.07
CELL_65345,Leukocyte,112.19,29,58.73
CELL_80041,Fibroblast,36.39,36,72.36
CELL_33121,Myocyte,119.82,50,95.38
CELL_17987,Neuron,19.51,12,88.68
CELL_79585,Erythrocyte,114.36,41,78.11
CELL_90772,Stem Cell,85.21,39,65.97
CELL_25561,Leukocyte,39.62,39,74.79
CELL_28587,Fibroblast,55.61,17,66.17
CELL_53064,Stem Cell,103.38,28,67.19
CELL_98078,Myocyte,115.77,30,76.3
CELL_35518,Epithelial,41.33,20,51.11
CELL_87720,Erythrocyte,17.49,40,97.61
CELL_76661,Myocyte,35.68,20,76.48
CELL_15826,Leukocyte,92.49,24,88.76
CELL_75852,Neuron,100.63,40,60.66
CELL_53241,Epithelial,99.07,30,85.21
CELL_28086,Myocyte,40.2,24,63.12
CELL_40752,Stem Cell,60.55,11,54.58
CELL_13646,Erythrocyte,25.0,38,68.94
CELL_40787,Erythrocyte,21.62,44,96.66
CELL_83379,Myocyte,81.08,18,71.76
CELL_54398,Myocyte,27.96,20,69.33
CELL_25622,Myocyte,57.98,21,85.02
CELL_23714,Leukocyte,113.32,33,77.4
CELL_54199,Epithelial,71.16,21,71.13
CELL_18454,Myocyte,57.45,22,84.54
CELL_61242,Neuron,115.01,41,67.76
CELL_59523,Fibroblast,113.99,18,81.66
CELL_96246,Erythrocyte,88.67,28,79.13
CELL_22820,Myocyte,96.67,19,69.6
CELL_31004,Erythrocyte,106.43,45,92.73
CELL_61902,Erythrocyte,60.1,34,54.65
CELL_38988,Neuron,98.79,6,78.35
CELL_39742,Fibroblast,27.62,44,84.79
CELL_75705,Epithelial,89.68,13,51.02
CELL_35800,Leukocyte,82.38,31,84.13
CELL_38404,Erythrocyte,16.25,32,88.24
CELL_96633,Myocyte,14.66,41,64.66
CELL_35082,Neuron,33.45,28,68.64
CELL_58578,Erythrocyte,58.87,21,86.5
CELL_69071,Leukocyte,90.15,48,97.81
CELL_52480,Neuron,61.79,34,59.58
CELL_88738,Myocyte,119.09,18,86.75
CELL_58722,Myocyte,36.31,24,90.06
CELL_32680,Epithelial,73.16,8,88.34
CELL_47035,Epithelial,102.03,48,78.23
CELL_55950,Stem Cell,80.63,20,56.45
CELL_27250,Erythrocyte,68.56,17,71.9
CELL_59769,Stem Cell,112.72,44,94.59
CELL_86006,Fibroblast,116.21,27,80.09
CELL_31604,Erythrocyte,36.17,27,71.87
CELL_45884,Fibroblast,95.26,36,70.84
CELL_46769,Epithelial,39.2,30,74.82
CELL_82134,Leukocyte,114.97,17,54.45
CELL_32323,Neuron,114.54,41,55.22
CELL_29520,Myocyte,45.86,37,93.93
CELL_93587,Stem Cell,30.96,28,97.34
CELL_11898,Erythrocyte,60.57,21,77.36
CELL_34190,Epithelial,119.69,9,68.7
CELL_76465,Fibroblast,115.76,35,83.59
CELL_43708,Stem Cell,13.58,32,76.67
CELL_23294,Leukocyte,42.94,46,51.97
CELL_95997,Myocyte,118.88,22,62.14
CELL_63874,Epithelial,32.67,37,62.38
CELL_29889,Erythrocyte,84.55,45,54.23
CELL_83169,Leukocyte,96.81,17,76.01
CELL_34744,Leukocyte,10.89,9,89.76
CELL_74146,Fibroblast,16.89,17,80.72
CELL_98141,Leukocyte,27.68,23,95.14
CELL_30025,Epithelial,30.23,7,87.22
CELL_62300,Stem Cell,87.08,45,81.68
CELL_61465,Fibroblast,113.5,13,66.95
CELL_36346,Leukocyte,55.6,8,73.56
CELL_39572,Leukocyte,31.58,38,72.58
CELL_10617,Stem Cell,61.41,31,56.96
CELL_46714,Erythrocyte,94.25,10,99.64
CELL_83368,Epithelial,92.87,17,57.06
CELL_66345,Stem Cell,87.21,31,50.49
CELL_16119,Epithelial,19.96,24,89.28
CELL_11273,Epithelial,6.54,9,94.64
CELL_73452,Epithelial,99.3,41,62.52
CELL_43853,Stem Cell,111.51,19,67.8
CELL_88102,Stem Cell,15.83,44,76.03
CELL_86800,Stem Cell,55.5,46,95.18
CELL_78015,Neuron,91.09,26,82.03
CELL_68622,Erythrocyte,117.64,18,99.85
CELL_17940,Erythrocyte,78.27,14,85.22
CELL_99560,Fibroblast,48.62,49,86.55
CELL_97275,Erythrocyte,69.42,35,93.59
CELL_34131,Fibroblast,48.83,20,93.55
CELL_79041,Erythrocyte,40.5,46,62.74
CELL_62898,Neuron,75.64,36,61.63
CELL_51107,Epithelial,65.25,21,91.07
CELL_19040,Fibroblast,64.76,6,90.99
CELL_65053,Leukocyte,79.29,21,76.69
CELL_55725,Erythrocyte,45.84,15,71.95
CELL_41087,Leukocyte,41.72,41,93.38
CELL_62910,Myocyte,26.27,35,50.7
CELL_97963,Neuron,103.37,28,72.04
CELL_29380,Neuron,65.63,5,61.79
CELL_49787,Neuron,52.77,33,97.35
CELL_18911,Fibroblast,32.06,40,90.27
CELL_55113,Epithelial,105.0,49,61.17
CELL_14142,Stem Cell,115.45,22,99.26
CELL_37589,Erythrocyte,59.87,5,90.91
CELL_28594,Myocyte,55.63,7,53.16
CELL_89703,Epithelial,68.52,36,87.5
CELL_98265,Fibroblast,28.43,18,93.59
CELL_56286,Myocyte,35.67,32,56.79
CELL_62363,Erythrocyte,63.78,34,91.25
CELL_48509,Leukocyte,39.08,18,86.52
CELL_21035,Erythrocyte,86.77,26,66.24
CELL_49962,Neuron,74.6,15,74.72
CELL_76762,Stem Cell,100.76,16,70.38
CELL_74641,Myocyte,6.25,48,68.01
CELL_75362,Stem Cell,71.18,49,72.31
CELL_32464,Erythrocyte,107.97,5,86.96
CELL_54651,Epithelial,60.65,5,73.47
CELL_89985,Epithelial,57.27,9,70.21
CELL_84766,Neuron,58.38,27,82.2
CELL_82810,Fibroblast,48.33,14,69.82
CELL_45555,Myocyte,107.02,37,51.48
CELL_96846,Fibroblast,30.6,30,67.42
CELL_23940,Epithelial,29.39,36,73.57
CELL_71893,Erythrocyte,41.93,13,94.77
CELL_95352,Fibroblast,21.68,47,70.12
CELL_77093,Myocyte,36.64,19,54.57
CELL_22448,Stem Cell,30.91,31,59.94
CELL_52524,Myocyte,69.52,15,82.55
CELL_71420,Fibroblast,64.07,31,94.7
CELL_15301,Leukocyte,108.87,34,92.58
CELL_92487,Neuron,41.72,13,58.93
CELL_41815,Leukocyte,109.71,26,68.08
CELL_70061,Myocyte,96.1,37,90.11
CELL_34486,Myocyte,102.4,28,59.7
CELL_98498,Neuron,84.62,18,98.05
CELL_26048,Erythrocyte,28.95,45,72.1
CELL_24455,Neuron,47.36,17,67.25
CELL_85016,Myocyte,109.89,40,55.51
CELL_34356,Myocyte,114.54,31,80.98
CELL_31106,Leukocyte,16.06,6,82.64
CELL_26504,Leukocyte,72.69,6,77.22
CELL_62617,Neuron,90.67,44,78.98
CELL_25517,Stem Cell,76.01,41,84.16
CELL_69068,Neuron,29.11,10,67.77
CELL_41377,Fibroblast,5.18,32,62.79
CELL_52256,Leukocyte,12.14,42,50.82
CELL_81640,Fibroblast,88.81,46,78.18
CELL_80170,Neuron,28.27,19,69.08
CELL_20575,Leukocyte,7.16,28,74.74
CELL_50680,Erythrocyte,44.69,5,73.32
CELL_97623,Myocyte,119.83,33,78.22
CELL_34656,Neuron,62.96,32,50.33
CELL_30254,Fibroblast,21.17,6,90.9
CELL_46678,Myocyte,96.22,41,82.89
CELL_27091,Erythrocyte,56.74,29,85.65
CELL_92492,Erythrocyte,63.14,45,94.32
CELL_98190,Erythrocyte,17.13,10,70.91
CELL_34987,Stem Cell,113.39,22,67.62
CELL_79213,Neuron,44.45,10,97.21
CELL_92883,Leukocyte,47.88,25,54.22
CELL_41921,Leukocyte,65.06,32,51.95
CELL_33030,Leukocyte,117.22,45,99.2
CELL_24274,Erythrocyte,51.62,43,71.77
CELL_10602,Neuron,116.57,36,81.47
CELL_65331,Stem Cell,102.0,22,74.92
CELL_95066,Fibroblast,63.7,9,51.61
CELL_36181,Fibroblast,111.33,14,67.25
CELL_32644,Neuron,90.22,30,77.65
CELL_45704,Epithelial,88.37,11,68.74
CELL_21592,Leukocyte,41.48,11,98.39
CELL_66740,Erythrocyte,31.41,35,82.25
CELL_48139,Myocyte,93.19,8,73.31
CELL_71335,Myocyte,114.24,19,93.77
CELL_73653,Myocyte,21.38,15,82.44
CELL_55578,Myocyte,61.77,39,91.38
CELL_67330,Fibroblast,67.87,12,76.01
CELL_44463,Myocyte,86.43,45,83.31
CELL_95238,Fibroblast,70.27,40,58.28
CELL_91033,Stem Cell,11.51,41,90.18
CELL_29790,Neuron,76.86,48,72.01
CELL_72450,Neuron,5.62,24,74.09
CELL_77814,Neuron,31.76,24,84.47
CELL_20913,Fibroblast,34.02,19,89.18
CELL_15901,Myocyte,68.26,14,65.38
CELL_57091,Stem Cell,72.23,43,56.77
CELL_96731,Erythrocyte,83.87,39,69.36
CELL_25559,Epithelial,14.87,34,99.48
CELL_59767,Stem Cell,110.33,41,55.82
CELL_85540,Stem Cell,40.02,23,83.54
CELL_10129,Neuron,57.59,16,67.99
CELL_85981,Neuron,37.4,11,57.77
CELL_46749,Myocyte,57.56,32,50.39
CELL_80159,Stem Cell,115.38,10,73.02
CELL_54480,Fibroblast,85.43,14,54.02
CELL_41447,Leukocyte,54.59,42,65.58
CELL_33327,Neuron,34.0,27,50.03
CELL_84047,Fibroblast,29.37,28,64.09
CELL_95775,Myocyte,76.6,5,85.19
CELL_24233,Myocyte,12.84,49,89.43
CELL_30917,Stem Cell,104.78,7,51.9
CELL_63677,Stem Cell,43.64,16,60.29
CELL_61716,Erythrocyte,54.49,31,76.75
CELL_94145,Erythrocyte,87.97,32,79.46
CELL_90885,Erythrocyte,6.33,15,52.11
CELL_58531,Stem Cell,119.32,34,74.06
CELL_77721,Myocyte,106.01,41,70.44
CELL_36859,Neuron,52.39,40,59.92
CELL_24943,Stem Cell,11.56,12,55.47
CELL_93177,Myocyte,79.15,8,79.61
CELL_33613,Leukocyte,23.25,9,73.98
CELL_72032,Fibroblast,115.64,8,80.68
CELL_88307,Fibroblast,68.6,35,59.81
CELL_37124,Stem Cell,85.15,20,91.25
CELL_12874,Stem Cell,40.29,45,96.61
CELL_89540,Erythrocyte,30.85,37,62.51
CELL_87516,Epithelial,64.49,16,69.27
CELL_11069,Leukocyte,34.55,19,68.16
CELL_53648,Myocyte,87.83,22,94.0
CELL_50551,Leukocyte,100.55,39,71.92
CELL_74068,Epithelial,80.45,23,76.06
CELL_13822,Epithelial,119.78,16,86.63
CELL_51235,Epithelial,42.41,42,80.62
CELL_29207,Erythrocyte,54.78,40,62.56
CELL_96300,Epithelial,116.92,15,98.9
CELL_28396,Fibroblast,9.72,50,87.79
CELL_79099,Fibroblast,67.15,7,96.23
CELL_57911,Myocyte,103.32,15,89.08
CELL_81969,Neuron,64.83,41,76.8
CELL_43251,Leukocyte,63.86,30,57.6
CELL_83038,Neuron,105.82,29,84.67
CELL_74317,Stem Cell,41.54,28,78.46
CELL_36451,Epithelial,13.83,23,84.35
CELL_17363,Myocyte,94.8,25,57.28
CELL_73120,Epithelial,36.25,18,81.84
CELL_63113,Neuron,98.21,25,57.57
CELL_41046,Myocyte,112.5,26,67.43
CELL_22816,Fibroblast,105.16,22,64.29
CELL_69825,Myocyte,25.19,24,90.67
CELL_57103,Neuron,89.26,19,65.66
CELL_54878,Erythrocyte,41.09,15,81.98
CELL_26757,Neuron,32.84,26,50.28
CELL_95316,Leukocyte,101.52,22,76.5
CELL_26611,Erythrocyte,95.12,47,85.72
CELL_83725,Erythrocyte,26.59,10,67.99
CELL_40306,Erythrocyte,110.26,38,76.06
CELL_18948,Epithelial,45.49,48,71.37
CELL_60417,Leukocyte,74.37,18,95.13
CELL_51642,Leukocyte,67.17,18,62.74
CELL_54388,Stem Cell,47.98,44,99.66
CELL_44155,Fibroblast,111.93,49,82.33
CELL_41425,Stem Cell,20.02,20,80.48
CELL_20052,Leukocyte,18.16,13,76.57
CELL_76363,Myocyte,85.96,18,57.03
CELL_79997,Erythrocyte,57.94,20,51.8
CELL_92608,Leukocyte,38.68,25,53.94
CELL_55242,Leukocyte,34.48,22,85.08
CELL_52359,Erythrocyte,99.77,41,89.95
CELL_21258,Stem Cell,38.16,43,58.58
CELL_22686,Neuron,80.57,42,70.37
CELL_35376,Leukocyte,29.67,45,92.44
CELL_28535,Epithelial,61.21,43,53.85
CELL_46024,Neuron,85.5,11,61.38
CELL_65341,Stem Cell,76.23,22,52.7
CELL_16832,Fibroblast,32.69,14,86.98
CELL_12975,Leukocyte,35.55,41,96.79
CELL_68942,Erythrocyte,37.21,9,89.47
CELL_64520,Stem Cell,9.94,11,92.66
CELL_90706,Fibroblast,46.03,9,90.83
CELL_45214,Fibroblast,101.97,21,55.28
CELL_56656,Neuron,38.7,33,83.86
CELL_68582,Neuron,16.6,19,62.69
CELL_28160,Myocyte,113.03,28,80.04
CELL_13483,Myocyte,69.49,40,78.32
CELL_80310,Epithelial,59.91,27,74.04
CELL_22735,Stem Cell,44.22,12,56.42
CELL_70593,Erythrocyte,93.59,38,91.94
CELL_82030,Stem Cell,51.84,33,93.91
CELL_49691,Neuron,67.81,26,61.84
CELL_17302,Stem Cell,24.88,25,61.92
CELL_73048,Stem Cell,101.91,11,51.24
CELL_81623,Stem Cell,103.07,35,56.13
CELL_76230,Fibroblast,34.07,25,97.83
CELL_23138,Erythrocyte,64.49,15,54.47
CELL_22768,Fibroblast,65.57,10,73.41
CELL_58512,Epithelial,90.7,38,82.98
CELL_78215,Epithelial,23.87,38,87.8
CELL_12964,Leukocyte,113.48,23,72.48
CELL_69670,Epithelial,60.17,12,78.11
CELL_46516,Stem Cell,99.63,47,64.47
CELL_38153,Leukocyte,93.09,39,70.47
CELL_11206,Stem Cell,28.3,21,79.65
CELL_27858,Erythrocyte,43.93,39,89.32
CELL_34222,Erythrocyte,74.36,30,91.36
CELL_61659,Fibroblast,33.29,25,95.41
CELL_85447,Myocyte,74.79,14,88.09
CELL_16570,Stem Cell,59.13,46,63.86
CELL_76096,Neuron,33.62,21,53.22
CELL_80105,Erythrocyte,118.33,32,85.32
CELL_95914,Epithelial,108.75,41,73.54
CELL_97886,Neuron,28.08,33,66.31
CELL_70797,Fibroblast,28.79,45,97.03
CELL_27736,Neuron,100.44,39,91.41
CELL_58977,Fibroblast,15.99,26,85.56
CELL_96829,Stem Cell,24.26,14,90.96
CELL_21347,Epithelial,100.06,40,56.46
CELL_49925,Erythrocyte,47.67,10,76.37
CELL_37852,Erythrocyte,88.97,45,85.09
CELL_76991,Epithelial,113.91,44,99.18
CELL_78472,Neuron,12.73,23,96.81
CELL_10786,Stem Cell,11.49,42,63.17
CELL_36676,Myocyte,15.07,21,79.3
CELL_37394,Epithelial,22.5,26,60.1
CELL_31378,Fibroblast,118.06,35,67.43
CELL_71641,Leukocyte,56.06,47,70.01
CELL_81699,Myocyte,102.4,47,72.29
CELL_78789,Stem Cell,110.16,30,86.93
CELL_35256,Fibroblast,107.08,28,89.21
CELL_20335,Erythrocyte,80.1,27,82.3
CELL_87347,Epithelial,14.37,15,91.45
CELL_37326,Epithelial,108.94,25,98.94
CELL_78700,Neuron,27.69,19,51.95
CELL_48565,Epithelial,106.09,28,92.46
CELL_47753,Epithelial,78.65,40,55.87
CELL_15547,Leukocyte,20.22,24,78.75
CELL_12644,Myocyte,85.54,13,85.94
CELL_74578,Epithelial,85.98,47,81.03
CELL_10378,Myocyte,43.05,49,93.31
CELL_41502,Erythrocyte,43.55,33,70.07
CELL_34011,Leukocyte,23.98,9,93.1
CELL_19351,Epithelial,40.6,43,59.78
CELL_36246,Neuron,79.03,16,72.69
CELL_43072,Epithelial,98.97,8,93.16
CELL_35718,Stem Cell,42.0,20,77.07
CELL_59421,Stem Cell,54.79,24,93.44
CELL_31169,Stem Cell,56.23,47,68.45
CELL_61122,Leukocyte,73.56,30,65.82
CELL_80621,Stem Cell,93.83,33,55.22
CELL_54033,Fibroblast,101.17,17,82.31
CELL_66115,Stem Cell,110.05,49,75.45
CELL_40445,Epithelial,36.67,28,83.32
CELL_27886,Fibroblast,97.02,48,52.91
CELL_92120,Epithelial,24.88,49,96.54
CELL_36137,Epithelial,70.59,46,79.62
CELL_26805,Stem Cell,58.23,5,72.12
CELL_64073,Epithelial,72.51,29,68.63
CELL_79008,Myocyte,49.15,15,88.13
CELL_76366,Leukocyte,31.44,47,89.73
CELL_56538,Epithelial,21.34,27,84.72
CELL_70559,Myocyte,52.61,10,76.0
CELL_45969,Epithelial,9.53,6,95.95
CELL_39404,Epithelial,92.38,47,77.37
CELL_46611,Neuron,51.19,29,55.92
CELL_45563,Leukocyte,104.66,11,63.97
CELL_11837,Myocyte,37.47,26,71.63
CELL_88494,Fibroblast,115.47,26,94.83
CELL_57042,Myocyte,113.5,20,86.15
CELL_10581,Leukocyte,54.37,26,81.45
CELL_58513,Neuron,50.2,45,99.2
CELL_21635,Leukocyte,83.0,46,56.79
CELL_90848,Myocyte,47.57,44,77.62
CELL_54708,Stem Cell,89.28,5,89.92
CELL_17888,Fibroblast,39.98,30,93.22
CELL_20553,Epithelial,6.9,27,88.26
CELL_68171,Fibroblast,7.37,25,57.01
CELL_33627,Neuron,20.52,50,72.09
CELL_48380,Neuron,69.69,43,72.39
CELL_75003,Fibroblast,37.29,36,75.83
CELL_46235,Epithelial,119.17,11,93.34
CELL_35023,Epithelial,51.35,40,74.96
CELL_10193,Neuron,58.69,11,75.29
CELL_29505,Stem Cell,37.8,7,73.62
CELL_73383,Neuron,26.29,22,70.76
CELL_88298,Stem Cell,9.95,5,78.71
CELL_70554,Leukocyte,31.1,15,68.13
CELL_30504,Myocyte,49.76,44,61.46
CELL_66338,Epithelial,109.81,11,56.06
CELL_11615,Myocyte,67.56,9,50.58
CELL_34664,Neuron,65.38,11,97.96
CELL_95460,Stem Cell,115.7,41,55.99
CELL_80839,Erythrocyte,96.94,23,75.93
CELL_69099,Erythrocyte,22.47,18,78.55
CELL_68635,Leukocyte,23.49,47,87.83
CELL_76366,Fibroblast,61.34,49,81.88
CELL_69812,Fibroblast,8.93,46,78.79
CELL_14772,Fibroblast,65.73,6,65.25
CELL_21380,Neuron,74.74,44,88.59
CELL_81034,Epithelial,95.47,7,89.05
CELL_54918,Fibroblast,106.99,20,71.92
CELL_96856,Stem Cell,7.86,41,87.17
CELL_22093,Stem Cell,12.97,8,68.68
CELL_43536,Stem Cell,114.7,47,78.77
CELL_25307,Epithelial,33.04,26,99.18
CELL_42040,Epithelial,24.09,14,51.44
CELL_60593,Leukocyte,32.08,25,82.25
CELL_40989,Stem Cell,9.92,11,92.58
CELL_70314,Myocyte,61.29,36,90.69
CELL_88935,Epithelial,95.56,13,96.75
CELL_36162,Epithelial,93.98,15,73.74
CELL_49785,Epithelial,87.82,50,92.31
CELL_42188,Myocyte,34.52,19,50.33
CELL_69996,Leukocyte,93.94,12,62.91
CELL_45186,Fibroblast,55.26,46,57.91
CELL_50729,Fibroblast,82.58,48,82.01
CELL_21962,Myocyte,43.43,48,89.07
CELL_11892,Erythrocyte,84.67,45,79.55
CELL_18863,Neuron,90.39,25,54.9
CELL_10184,Epithelial,24.1,9,67.62
CELL_18924,Myocyte,102.34,26,85.02
CELL_50127,Erythrocyte,90.03,37,69.26
CELL_25321,Myocyte,40.95,25,50.71
CELL_54948,Stem Cell,34.8,40,57.13
CELL_51270,Epithelial,107.55,12,66.61
CELL_56596,Fibroblast,70.03,14,94.52
CELL_74145,Neuron,42.1,40,80.28
CELL_59861,Epithelial,98.17,28,86.55
CELL_27319,Myocyte,64.06,37,58.86
CELL_71711,Epithelial,73.54,44,64.31
CELL_90941,Fibroblast,18.44,35,79.86
CELL_89590,Fibroblast,20.87,23,53.3
CELL_10967,Leukocyte,63.04,41,63.6
CELL_55167,Erythrocyte,77.51,20,53.09
CELL_65847,Myocyte,10.94,49,75.05
CELL_99477,Erythrocyte,104.45,41,91.59
CELL_63954,Neuron,7.41,36,71.97
CELL_51295,Fibroblast,83.81,29,67.42
CELL_31683,Fibroblast,56.26,47,75.02
CELL_22570,Erythrocyte,8.08,49,76.35
CELL_76398,Fibroblast,117.08,39,73.77
CELL_40618,Myocyte,104.52,9,75.39
CELL_80571,Myocyte,106.3,29,65.07
CELL_22059,Epithelial,79.99,35,95.77
CELL_21359,Myocyte,15.88,6,83.35
CELL_58376,Erythrocyte,79.13,9,79.96
CELL_35446,Myocyte,23.16,10,96.78
CELL_27389,Erythrocyte,64.29,11,68.21
CELL_84342,Stem Cell,26.17,33,62.4
CELL_74504,Myocyte,5.22,18,73.65
CELL_50708,Stem Cell,73.48,7,74.47
CELL_22165,Myocyte,12.24,9,95.63
CELL_84441,Fibroblast,69.79,26,72.06
CELL_65085,Erythrocyte,73.31,48,64.86
CELL_98513,Epithelial,29.08,37,95.83
CELL_86309,Neuron,88.55,15,81.97
CELL_51765,Stem Cell,90.19,13,54.9
CELL_54462,Erythrocyte,98.37,13,72.98
CELL_50687,Neuron,113.69,8,73.22
CELL_86771,Stem Cell,20.61,12,80.98
CELL_81655,Myocyte,18.72,22,63.03
CELL_10122,Stem Cell,74.61,17,71.4
CELL_97597,Neuron,76.11,36,73.63
CELL_34493,Neuron,7.11,38,50.6
CELL_26128,Erythrocyte,54.56,33,62.92
CELL_89419,Stem Cell,96.3,24,87.63
CELL_70385,Erythrocyte,16.57,22,99.05
CELL_11563,Leukocyte,119.33,26,78.37
CELL_61390,Erythrocyte,18.18,45,94.4
CELL_58232,Erythrocyte,10.24,24,51.11
CELL_90726,Erythrocyte,107.68,37,56.49
CELL_15398,Leukocyte,42.9,37,68.66
CELL_51864,Epithelial,48.23,30,60.68
CELL_13312,Neuron,37.34,23,74.98
CELL_62691,Neuron,70.88,37,88.57
CELL_84200,Stem Cell,13.44,45,89.48
CELL_14319,Epithelial,13.5,26,89.95
CELL_84191,Leukocyte,21.23,34,85.12
CELL_40992,Epithelial,10.2,15,98.32
CELL_34153,Erythrocyte,119.43,6,64.8
CELL_47538,Fibroblast,5.64,34,63.31
CELL_62019,Myocyte,41.02,15,58.51
CELL_82635,Epithelial,33.56,33,70.25
CELL_72940,Fibroblast,34.74,27,83.35
CELL_42669,Leukocyte,56.91,36,95.55
CELL_45715,Stem Cell,56.94,20,80.44
CELL_21660,Erythrocyte,70.86,10,77.17
CELL_46121,Neuron,115.63,29,61.23
CELL_63282,Myocyte,107.01,45,91.75
CELL_51951,Myocyte,12.27,12,97.15
CELL_33443,Myocyte,32.52,47,66.65
CELL_40965,Epithelial,109.36,11,84.58
CELL_87766,Leukocyte,31.53,50,97.22
CELL_86938,Leukocyte,6.42,27,85.03
CELL_36877,Myocyte,32.3,9,65.94
CELL_28358,Leukocyte,9.92,26,82.82
CELL_40943,Epithelial,81.61,12,86.08
CELL_85374,Myocyte,60.1,39,96.01
CELL_38335,Neuron,103.21,12,53.47
CELL_96446,Myocyte,117.54,20,89.68
CELL_85872,Myocyte,15.31,39,52.97
CELL_20403,Neuron,109.42,21,79.81
CELL_59432,Stem Cell,87.71,12,72.1
CELL_75099,Leukocyte,67.17,6,95.88
CELL_19374,Fibroblast,53.1,43,75.98
CELL_91874,Epithelial,42.98,15,56.65
CELL_32443,Fibroblast,95.13,49,56.95
CELL_42976,Stem Cell,39.52,7,60.67
CELL_67288,Myocyte,23.02,28,68.02
CELL_89967,Erythrocyte,87.39,7,53.33
CELL_85564,Leukocyte,108.62,20,67.05
CELL_26519,Epithelial,30.09,9,56.24
CELL_19441,Neuron,61.37,42,92.02
CELL_61887,Fibroblast,102.11,28,81.04
CELL_67021,Fibroblast,41.22,15,77.06
CELL_96120,Epithelial,12.66,39,62.98
CELL_26841,Neuron,84.27,12,70.43
CELL_16640,Epithelial,34.05,28,57.47
CELL_36564,Erythrocyte,108.1,22,78.09
CELL_88957,Epithelial,58.94,20,89.02
CELL_62794,Stem Cell,55.58,11,55.17
CELL_34523,Erythrocyte,12.44,10,68.86
CELL_72898,Neuron,29.04,37,71.79
CELL_21947,Stem Cell,91.81,30,53.52
CELL_56973,Myocyte,49.42,8,69.14
CELL_54196,Stem Cell,45.73,13,85.32
CELL_65754,Leukocyte,74.9,28,98.63
CELL_41312,Erythrocyte,115.01,11,69.07
CELL_76538,Myocyte,28.16,26,66.09
CELL_71226,Fibroblast,7.93,47,83.41
CELL_57767,Myocyte,96.12,6,57.01
CELL_56484,Epithelial,81.35,45,67.09
CELL_36580,Myocyte,84.58,42,91.58
CELL_93893,Leukocyte,101.16,25,50.22
CELL_29679,Stem Cell,57.82,14,97.9
CELL_52030,Stem Cell,107.92,18,50.41
CELL_31554,Leukocyte,51.67,26,50.19
CELL_82592,Epithelial,38.17,5,53.84
CELL_46770,Epithelial,80.25,31,65.04
CELL_77703,Epithelial,60.83,41,84.79
CELL_89737,Epithelial,106.36,37,52.4
CELL_56462,Neuron,76.98,23,51.62
CELL_18873,Erythrocyte,51.18,12,69.98
CELL_64460,Epithelial,78.5,10,61.76
CELL_96902,Erythrocyte,57.53,47,83.89
CELL_23163,Stem Cell,39.57,17,78.11
CELL_88665,Erythrocyte,113.8,32,80.03
CELL_56389,Epithelial,63.92,9,70.13
CELL_14285,Epithelial,63.74,41,79.75
CELL_27074,Epithelial,27.14,49,61.9
CELL_37246,Leukocyte,105.43,8,79.52
CELL_36818,Myocyte,16.66,27,51.92
CELL_29954,Erythrocyte,91.45,5,83.97
CELL_44873,Neuron,113.75,15,85.37
CELL_57694,Erythrocyte,45.42,41,84.37
CELL_81432,Erythrocyte,99.59,13,55.49
CELL_79282,Neuron,40.83,46,95.66
CELL_91915,Stem Cell,49.31,37,66.24
CELL_74271,Leukocyte,70.25,48,81.27
CELL_87770,Erythrocyte,78.98,22,62.67
CELL_57921,Neuron,30.72,43,96.92
CELL_71868,Epithelial,53.8,13,50.04
CELL_13214,Myocyte,70.58,29,57.47
CELL_28043,Neuron,27.48,26,83.22
CELL_74219,Fibroblast,18.72,47,96.38
CELL_40503,Fibroblast,110.01,31,69.07
CELL_82804,Stem Cell,30.64,44,68.53
CELL_47750,Epithelial,113.97,8,97.62
CELL_99349,Fibroblast,97.86,12,88.31
CELL_17334,Neuron,68.92,50,88.73
CELL_99073,Erythrocyte,43.99,13,93.64
CELL_63518,Epithelial,48.73,23,60.22
CELL_74856,Fibroblast,38.33,43,69.09
CELL_46281,Erythrocyte,75.14,11,78.37
CELL_73345,Epithelial,18.55,37,75.14
CELL_75342,Fibroblast,11.8,34,50.25
CELL_79551,Leukocyte,54.56,44,58.77
CELL_97564,Leukocyte,82.74,24,98.63
CELL_79754,Fibroblast,6.23,34,70.55
CELL_32555,Neuron,71.89,50,56.9
CELL_31125,Erythrocyte,16.72,30,88.36
CELL_89130,Fibroblast,73.17,14,87.15
CELL_56875,Stem Cell,16.32,30,92.46
CELL_91951,Neuron,74.72,12,85.37
CELL_10479,Fibroblast,69.02,8,52.59
CELL_98047,Epithelial,94.98,13,50.43
CELL_39898,Erythrocyte,114.69,8,62.89
CELL_37584,Fibroblast,91.88,39,86.87
CELL_92987,Neuron,48.46,38,59.66
CELL_15919,Stem Cell,66.78,23,63.62
CELL_27815,Leukocyte,25.88,9,90.97
CELL_99472,Fibroblast,56.04,41,52.02
CELL_64132,Stem Cell,118.87,31,61.5
CELL_52672,Erythrocyte,45.5,23,98.0
CELL_93536,Erythrocyte,65.94,43,90.04
CELL_25834,Epithelial,82.15,14,80.52
CELL_34697,Leukocyte,18.08,33,95.65
CELL_21065,Leukocyte,33.72,46,96.2
CELL_75556,Stem Cell,96.86,43,74.39
CELL_58683,Erythrocyte,74.28,19,78.49
CELL_30781,Stem Cell,60.47,19,85.97
CELL_96477,Fibroblast,8.72,27,82.6
CELL_70622,Epithelial,72.05,30,90.77
CELL_21926,Stem Cell,10.6,33,91.47
CELL_56311,Fibroblast,61.09,33,72.49
CELL_62158,Fibroblast,62.5,40,81.75
CELL_46417,Epithelial,115.03,47,71.65
CELL_85115,Fibroblast,45.94,31,83.27
CELL_85433,Neuron,88.99,25,96.2
CELL_63037,Myocyte,45.46,46,83.66
CELL_30532,Stem Cell,78.95,46,50.65
CELL_19059,Erythrocyte,57.66,5,76.15
CELL_32964,Neuron,115.36,16,60.45
CELL_10394,Leukocyte,39.37,12,83.43
CELL_97257,Erythrocyte,111.36,37,76.72
CELL_91342,Fibroblast,32.29,50,63.9
CELL_45349,Stem Cell,45.32,13,71.12
CELL_73230,Epithelial,85.67,22,85.58
CELL_43175,Fibroblast,59.05,38,62.65
CELL_32405,Epithelial,15.98,28,98.35
CELL_56657,Stem Cell,20.07,21,74.99
CELL_42634,Leukocyte,7.85,22,78.59
CELL_51325,Fibroblast,21.71,31,66.57
CELL_24000,Neuron,91.18,49,62.7
CELL_99518,Fibroblast,65.34,41,83.73
CELL_44534,Myocyte,8.12,28,78.68
CELL_73024,Epithelial,6.32,48,55.96
CELL_37092,Neuron,109.47,45,55.78
CELL_47683,Myocyte,92.76,44,78.21
CELL_63172,Stem Cell,57.57,34,92.36
CELL_18450,Erythrocyte,52.64,41,69.84
CELL_48711,Myocyte,27.02,16,55.38
CELL_59164,Erythrocyte,101.44,50,55.31
CELL_52606,Stem Cell,8.84,32,65.16
CELL_36955,Neuron,56.14,16,51.25
CELL_58737,Leukocyte,41.62,22,64.35
CELL_23535,Erythrocyte,110.42,15,97.29
CELL_21568,Neuron,111.66,31,73.46
CELL_55337,Stem Cell,24.7,38,53.63
CELL_75028,Stem Cell,56.35,45,99.12
CELL_53459,Myocyte,26.73,36,89.4
CELL_74381,Leukocyte,62.57,36,68.44
CELL_35205,Neuron,101.9,7,74.36
CELL_64850,Erythrocyte,103.33,19,76.87
CELL_57830,Leukocyte,108.49,16,97.29
CELL_14219,Stem Cell,44.76,44,55.89
CELL_65088,Myocyte,82.96,47,92.82
CELL_31048,Neuron,57.42,46,66.8
CELL_63307,Neuron,63.54,17,82.43
CELL_99425,Myocyte,90.22,24,60.25
CELL_26334,Leukocyte,63.15,36,85.83
CELL_75317,Leukocyte,60.74,14,80.41
CELL_56094,Leukocyte,13.75,12,94.14
CELL_62157,Fibroblast,114.4,39,54.48
CELL_24880,Erythrocyte,14.41,50,83.44
CELL_28729,Leukocyte,71.37,41,63.02
CELL_97062,Stem Cell,46.17,14,78.38
CELL_42892,Fibroblast,52.29,8,69.64
CELL_83081,Fibroblast,78.89,10,50.02
CELL_28881,Myocyte,116.32,41,98.39
CELL_60831,Stem Cell,13.22,32,62.36
CELL_48882,Epithelial,110.79,33,71.31
CELL_79913,Epithelial,52.33,41,54.17
CELL_89062,Fibroblast,39.8,26,92.83
CELL_46080,Epithelial,70.29,9,55.1
CELL_95529,Epithelial,92.56,39,59.56
CELL_33493,Leukocyte,101.96,25,55.97
CELL_60004,Erythrocyte,15.42,23,53.45
CELL_80324,Stem Cell,56.35,33,63.23
CELL_99342,Leukocyte,63.13,23,63.0
CELL_96549,Erythrocyte,72.81,13,71.56
CELL_56120,Fibroblast,34.62,21,73.07
CELL_13307,Myocyte,20.18,6,57.83
CELL_43494,Erythrocyte,33.12,16,66.34
CELL_14198,Epithelial,63.41,12,72.09
CELL_10475,Neuron,92.81,12,60.07
CELL_47053,Leukocyte,6.19,18,55.7
CELL_49780,Fibroblast,85.17,29,78.61
CELL_74085,Leukocyte,25.96,35,57.86
CELL_64012,Erythrocyte,103.97,42,76.38
CELL_10814,Fibroblast,67.34,48,61.53
CELL_72987,Myocyte,117.53,18,77.0
CELL_12070,Neuron,20.68,39,63.64
CELL_36046,Fibroblast,93.1,25,80.47
CELL_62120,Myocyte,111.66,36,75.74
CELL_63153,Epithelial,54.15,34,97.19
CELL_60082,Stem Cell,108.62,27,90.66
CELL_26305,Erythrocyte,22.02,14,78.1
CELL_36537,Leukocyte,97.22,43,50.29
CELL_51702,Myocyte,54.24,29,95.5
CELL_81646,Erythrocyte,38.22,35,86.01
CELL_79019,Myocyte,113.91,50,82.01
CELL_93744,Fibroblast,80.31,17,72.22
CELL_76614,Epithelial,55.83,34,66.7
CELL_86525,Stem Cell,113.69,7,90.49
CELL_37369,Leukocyte,22.27,47,76.38
CELL_46648,Myocyte,106.67,23,96.25
CELL_57784,Epithelial,96.74,5,92.36
CELL_73987,Leukocyte,78.75,16,98.25
CELL_77403,Erythrocyte,67.28,14,74.99
CELL_64512,Leukocyte,84.85,46,80.7
CELL_66625,Stem Cell,17.07,13,81.0
CELL_73884,Stem Cell,21.84,30,66.63
CELL_55898,Myocyte,36.09,25,62.91
CELL_19617,Leukocyte,43.49,34,65.65
CELL_44959,Epithelial,46.42,23,50.26
CELL_57456,Fibroblast,10.18,11,70.4
CELL_37436,Leukocyte,19.35,24,92.64
CELL_92314,Myocyte,40.77,25,77.8
CELL_74591,Leukocyte,66.3,14,78.25
CELL_48418,Erythrocyte,91.23,31,87.47
CELL_59328,Fibroblast,69.01,5,54.63
CELL_35870,Stem Cell,23.83,23,69.66
CELL_89365,Stem Cell,72.37,46,76.17
CELL_85884,Myocyte,61.61,13,70.43
CELL_58145,Myocyte,102.93,44,99.89
CELL_41263,Neuron,105.54,15,73.17
CELL_16780,Myocyte,70.66,36,93.4
CELL_69662,Epithelial,112.89,48,76.25
CELL_70622,Leukocyte,55.48,22,94.77
CELL_49780,Leukocyte,76.87,10,74.42
CELL_76638,Neuron,11.21,21,73.27
CELL_62438,Leukocyte,79.65,18,96.12
CELL_65924,Myocyte,73.5,36,65.67
CELL_57229,Neuron,83.51,10,55.8
CELL_25559,Epithelial,28.38,23,65.13
CELL_81355,Neuron,16.72,50,74.24
CELL_28067,Erythrocyte,63.79,39,83.99
CELL_26141,Stem Cell,34.39,45,81.34
CELL_78031,Epithelial,9.79,42,60.1
CELL_37110,Fibroblast,115.94,48,80.65
CELL_81871,Stem Cell,8.51,22,99.96
CELL_52184,Myocyte,88.49,20,93.44
CELL_90705,Neuron,19.54,17,94.24
CELL_38771,Neuron,64.21,47,62.01
CELL_57241,Leukocyte,88.97,42,64.85
CELL_51216,Epithelial,13.0,11,57.12
CELL_84388,Erythrocyte,115.8,14,85.79
CELL_60179,Leukocyte,14.74,23,92.39
CELL_82274,Neuron,13.71,34,80.88
CELL_42046,Fibroblast,40.53,14,50.88
CELL_36880,Epithelial,71.97,21,94.87
CELL_31829,Leukocyte,37.22,50,57.02
CELL_25033,Epithelial,17.33,45,68.79
CELL_56845,Stem Cell,25.94,46,89.1
CELL_60252,Leukocyte,53.1,6,90.13
CELL_22479,Epithelial,95.76,23,51.48
CELL_33556,Epithelial,83.68,25,54.62
CELL_54312,Epithelial,19.51,44,50.74
CELL_71576,Myocyte,47.54,41,79.1
CELL_70621,Epithelial,77.82,9,89.92
CELL_47590,Epithelial,59.76,38,98.44
CELL_45012,Epithelial,85.08,38,96.01
CELL_98067,Stem Cell,69.78,29,95.9
CELL_68786,Myocyte,85.9,12,65.65
CELL_62588,Fibroblast,50.6,7,54.31
CELL_71418,Leukocyte,80.73,38,51.3
CELL_63498,Leukocyte,115.36,34,85.3
CELL_87000,Neuron,62.65,50,87.94
CELL_67600,Neuron,6.53,30,79.43
CELL_24532,Myocyte,16.29,18,75.13
CELL_59045,Myocyte,8.19,25,91.25
CELL_33336,Leukocyte,54.33,49,64.85
CELL_32222,Erythrocyte,87.24,20,80.45
CELL_23412,Fibroblast,96.63,8,63.13
CELL_45348,Leukocyte,73.44,11,67.34
CELL_91883,Erythrocyte,65.26,44,53.24
CELL_52330,Myocyte,99.18,50,62.32
CELL_58387,Fibroblast,10.71,8,68.69
CELL_77649,Fibroblast,56.49,49,98.98
CELL_70727,Fibroblast,95.14,9,62.91
CELL_68551,Myocyte,91.83,32,91.07
CELL_76873,Fibroblast,80.9,44,89.44
CELL_47773,Leukocyte,33.0,50,98.41
CELL_14787,Leukocyte,20.84,21,99.19
CELL_57069,Neuron,85.06,7,88.29
CELL_71994,Neuron,97.7,44,69.63
CELL_39697,Epithelial,44.49,14,70.72
CELL_15569,Leukocyte,108.1,41,75.08
CELL_91071,Leukocyte,16.33,26,54.05
CELL_29308,Epithelial,100.89,29,66.1
CELL_89090,Myocyte,30.3,43,85.41
CELL_97249,Myocyte,113.74,36,91.5
CELL_59753,Myocyte,79.98,28,57.04
CELL_59079,Erythrocyte,9.08,12,65.21
CELL_28963,Fibroblast,104.87,40,84.46
CELL_78684,Epithelial,102.12,33,80.9
CELL_34829,Myocyte,22.45,47,64.11
CELL_54136,Fibroblast,93.25,29,68.49
CELL_86854,Myocyte,11.75,16,50.77
CELL_19951,Myocyte,108.72,46,87.8
CELL_77874,Erythrocyte,44.16,8,68.79
CELL_88717,Fibroblast,7.86,36,51.97
CELL_16845,Fibroblast,79.01,22,77.92
CELL_87485,Myocyte,66.12,33,91.84
CELL_17674,Leukocyte,68.97,28,89.74
CELL_50208,Erythrocyte,7.0,32,71.55
CELL_97478,Myocyte,81.63,27,72.03
CELL_25451,Erythrocyte,107.23,28,66.49
CELL_16087,Leukocyte,93.42,19,55.68
CELL_17731,Epithelial,89.77,31,51.5
CELL_70019,Neuron,71.3,16,94.54
CELL_62384,Stem Cell,105.65,38,52.8
CELL_56730,Stem Cell,36.35,31,89.97
CELL_62616,Stem Cell,6.84,7,78.84
CELL_37331,Stem Cell,68.91,19,73.18
CELL_33104,Erythrocyte,44.0,29,80.85
CELL_20434,Fibroblast,102.85,38,54.5
CELL_62095,Erythrocyte,23.08,43,60.95
CELL_98463,Leukocyte,59.24,34,50.53
CELL_61398,Stem Cell,61.4,9,65.11
CELL_41110,Erythrocyte,104.05,17,85.02
CELL_33805,Erythrocyte,89.37,17,82.64
CELL_22360,Fibroblast,116.9,35,79.18
CELL_96922,Leukocyte,55.48,18,65.1
CELL_99785,Epithelial,55.8,43,92.38
CELL_90656,Myocyte,42.42,50,72.62
CELL_44895,Neuron,19.83,15,94.94
CELL_51164,Erythrocyte,13.37,43,62.51
CELL_70224,Stem Cell,83.48,21,54.05
CELL_67210,Stem Cell,30.49,15,60.95
CELL_28575,Erythrocyte,24.04,48,94.07
CELL_30809,Leukocyte,90.09,36,58.8
CELL_97061,Neuron,58.46,32,68.15
CELL_71875,Fibroblast,7.12,26,51.63
CELL_32713,Neuron,59.32,37,95.13
CELL_44484,Leukocyte,85.6,6,53.82
CELL_64085,Myocyte,14.61,5,98.68
CELL_21601,Neuron,35.99,20,88.91
CELL_52702,Myocyte,67.34,10,60.03
CELL_49074,Stem Cell,25.8,29,85.22
CELL_84885,Epithelial,102.25,35,82.75
CELL_55861,Erythrocyte,69.28,25,77.86
CELL_97834,Fibroblast,112.43,13,58.87
CELL_34120,Leukocyte,98.03,46,61.9
CELL_87770,Fibroblast,108.63,26,93.28
CELL_72673,Neuron,38.92,28,99.24
CELL_83157,Epithelial,98.13,6,65.61
CELL_48897,Epithelial,85.53,9,81.56
CELL_33536,Erythrocyte,66.9,11,90.17
CELL_46314,Epithelial,6.98,49,67.5
CELL_52651,Leukocyte,44.64,25,77.97
CELL_85974,Leukocyte,68.69,33,66.83
CELL_12800,Epithelial,18.83,42,66.61
CELL_40653,Fibroblast,67.53,37,97.57
CELL_33969,Leukocyte,110.73,17,85.33
CELL_39978,Fibroblast,20.22,7,68.81
CELL_93183,Fibroblast,15.4,26,78.03
CELL_44235,Stem Cell,99.86,14,70.92
CELL_92334,Erythrocyte,79.6,30,93.18
CELL_29910,Stem Cell,38.35,18,76.02
CELL_45546,Neuron,5.57,5,86.75
CELL_74807,Neuron,79.5,15,86.09
CELL_55184,Neuron,53.21,20,82.1
CELL_68543,Myocyte,60.42,31,92.16
CELL_22918,Stem Cell,27.62,50,71.39
CELL_17694,Epithelial,6.76,39,63.55
CELL_35644,Stem Cell,112.1,31,71.6
CELL_46807,Erythrocyte,101.77,17,99.28
CELL_29687,Fibroblast,106.57,24,62.17
CELL_11742,Epithelial,86.88,49,76.74
CELL_16190,Fibroblast,73.13,7,76.24
CELL_41837,Myocyte,63.33,15,59.53
CELL_82393,Fibroblast,44.7,35,91.83
CELL_56274,Erythrocyte,14.33,28,68.16
CELL_14989,Epithelial,12.0,27,58.92
CELL_26188,Erythrocyte,38.95,5,72.61
CELL_28231,Fibroblast,21.53,40,71.07
CELL_86780,Stem Cell,81.92,30,83.69
CELL_25913,Stem Cell,57.3,32,94.67
CELL_30762,Leukocyte,111.58,42,82.65
CELL_30732,Myocyte,48.35,26,52.67
CELL_45141,Leukocyte,84.99,24,94.2
CELL_72336,Stem Cell,27.65,36,81.7
CELL_63003,Erythrocyte,116.88,20,60.02
CELL_40457,Leukocyte,81.66,36,80.68
CELL_24487,Stem Cell,75.81,29,59.52
CELL_97402,Stem Cell,58.19,6,77.33
CELL_74678,Stem Cell,50.96,46,53.14
CELL_63065,Myocyte,76.63,24,59.14
CELL_48252,Fibroblast,108.7,30,85.51
CELL_23472,Stem Cell,55.43,43,55.08
CELL_18665,Myocyte,98.06,20,83.87
CELL_89649,Erythrocyte,114.63,46,94.71
CELL_12764,Myocyte,24.39,5,97.71
CELL_71854,Stem Cell,41.64,13,73.81
CELL_23191,Myocyte,45.9,35,99.52
CELL_36587,Neuron,110.74,9,91.79
CELL_92680,Stem Cell,18.86,41,98.03
CELL_25975,Leukocyte,80.38,6,53.19
CELL_27465,Myocyte,35.57,49,90.08
CELL_64213,Myocyte,24.51,5,97.21
CELL_46294,Stem Cell,39.01,46,91.61
CELL_35570,Fibroblast,19.11,22,93.4
CELL_32102,Fibroblast,5.96,10,71.72
CELL_45176,Leukocyte,47.08,39,94.64
CELL_80187,Erythrocyte,42.49,10,50.73
CELL_94299,Myocyte,17.75,32,58.29
CELL_89199,Stem Cell,96.02,8,65.79
CELL_97440,Leukocyte,91.11,10,96.94
CELL_88023,Myocyte,91.49,41,90.93
CELL_62556,Fibroblast,58.4,10,77.28
CELL_82360,Stem Cell,28.27,32,85.19
CELL_42402,Fibroblast,113.56,22,89.03
CELL_29921,Leukocyte,93.16,21,99.4
CELL_78892,Erythrocyte,88.71,30,60.15
CELL_32512,Myocyte,66.35,27,99.03
CELL_81163,Erythrocyte,95.53,39,54.7
CELL_67124,Neuron,51.92,8,58.01
CELL_45516,Leukocyte,97.6,48,59.72
CELL_71099,Epithelial,118.07,8,67.26
CELL_79422,Fibroblast,62.46,8,90.66
CELL_26469,Epithelial,98.88,29,99.6
CELL_40583,Fibroblast,35.31,49,76.0
CELL_10487,Erythrocyte,13.6,27,85.06
CELL_24374,Stem Cell,7.0,40,53.23
CELL_68131,Erythrocyte,54.17,46,67.54
CELL_93647,Myocyte,96.29,23,86.07
CELL_73733,Stem Cell,8.44,48,96.21
CELL_49238,Myocyte,96.51,40,83.43
CELL_51925,Stem Cell,72.59,37,54.29
CELL_64544,Stem Cell,70.45,20,80.44
CELL_43919,Stem Cell,51.04,42,94.58
CELL_96030,Fibroblast,111.5,33,67.59
CELL_75918,Erythrocyte,14.63,22,61.35
CELL_34125,Leukocyte,94.58,37,55.87
CELL_68772,Erythrocyte,35.46,36,83.31
CELL_45436,Neuron,97.35,30,58.25
CELL_94149,Fibroblast,86.12,49,64.51
CELL_27666,Stem Cell,50.37,11,53.03
CELL_13626,Fibroblast,62.3,20,61.44
CELL_79067,Neuron,115.58,28,53.44
CELL_92861,Myocyte,81.05,38,86.72
CELL_87506,Leukocyte,21.71,43,50.79
CELL_24327,Epithelial,106.01,35,63.28
CELL_23222,Erythrocyte,53.7,18,79.31
CELL_45945,Fibroblast,23.0,7,77.96
CELL_57068,Erythrocyte,48.47,46,53.19
CELL_47827,Epithelial,32.3,19,68.66
CELL_27302,Epithelial,52.67,29,65.07
CELL_50215,Myocyte,43.27,41,50.91
CELL_65554,Erythrocyte,7.52,6,78.83
CELL_73312,Stem Cell,92.5,44,71.33
CELL_47908,Fibroblast,117.75,23,76.59
CELL_93298,Epithelial,85.69,8,58.03
CELL_48989,Erythrocyte,90.81,5,64.0
CELL_93574,Neuron,99.77,32,57.81
CELL_51308,Erythrocyte,83.9,28,75.71
CELL_29949,Epithelial,97.64,45,76.29
CELL_59540,Epithelial,94.99,16,96.92
CELL_89291,Stem Cell,78.41,33,83.08
CELL_46591,Erythrocyte,58.37,33,72.73
CELL_24135,Epithelial,118.53,16,77.43
CELL_74653,Stem Cell,29.85,42,58.46
CELL_40206,Neuron,15.97,39,51.78
CELL_63385,Fibroblast,81.08,27,52.44
CELL_74773,Epithelial,29.14,50,61.53
CELL_72202,Erythrocyte,74.7,27,64.32
CELL_33196,Myocyte,108.88,22,99.93
CELL_91379,Leukocyte,76.92,47,59.46
CELL_25442,Fibroblast,23.51,28,69.78
CELL_35423,Leukocyte,37.82,18,94.95
CELL_30014,Leukocyte,88.55,23,56.13
CELL_16561,Erythrocyte,88.7,6,88.53
CELL_61112,Stem Cell,79.52,31,88.54
CELL_28192,Neuron,77.45,23,66.75
CELL_73260,Epithelial,53.7,32,98.32
CELL_61427,Fibroblast,76.75,27,98.67
CELL_42196,Epithelial,69.73,14,51.7
CELL_79900,Leukocyte,64.15,14,74.21
CELL_75622,Erythrocyte,10.52,39,68.58
CELL_40721,Myocyte,39.59,38,80.19
CELL_35174,Stem Cell,20.73,6,70.01
CELL_68533,Erythrocyte,111.42,50,84.85
CELL_61442,Neuron,108.09,41,92.66
CELL_95734,Epithelial,47.72,5,90.6
CELL_54943,Stem Cell,78.83,31,92.23
CELL_31150,Neuron,36.19,34,92.17
CELL_56587,Epithelial,40.85,22,85.84
CELL_85549,Epithelial,88.18,30,54.28
CELL_43727,Erythrocyte,58.3,33,61.04
CELL_77526,Neuron,83.44,13,95.46
CELL_33127,Leukocyte,9.77,21,88.65
CELL_19454,Erythrocyte,53.09,30,51.35
CELL_79165,Erythrocyte,44.71,33,51.35
CELL_61713,Epithelial,15.6,24,84.26
CELL_46103,Fibroblast,119.06,36,88.97
CELL_87202,Fibroblast,72.48,31,94.13
CELL_21030,Stem Cell,54.74,21,76.09
CELL_59807,Neuron,19.38,16,59.65
CELL_47319,Myocyte,51.87,8,74.57
CELL_25029,Epithelial,14.34,34,74.72
CELL_68881,Fibroblast,97.37,49,66.41
CELL_32143,Myocyte,27.91,46,80.1
CELL_79336,Myocyte,68.22,46,60.85
CELL_93366,Erythrocyte,62.13,30,77.45
CELL_50214,Epithelial,82.84,50,53.71
CELL_47480,Erythrocyte,86.84,9,87.68
CELL_84117,Myocyte,51.2,8,78.89
CELL_50001,Erythrocyte,95.11,46,94.25
CELL_87943,Stem Cell,17.65,20,56.71
CELL_56909,Leukocyte,114.33,33,67.67
CELL_86943,Neuron,107.87,36,87.62
CELL_30754,Epithelial,68.37,11,94.72
CELL_25840,Fibroblast,23.86,21,59.69
CELL_92053,Fibroblast,82.5,26,67.39
CELL_50779,Neuron,108.81,31,82.88
CELL_39984,Fibroblast,12.78,12,77.84
CELL_55419,Fibroblast,43.95,18,79.06
CELL_99676,Erythrocyte,81.66,43,64.95
CELL_34490,Epithelial,117.64,46,58.61
CELL_85666,Stem Cell,73.09,24,94.85
CELL_47573,Stem Cell,104.3,50,84.4
CELL_96179,Stem Cell,22.56,48,65.98
CELL_69540,Leukocyte,5.48,40,51.65
CELL_10230,Neuron,61.27,18,74.74
CELL_85055,Epithelial,61.08,49,84.41
CELL_53196,Myocyte,84.8,33,55.38
CELL_64659,Fibroblast,62.71,48,92.77
CELL_69749,Leukocyte,71.96,41,88.39
CELL_73295,Fibroblast,79.74,6,71.25
CELL_39093,Stem Cell,95.2,7,80.22
CELL_65113,Neuron,108.78,46,63.6
CELL_58428,Neuron,46.3,47,96.01
CELL_46651,Erythrocyte,108.54,34,52.11
CELL_43526,Myocyte,116.28,6,73.91
CELL_12170,Epithelial,12.31,18,76.69
CELL_35553,Stem Cell,34.71,18,84.41
CELL_31582,Stem Cell,84.57,13,61.78
CELL_27140,Erythrocyte,76.96,42,73.63
CELL_76406,Fibroblast,75.18,48,94.84
CELL_22712,Neuron,37.85,47,85.64
CELL_48091,Stem Cell,112.6,40,59.92
CELL_51953,Erythrocyte,117.98,29,68.02
CELL_63070,Epithelial,60.42,26,96.59
CELL_92296,Myocyte,69.06,32,78.65
CELL_89825,Epithelial,82.61,41,59.28
CELL_81422,Epithelial,17.09,15,69.46
CELL_47629,Neuron,46.79,18,52.97
CELL_95348,Leukocyte,104.37,47,91.9
CELL_33361,Leukocyte,16.75,50,73.21
CELL_47453,Myocyte,112.89,21,85.23
CELL_60455,Stem Cell,88.16,21,65.02
CELL_56037,Myocyte,5.8,23,57.33
CELL_56785,Fibroblast,106.0,14,54.0
CELL_66192,Stem Cell,47.42,12,92.31
CELL_87700,Neuron,87.87,43,76.17
CELL_98041,Neuron,89.85,7,52.35
CELL_91239,Leukocyte,46.04,20,84.57
CELL_39150,Fibroblast,104.02,7,84.46
CELL_52047,Fibroblast,66.56,50,59.12
CELL_52414,Stem Cell,65.55,9,62.58
CELL_71329,Fibroblast,95.77,20,62.16
CELL_48125,Myocyte,57.92,25,86.39
CELL_95011,Epithelial,5.38,30,69.17
CELL_45504,Fibroblast,79.53,37,97.2
CELL_87108,Epithelial,73.25,32,66.38
CELL_76819,Epithelial,48.01,8,61.16
CELL_20784,Myocyte,65.24,42,53.81
CELL_41818,Epithelial,41.72,29,88.17
CELL_45326,Stem Cell,118.33,36,79.3
CELL_52288,Fibroblast,10.15,32,67.35
CELL_21246,Stem Cell,97.46,49,70.11
CELL_22426,Myocyte,37.23,39,88.68
CELL_42440,Leukocyte,117.58,40,68.16
CELL_56215,Fibroblast,50.83,5,51.18
CELL_63091,Erythrocyte,57.82,5,56.55
CELL_14098,Erythrocyte,89.42,34,81.36
CELL_34202,Epithelial,87.2,50,86.96
CELL_41818,Epithelial,111.42,46,60.58
CELL_88024,Stem Cell,110.76,22,65.84
CELL_53742,Neuron,37.35,47,78.6
CELL_26031,Stem Cell,15.71,40,95.49
CELL_59380,Leukocyte,7.36,20,64.94
CELL_86668,Erythrocyte,45.14,40,69.28
CELL_47064,Myocyte,29.32,7,88.44
CELL_91030,Stem Cell,49.03,18,81.15
CELL_44616,Myocyte,25.8,34,71.35
CELL_79585,Stem Cell,35.25,29,67.48
CELL_60306,Myocyte,48.03,28,63.37
CELL_75626,Neuron,71.28,25,61.58
CELL_64357,Neuron,100.74,11,70.81
CELL_42232,Neuron,90.95,8,99.62
CELL_36558,Stem Cell,24.16,6,71.28
CELL_96722,Epithelial,20.16,46,50.13
CELL_53327,Erythrocyte,21.1,40,100.0
CELL_55252,Epithelial,84.2,9,74.44
CELL_45161,Stem Cell,28.76,8,54.06
CELL_93130,Leukocyte,104.89,15,92.43
CELL_64597,Epithelial,81.05,50,66.1
CELL_96845,Erythrocyte,41.24,50,56.54
CELL_44544,Myocyte,22.03,43,81.56
CELL_63330,Stem Cell,9.45,14,95.63
CELL_91225,Leukocyte,22.95,9,54.05
CELL_92236,Fibroblast,65.76,18,57.16
CELL_69063,Erythrocyte,22.22,18,61.66
CELL_35989,Erythrocyte,55.21,29,72.79
CELL_16119,Leukocyte,50.81,48,78.73
CELL_37180,Erythrocyte,48.81,46,54.95
CELL_93646,Neuron,94.71,19,93.7
CELL_62070,Fibroblast,40.49,12,67.84
CELL_65614,Epithelial,91.67,39,91.85
CELL_33286,Neuron,75.24,6,97.27
CELL_70428,Epithelial,93.82,16,59.17
CELL_79422,Stem Cell,48.65,37,54.29
CELL_32513,Fibroblast,102.12,42,70.11
CELL_25061,Erythrocyte,33.31,45,71.54
CELL_41952,Neuron,119.96,34,93.07
CELL_81499,Stem Cell,94.36,21,87.9
CELL_13699,Stem Cell,114.73,39,65.8
CELL_16985,Myocyte,63.36,28,65.93
CELL_19730,Myocyte,14.07,29,96.89
CELL_36902,Epithelial,115.16,41,88.44
CELL_33658,Neuron,40.25,40,79.84
CELL_72667,Erythrocyte,88.85,23,77.36
CELL_94534,Neuron,83.49,48,59.68
CELL_26711,Myocyte,50.64,11,86.22
CELL_35003,Erythrocyte,89.38,9,77.97
CELL_74499,Stem Cell,20.72,37,73.16
CELL_82476,Leukocyte,92.22,9,63.18
CELL_55084,Myocyte,22.59,30,55.15
CELL_21655,Fibroblast,60.32,16,73.5
CELL_29163,Stem Cell,43.31,43,98.44
CELL_71220,Erythrocyte,104.14,41,58.71
CELL_93735,Leukocyte,110.06,40,70.73
CELL_90867,Myocyte,75.24,43,90.86
CELL_79472,Myocyte,73.33,18,77.94
CELL_41344,Myocyte,40.51,11,87.96
CELL_42479,Leukocyte,44.58,30,82.45
CELL_15340,Erythrocyte,83.24,28,88.69
CELL_17632,Leukocyte,35.88,17,95.51
CELL_82992,Myocyte,35.58,6,50.8
CELL_24299,Myocyte,38.03,7,74.68
CELL_18608,Erythrocyte,52.7,25,50.17
CELL_85240,Leukocyte,114.77,48,82.32
CELL_51326,Erythrocyte,62.25,36,62.05
CELL_94859,Stem Cell,119.37,48,51.15
CELL_17750,Fibroblast,58.14,16,83.88
CELL_23739,Neuron,39.93,50,58.37
CELL_10197,Leukocyte,51.97,30,73.76
CELL_67559,Epithelial,107.01,27,68.74
CELL_51041,Myocyte,91.25,25,52.83
CELL_10372,Myocyte,115.65,5,67.66
CELL_79575,Myocyte,103.53,17,82.27
CELL_97082,Leukocyte,15.4,19,85.74
CELL_12494,Leukocyte,61.04,48,67.44
CELL_27660,Myocyte,97.08,17,85.76
CELL_38854,Epithelial,20.02,22,94.71
CELL_18357,Myocyte,25.76,40,95.38
CELL_12615,Epithelial,16.18,15,92.81
CELL_63950,Stem Cell,10.56,42,80.53
CELL_78576,Stem Cell,119.77,15,72.86
CELL_94112,Epithelial,71.82,39,88.5
CELL_94601,Erythrocyte,16.81,39,87.69
CELL_95559,Leukocyte,32.27,29,51.76
CELL_85378,Epithelial,72.1,47,85.06
CELL_61339,Neuron,95.64,12,87.58
CELL_73360,Neuron,76.18,9,78.51
CELL_18852,Epithelial,103.23,46,76.76
CELL_52675,Leukocyte,15.2,8,83.25
CELL_88146,Myocyte,67.33,30,75.89
CELL_20845,Fibroblast,89.32,24,77.71
CELL_26421,Epithelial,8.25,21,92.66
CELL_85363,Fibroblast,34.45,23,77.06
CELL_67394,Stem Cell,41.83,50,99.85
CELL_64268,Fibroblast,116.0,5,81.28
CELL_16248,Epithelial,101.2,47,80.33
CELL_43152,Neuron,56.18,10,60.55
CELL_42548,Stem Cell,112.41,43,67.49
CELL_84008,Fibroblast,117.8,7,89.42
CELL_60689,Neuron,94.63,11,76.44
CELL_40640,Erythrocyte,23.57,14,57.93
CELL_96135,Stem Cell,92.19,43,89.71
CELL_78716,Leukocyte,104.86,21,71.27
CELL_64393,Fibroblast,87.58,48,94.53
CELL_24577,Leukocyte,101.43,44,89.93
CELL_11116,Myocyte,5.29,22,62.5
CELL_86299,Fibroblast,77.64,46,84.26
CELL_41125,Leukocyte,80.0,29,78.1
CELL_13177,Leukocyte,74.3,45,90.98
CELL_96727,Stem Cell,22.36,35,58.0
CELL_89059,Myocyte,54.39,50,64.06
CELL_91351,Fibroblast,115.53,8,76.55
CELL_74037,Epithelial,18.89,30,77.34
CELL_20479,Neuron,27.79,13,84.6
CELL_27306,Leukocyte,101.86,37,74.8
CELL_22925,Stem Cell,84.69,15,64.78
CELL_34496,Fibroblast,57.79,21,94.42
CELL_82131,Leukocyte,9.78,45,92.35
CELL_89040,Myocyte,40.29,32,63.67
CELL_92038,Neuron,70.2,15,97.6
CELL_93350,Erythrocyte,69.52,47,87.95
CELL_82263,Stem Cell,40.5,11,77.67
CELL_12233,Leukocyte,78.36,22,75.4
CELL_40991,Epithelial,13.18,38,56.25
CELL_79330,Myocyte,103.05,39,56.85
CELL_82830,Epithelial,104.91,16,79.16
CELL_24568,Leukocyte,6.42,21,71.03
CELL_47958,Fibroblast,115.69,8,62.44
CELL_69843,Fibroblast,111.01,27,81.28
CELL_19694,Neuron,48.96,31,77.93
CELL_31116,Myocyte,6.29,44,58.57
CELL_36399,Epithelial,73.24,46,69.68
CELL_80975,Myocyte,35.55,45,86.85
CELL_46146,Leukocyte,15.17,42,89.61
CELL_92560,Stem Cell,33.36,47,61.56
CELL_61767,Fibroblast,98.81,40,91.07
CELL_23384,Leukocyte,100.62,19,76.86
CELL_19146,Leukocyte,51.06,32,59.21
CELL_39490,Leukocyte,55.75,41,60.4
CELL_33758,Myocyte,100.1,12,62.49
CELL_32862,Erythrocyte,11.96,12,64.7
CELL_92317,Epithelial,105.74,15,65.91
CELL_51052,Fibroblast,43.07,35,50.64
CELL_92648,Myocyte,94.0,29,63.72
CELL_70314,Epithelial,58.22,38,89.51
CELL_37407,Myocyte,96.6,30,93.23
CELL_52557,Myocyte,15.06,50,93.17
CELL_50716,Stem Cell,65.5,15,67.73
CELL_10743,Stem Cell,12.06,10,89.76
CELL_55835,Erythrocyte,80.58,23,56.39
CELL_28657,Stem Cell,113.48,18,54.33
CELL_24441,Erythrocyte,38.9,28,81.53
CELL_62289,Neuron,103.22,7,58.44
CELL_14378,Fibroblast,99.31,40,57.11
CELL_81932,Epithelial,99.78,50,99.38
CELL_95554,Leukocyte,34.05,8,79.68
CELL_73539,Fibroblast,117.65,49,90.74
CELL_81722,Leukocyte,5.36,6,50.19
CELL_66968,Leukocyte,41.66,7,91.34
CELL_89528,Fibroblast,113.96,40,85.98
CELL_34014,Erythrocyte,28.09,45,55.52
CELL_96488,Leukocyte,82.62,14,60.5
CELL_79231,Fibroblast,15.1,38,67.3
CELL_24504,Stem Cell,33.38,26,55.81
CELL_43098,Myocyte,118.45,42,73.09
CELL_72152,Neuron,14.23,19,58.0
CELL_39542,Erythrocyte,40.75,33,91.87
CELL_88628,Epithelial,21.09,32,53.56
CELL_61214,Stem Cell,5.63,27,89.44
CELL_31084,Fibroblast,87.86,28,66.05
CELL_13604,Stem Cell,85.22,20,80.86
CELL_59752,Fibroblast,107.12,22,66.84
CELL_85841,Neuron,81.84,32,55.55
CELL_41836,Fibroblast,18.67,41,50.81
CELL_77770,Erythrocyte,75.16,42,96.69
CELL_43380,Stem Cell,36.06,34,81.31
CELL_72847,Erythrocyte,15.85,29,63.1
CELL_15343,Myocyte,108.12,24,70.52
CELL_41074,Fibroblast,89.42,13,85.72
CELL_23857,Erythrocyte,116.05,17,87.47
CELL_66229,Neuron,17.53,28,88.87
CELL_41400,Epithelial,119.12,49,98.16
CELL_21299,Epithelial,23.9,42,75.19
CELL_37455,Fibroblast,90.75,17,80.54
CELL_15810,Neuron,70.17,8,65.62
CELL_28214,Fibroblast,82.33,24,71.52
CELL_76721,Leukocyte,50.68,15,58.54
CELL_19941,Myocyte,112.17,26,72.21
CELL_80282,Epithelial,27.13,41,89.79
CELL_14372,Erythrocyte,42.7,12,96.84
CELL_31893,Myocyte,15.46,22,62.37
CELL_47422,Epithelial,26.97,48,89.98
CELL_50379,Neuron,47.4,12,57.8
CELL_73843,Leukocyte,92.32,30,54.44
CELL_78099,Erythrocyte,69.93,32,50.08
CELL_46913,Epithelial,81.14,42,87.27
CELL_29758,Myocyte,78.47,19,84.36
CELL_95650,Leukocyte,41.37,29,78.04
CELL_55070,Stem Cell,20.11,49,85.71
CELL_37376,Stem Cell,64.02,23,84.23
CELL_74520,Stem Cell,85.12,44,90.65
CELL_28020,Epithelial,23.5,39,98.36
CELL_58585,Fibroblast,20.71,38,94.3
CELL_61660,Myocyte,44.7,37,53.09
CELL_13715,Leukocyte,15.95,17,65.34
CELL_54234,Erythrocyte,61.9,25,73.15
CELL_36362,Fibroblast,95.03,50,99.02
CELL_85020,Epithelial,76.98,32,92.78
CELL_31073,Erythrocyte,41.16,7,54.69
CELL_51107,Fibroblast,67.74,22,53.63
CELL_16088,Neuron,106.21,38,72.45
CELL_14713,Epithelial,38.95,30,86.04
CELL_51151,Erythrocyte,90.13,31,51.77
CELL_74179,Epithelial,111.72,8,87.8
CELL_25754,Epithelial,49.57,24,74.51
CELL_92301,Leukocyte,61.65,39,96.69
CELL_47209,Stem Cell,70.43,18,51.23
CELL_14816,Neuron,46.58,48,56.6
CELL_33770,Neuron,46.97,23,74.29
CELL_81698,Stem Cell,91.95,34,93.56
CELL_20919,Fibroblast,76.41,13,94.87
CELL_96434,Neuron,33.76,41,63.35
CELL_78229,Leukocyte,81.46,14,70.86
CELL_24098,Neuron,112.28,43,78.1
CELL_54669,Epithelial,90.42,15,86.59
CELL_71153,Leukocyte,94.18,9,50.06
CELL_13043,Myocyte,22.72,19,63.89
CELL_15049,Fibroblast,78.17,21,70.2
CELL_22597,Myocyte,114.11,24,96.63
CELL_92384,Stem Cell,107.14,19,63.39
CELL_95610,Neuron,97.67,40,70.63
CELL_13284,Leukocyte,34.47,42,96.0
CELL_46407,Stem Cell,54.78,24,92.42
CELL_20899,Stem Cell,105.83,31,64.55
CELL_39441,Fibroblast,47.28,49,65.64
CELL_81466,Epithelial,6.61,48,78.62
CELL_39404,Erythrocyte,114.07,9,85.84
CELL_19561,Erythrocyte,111.92,20,96.03
CELL_37771,Epithelial,58.77,42,57.22
CELL_80312,Neuron,48.24,46,77.16
CELL_62194,Fibroblast,12.83,42,89.21
CELL_52565,Erythrocyte,5.02,25,78.19
CELL_38511,Leukocyte,74.19,20,76.1
CELL_15357,Fibroblast,43.25,21,74.85
CELL_84244,Stem Cell,91.43,22,59.87
CELL_46591,Stem Cell,111.4,22,72.32
CELL_45247,Fibroblast,96.68,46,82.24
CELL_82239,Leukocyte,59.51,17,64.87
CELL_36677,Stem Cell,15.67,46,84.59
CELL_74763,Erythrocyte,50.42,8,54.67
CELL_13507,Leukocyte,94.92,22,76.37
CELL_58083,Erythrocyte,74.87,39,79.53
CELL_29051,Fibroblast,107.64,20,87.46
CELL_72450,Epithelial,80.91,9,68.86
CELL_68918,Neuron,23.33,22,93.82
CELL_98492,Myocyte,46.57,43,57.57
CELL_36287,Erythrocyte,114.83,34,56.27
CELL_49358,Epithelial,12.82,16,96.29
CELL_27679,Neuron,57.08,41,94.76
CELL_62856,Stem Cell,26.73,37,63.3
CELL_41509,Fibroblast,93.98,37,56.02
CELL_21183,Myocyte,32.6,49,67.72
CELL_61309,Stem Cell,103.0,31,59.73
CELL_19385,Myocyte,102.94,27,69.79
CELL_41943,Stem Cell,49.62,21,80.44
CELL_28886,Fibroblast,79.61,13,58.45
CELL_82652,Erythrocyte,54.53,45,50.02
CELL_35165,Leukocyte,73.87,9,56.74
CELL_98328,Neuron,33.95,40,64.51
CELL_57579,Epithelial,112.39,49,63.01
CELL_31647,Myocyte,99.81,46,80.05
CELL_14799,Neuron,38.84,32,75.32
CELL_16591,Myocyte,74.6,41,96.74
CELL_52491,Leukocyte,55.04,16,97.23
CELL_66545,Stem Cell,31.53,37,55.58
CELL_72863,Myocyte,88.23,27,87.65
CELL_80742,Neuron,115.79,48,97.59
CELL_39761,Neuron,8.98,5,53.88
CELL_31135,Epithelial,45.26,31,56.31
CELL_25902,Epithelial,24.65,43,64.53
CELL_54197,Fibroblast,12.83,34,79.39
CELL_20352,Epithelial,105.24,29,65.28
CELL_87053,Leukocyte,116.61,22,78.75
CELL_56318,Erythrocyte,7.52,48,89.92
CELL_27787,Fibroblast,112.85,30,94.51
CELL_98529,Epithelial,96.62,30,63.75
CELL_15672,Erythrocyte,82.74,30,69.7
CELL_90758,Fibroblast,82.71,6,68.45
CELL_70366,Erythrocyte,9.51,11,77.38
CELL_63411,Fibroblast,15.73,33,97.95
CELL_48752,Epithelial,73.5,40,73.17
CELL_16037,Erythrocyte,104.56,11,88.92
CELL_37629,Epithelial,92.21,13,89.76
CELL_27497,Fibroblast,81.14,30,54.41
CELL_71533,Epithelial,56.88,17,53.46
CELL_19963,Myocyte,89.14,49,75.46
CELL_28344,Neuron,60.79,32,82.98
CELL_98746,Neuron,110.93,7,57.83
CELL_65310,Erythrocyte,25.33,11,98.77
CELL_91072,Neuron,44.22,13,64.65
CELL_36519,Stem Cell,62.78,39,99.01
CELL_90849,Erythrocyte,94.19,10,61.92
CELL_80047,Fibroblast,88.17,42,68.89
CELL_74827,Myocyte,60.11,45,96.74
CELL_58839,Myocyte,84.64,5,52.7
CELL_15821,Fibroblast,10.39,44,99.21
CELL_14254,Fibroblast,113.31,32,59.69
CELL_69226,Erythrocyte,100.0,48,51.55
CELL_17640,Epithelial,18.31,5,66.05
CELL_89278,Epithelial,50.44,10,93.7
CELL_32601,Myocyte,73.17,40,96.93
CELL_93994,Myocyte,10.67,36,53.19
CELL_71394,Myocyte,89.41,23,88.6
CELL_96878,Erythrocyte,26.71,28,87.29
CELL_53573,Stem Cell,63.66,45,77.35
CELL_33736,Erythrocyte,38.48,42,79.44
CELL_17142,Myocyte,69.09,48,95.89
CELL_67134,Erythrocyte,48.31,6,80.35
CELL_82888,Myocyte,55.36,31,79.14
CELL_65492,Epithelial,34.13,26,61.85
CELL_45003,Leukocyte,110.33,47,72.2
CELL_59554,Erythrocyte,10.74,15,86.36
CELL_89234,Myocyte,15.68,8,71.89
CELL_78492,Myocyte,33.04,33,68.87
CELL_80959,Epithelial,86.36,27,75.97
CELL_19153,Leukocyte,81.62,7,61.77
CELL_40614,Neuron,74.42,18,64.46
CELL_50890,Neuron,94.5,48,70.56
CELL_52982,Leukocyte,73.03,10,94.59
CELL_12655,Neuron,75.54,26,64.29
CELL_97256,Erythrocyte,6.74,43,65.56
CELL_85895,Stem Cell,95.65,44,62.44
CELL_69727,Neuron,114.07,11,64.07
CELL_69542,Erythrocyte,104.09,18,69.78
CELL_54310,Stem Cell,45.67,44,93.49
CELL_50237,Fibroblast,70.81,16,92.22
CELL_66160,Neuron,73.5,46,58.65
CELL_14462,Fibroblast,93.04,20,98.77
CELL_97974,Epithelial,85.76,9,65.35
CELL_42529,Myocyte,49.73,34,75.92
CELL_15609,Epithelial,77.44,37,60.06
CELL_87700,Neuron,101.95,34,83.41
CELL_96448,Epithelial,73.35,44,86.19
CELL_63249,Myocyte,71.93,44,76.17
CELL_74378,Leukocyte,54.35,24,85.79
CELL_69543,Erythrocyte,71.56,38,54.24
CELL_34209,Myocyte,70.88,27,90.14
CELL_98809,Fibroblast,97.03,7,91.56
CELL_89227,Myocyte,99.78,32,58.77
CELL_83398,Myocyte,15.33,39,68.65
CELL_59096,Stem Cell,9.5,40,56.84
CELL_18264,Myocyte,57.82,11,83.91
CELL_93683,Fibroblast,15.94,48,72.34
CELL_32573,Erythrocyte,50.21,15,98.59
CELL_35629,Myocyte,86.66,48,67.61
CELL_75225,Fibroblast,73.32,16,62.02
CELL_91285,Fibroblast,14.56,15,58.38
CELL_42727,Stem Cell,104.92,6,72.62
CELL_73476,Myocyte,117.69,26,79.37
CELL_63344,Fibroblast,69.76,11,72.5
CELL_38639,Myocyte,83.82,50,86.29
CELL_36265,Leukocyte,66.76,7,53.18
CELL_27799,Stem Cell,13.03,48,79.91
CELL_78443,Leukocyte,48.18,38,78.47
CELL_32170,Myocyte,60.16,20,76.07
CELL_46188,Fibroblast,99.0,38,97.82
CELL_21965,Stem Cell,52.94,13,81.6
CELL_79396,Leukocyte,54.25,32,58.66
CELL_82318,Stem Cell,53.56,5,91.91
CELL_27626,Epithelial,108.67,15,75.42
CELL_91039,Stem Cell,105.83,47,85.16
CELL_34903,Epithelial,53.77,11,51.88
CELL_83390,Stem Cell,90.22,40,89.13
CELL_19901,Stem Cell,68.17,15,64.79
CELL_96072,Leukocyte,117.8,37,96.3
CELL_79722,Leukocyte,16.32,38,65.93
CELL_22727,Myocyte,28.25,16,73.4
CELL_48857,Leukocyte,75.12,14,90.55
CELL_46612,Erythrocyte,108.6,12,74.27
CELL_55525,Stem Cell,56.09,37,89.77
CELL_65198,Fibroblast,64.18,12,73.5
CELL_61759,Stem Cell,81.47,9,92.09
CELL_75292,Neuron,33.43,29,89.14
CELL_51381,Leukocyte,37.13,6,92.09
CELL_53006,Stem Cell,87.35,32,81.81
CELL_59387,Neuron,60.74,24,50.46
CELL_93436,Fibroblast,80.37,41,67.84
CELL_20559,Leukocyte,71.63,34,86.71
CELL_34244,Leukocyte,78.78,43,64.67
CELL_91051,Myocyte,104.29,50,58.09
CELL_96016,Stem Cell,90.89,25,97.68
CELL_24978,Myocyte,90.5,25,68.56
CELL_64875,Myocyte,48.64,11,74.79
CELL_35583,Neuron,93.56,46,57.07
CELL_89571,Fibroblast,24.53,37,54.15
CELL_13600,Fibroblast,32.1,27,86.0
CELL_65745,Neuron,43.19,24,58.54
CELL_57999,Fibroblast,78.2,38,72.46
CELL_12967,Erythrocyte,31.56,23,88.18
CELL_38066,Epithelial,90.02,7,84.25
CELL_86371,Myocyte,51.34,28,50.97
CELL_69135,Stem Cell,25.85,22,84.38
CELL_64756,Leukocyte,117.11,26,90.83
CELL_16842,Fibroblast,104.79,31,70.56
CELL_19064,Stem Cell,6.28,15,57.31
CELL_54437,Neuron,88.04,32,64.93
CELL_91998,Epithelial,105.09,8,58.53
CELL_22642,Epithelial,17.39,22,50.4
CELL_39815,Leukocyte,34.59,9,79.21
CELL_82025,Erythrocyte,24.81,45,58.25
CELL_94396,Fibroblast,43.96,45,87.45
CELL_25708,Erythrocyte,32.97,7,53.88
CELL_14958,Neuron,13.07,39,61.97
CELL_35034,Stem Cell,91.87,18,94.77
CELL_33488,Myocyte,41.54,40,95.45
CELL_71870,Stem Cell,116.54,35,98.07
CELL_87843,Myocyte,93.15,47,62.7
CELL_80527,Stem Cell,34.42,46,86.28
CELL_32648,Leukocyte,100.66,21,50.54
CELL_89960,Myocyte,5.53,44,65.89
CELL_44424,Erythrocyte,94.07,25,95.93
CELL_50858,Erythrocyte,98.69,11,73.53
CELL_94444,Stem Cell,7.41,20,56.16
CELL_72368,Erythrocyte,40.07,5,79.37
CELL_77755,Myocyte,110.62,10,67.84
CELL_50059,Fibroblast,102.59,23,99.81
CELL_74416,Neuron,29.84,50,71.41
CELL_99168,Myocyte,25.98,13,80.24
CELL_98211,Erythrocyte,98.0,9,85.92
CELL_47008,Epithelial,9.46,26,89.65
CELL_82865,Stem Cell,64.81,14,74.27
CELL_42113,Erythrocyte,98.38,31,71.68
CELL_95400,Epithelial,66.82,38,86.28
CELL_37311,Myocyte,58.54,47,63.53
CELL_40907,Leukocyte,114.96,47,68.83
CELL_95417,Leukocyte,53.87,36,66.37
CELL_75088,Neuron,85.42,14,56.31
CELL_29830,Myocyte,107.74,29,78.72
CELL_51826,Neuron,85.13,6,87.39
CELL_47559,Epithelial,57.18,40,88.88
CELL_37369,Epithelial,115.22,32,85.13
CELL_16326,Erythrocyte,24.69,42,52.61
CELL_93268,Stem Cell,118.56,40,54.76
CELL_48011,Stem Cell,51.34,30,91.34
CELL_85871,Erythrocyte,25.04,5,81.53
CELL_31742,Leukocyte,34.79,22,78.66
CELL_87331,Fibroblast,44.38,28,78.51
CELL_52228,Epithelial,70.33,29,68.85
CELL_99897,Myocyte,64.83,25,75.39
CELL_70732,Neuron,7.17,20,97.62
CELL_25236,Erythrocyte,89.0,28,88.62
CELL_57442,Erythrocyte,50.34,29,84.46
CELL_41988,Neuron,25.74,13,82.94
CELL_12207,Leukocyte,93.1,48,93.66
CELL_64447,Fibroblast,6.48,5,84.31
CELL_66240,Epithelial,93.92,50,94.92
CELL_46107,Stem Cell,61.33,6,54.61
CELL_64879,Erythrocyte,38.66,27,66.12
CELL_65523,Neuron,95.93,40,56.82
CELL_33086,Fibroblast,66.65,35,75.42
CELL_15527,Fibroblast,42.12,17,85.24
CELL_11714,Leukocyte,9.61,36,63.87
CELL_55349,Stem Cell,71.79,41,81.29
CELL_66039,Erythrocyte,69.19,27,90.15
CELL_47130,Epithelial,36.06,5,90.02
CELL_34100,Erythrocyte,11.85,30,97.42
CELL_31746,Leukocyte,103.52,29,64.4
CELL_65949,Neuron,77.57,35,62.1
CELL_36329,Stem Cell,71.36,19,89.99
CELL_46457,Neuron,66.7,13,82.17
CELL_93154,Myocyte,87.63,38,61.37
CELL_59130,Fibroblast,52.48,34,76.68
CELL_31027,Stem Cell,87.6,16,58.95
CELL_38975,Erythrocyte,7.73,21,91.73
CELL_61390,Myocyte,13.95,17,53.41
CELL_17584,Erythrocyte,72.07,40,71.91
CELL_14963,Epithelial,10.45,42,60.99
CELL_39091,Neuron,83.49,32,98.22
CELL_28358,Epithelial,55.61,31,84.79
CELL_49296,Fibroblast,106.88,40,69.57
CELL_79880,Epithelial,57.16,41,87.99
CELL_21321,Stem Cell,105.3,32,50.59
CELL_75154,Stem Cell,113.81,18,98.42
CELL_59412,Myocyte,20.97,37,53.19
CELL_56760,Fibroblast,59.33,26,66.91
CELL_99220,Stem Cell,65.0,7,86.75
CELL_15210,Erythrocyte,106.53,50,60.44
CELL_81435,Epithelial,115.48,38,90.89
CELL_81503,Myocyte,73.91,12,59.61
CELL_39572,Neuron,38.58,24,51.88
CELL_87133,Myocyte,43.51,29,84.19
CELL_18446,Leukocyte,79.34,26,50.29
CELL_29392,Neuron,88.45,7,84.51
CELL_20197,Myocyte,107.89,6,58.59
CELL_70660,Erythrocyte,35.5,47,64.67
CELL_48224,Epithelial,5.05,46,82.21
CELL_83248,Leukocyte,97.81,48,94.38
CELL_83622,Erythrocyte,11.52,46,57.92
CELL_77704,Epithelial,97.8,18,86.99
CELL_14363,Fibroblast,103.23,19,79.11
CELL_74135,Leukocyte,46.48,30,53.6
CELL_32784,Neuron,51.03,40,72.19
CELL_97424,Myocyte,98.93,31,66.92
CELL_35067,Epithelial,80.48,18,74.93
CELL_49354,Stem Cell,45.41,35,92.78
CELL_23179,Neuron,46.42,40,72.59
CELL_27078,Myocyte,29.38,20,90.15
CELL_56911,Neuron,89.71,7,56.79
CELL_56273,Epithelial,71.34,9,78.3
CELL_63236,Epithelial,21.42,8,57.0
CELL_93871,Leukocyte,78.41,11,90.32
CELL_62799,Epithelial,15.67,8,50.15
CELL_67907,Stem Cell,101.51,23,85.92
CELL_36349,Leukocyte,52.82,25,88.66
CELL_75525,Erythrocyte,35.86,10,91.58
CELL_48603,Fibroblast,66.18,14,66.41
CELL_48380,Epithelial,50.4,47,79.73
CELL_23326,Neuron,8.86,26,62.8
CELL_38384,Erythrocyte,115.16,21,58.97
CELL_27156,Stem Cell,5.69,27,92.27
CELL_81701,Leukocyte,49.49,42,60.87
CELL_44197,Neuron,85.11,23,87.65
CELL_40482,Fibroblast,26.41,24,78.86
CELL_67085,Erythrocyte,80.03,12,99.19
CELL_60190,Myocyte,112.47,37,60.84
CELL_32826,Fibroblast,53.73,21,95.87
CELL_12996,Neuron,52.08,26,89.01
CELL_17045,Fibroblast,8.76,27,61.66
CELL_25052,Epithelial,36.21,29,80.01
CELL_24476,Epithelial,42.06,7,83.13
CELL_63545,Stem Cell,35.7,34,61.73
CELL_44842,Myocyte,100.24,14,62.41
CELL_17350,Stem Cell,81.33,30,93.65
CELL_99806,Myocyte,104.26,24,96.56
CELL_27038,Epithelial,118.31,43,83.41
CELL_77438,Stem Cell,119.28,34,73.78
CELL_85221,Epithelial,119.79,41,62.9
CELL_33666,Epithelial,72.16,14,90.03
CELL_48745,Leukocyte,95.16,25,58.38
CELL_39753,Leukocyte,33.27,35,68.76
CELL_87428,Stem Cell,85.21,44,80.63
CELL_74743,Myocyte,101.99,20,95.05
CELL_17765,Leukocyte,53.46,18,69.32
CELL_92295,Myocyte,70.3,28,67.42
CELL_66615,Neuron,116.85,48,90.2
CELL_71598,Epithelial,44.12,48,57.01
CELL_54434,Erythrocyte,30.19,33,87.15
CELL_36837,Neuron,87.94,35,74.25
CELL_22525,Stem Cell,43.56,36,78.81
CELL_80302,Myocyte,87.89,12,92.5
CELL_98581,Stem Cell,10.89,50,85.65
CELL_33651,Erythrocyte,58.96,49,82.44
CELL_48452,Stem Cell,51.22,49,59.48
CELL_50657,Fibroblast,78.28,13,64.77
CELL_18738,Myocyte,36.84,19,82.6
CELL_63710,Fibroblast,26.82,15,62.59
CELL_19699,Stem Cell,112.75,10,51.28
CELL_59131,Myocyte,72.98,47,75.99
CELL_93888,Stem Cell,79.63,26,60.12
CELL_76527,Neuron,5.57,40,84.73
CELL_40021,Epithelial,13.97,50,96.25
CELL_22146,Epithelial,75.51,49,63.93
CELL_29707,Fibroblast,101.05,34,56.93
CELL_14661,Fibroblast,13.66,22,69.43
CELL_45899,Leukocyte,48.36,18,80.48
CELL_34795,Neuron,75.32,33,89.13
CELL_13018,Leukocyte,17.54,9,60.33
CELL_18158,Neuron,92.7,28,97.54
CELL_36037,Neuron,63.1,31,81.62
CELL_99912,Fibroblast,34.76,25,81.22
CELL_39466,Leukocyte,62.3,48,70.85
CELL_21519,Myocyte,34.76,5,60.27
CELL_92176,Leukocyte,24.11,18,92.59
CELL_66548,Erythrocyte,41.55,10,75.57
CELL_48428,Myocyte,49.95,44,77.57
CELL_52173,Neuron,32.58,28,88.09
CELL_21815,Fibroblast,51.52,6,51.95
CELL_34798,Neuron,117.01,37,63.63
CELL_98527,Epithelial,25.77,33,51.87
CELL_79806,Neuron,101.1,5,50.94
CELL_63234,Leukocyte,51.41,44,65.48
CELL_89358,Neuron,71.09,10,94.65
CELL_95442,Neuron,104.31,45,69.37
CELL_58787,Neuron,28.66,7,80.1
CELL_11233,Neuron,41.01,6,50.03
CELL_51481,Leukocyte,93.68,25,57.1
CELL_49868,Stem Cell,105.31,17,73.68
CELL_74222,Fibroblast,98.71,40,79.16
CELL_82248,Myocyte,45.88,10,68.74
CELL_19177,Epithelial,81.01,47,75.26
CELL_36925,Neuron,110.42,41,64.98
CELL_15258,Stem Cell,74.83,40,59.36
CELL_37252,Epithelial,32.32,16,79.46
CELL_66609,Fibroblast,50.9,13,96.86
CELL_42205,Erythrocyte,65.62,30,54.76
CELL_30913,Erythrocyte,25.23,46,66.51
CELL_42976,Erythrocyte,98.49,46,73.75
CELL_39294,Erythrocyte,113.92,9,83.95
CELL_60647,Neuron,37.21,26,97.16
CELL_69183,Stem Cell,18.38,29,71.26
CELL_34387,Neuron,61.18,45,67.58
CELL_27591,Neuron,60.27,24,90.91
CELL_57961,Leukocyte,46.08,42,98.24
CELL_26993,Erythrocyte,117.26,11,83.9
CELL_60866,Myocyte,82.57,13,79.63
CELL_11996,Myocyte,73.7,28,53.74
CELL_69559,Epithelial,78.69,10,79.13
CELL_13196,Neuron,72.52,42,80.76
CELL_10718,Leukocyte,75.9,10,75.59
CELL_89127,Stem Cell,86.8,19,88.82
CELL_93661,Stem Cell,53.81,44,86.41
CELL_14148,Leukocyte,71.9,36,89.23
CELL_55710,Epithelial,24.69,14,66.17
CELL_26321,Erythrocyte,93.29,40,53.96
CELL_79673,Neuron,68.95,46,99.35
CELL_34774,Epithelial,6.28,46,70.12
CELL_75212,Fibroblast,98.1,18,98.2
CELL_39857,Myocyte,12.78,14,63.91
CELL_85351,Myocyte,108.05,24,95.18
CELL_59673,Erythrocyte,51.16,27,75.87
CELL_95986,Stem Cell,20.33,13,73.51
CELL_21875,Myocyte,24.38,22,91.82
CELL_62067,Stem Cell,26.3,24,58.87
CELL_91853,Epithelial,87.35,17,71.87
CELL_43759,Erythrocyte,33.94,38,58.74
CELL_32205,Epithelial,104.97,12,92.75
CELL_82086,Epithelial,91.77,30,97.18
CELL_11236,Fibroblast,10.83,44,99.3
CELL_19206,Neuron,63.29,33,87.76
CELL_86120,Myocyte,97.42,13,55.11
CELL_28915,Erythrocyte,59.07,29,57.76
CELL_23409,Fibroblast,104.72,37,88.38
CELL_90937,Leukocyte,61.87,15,86.31
CELL_76982,Stem Cell,92.8,41,68.15
CELL_88881,Erythrocyte,69.98,38,54.78
CELL_96847,Leukocyte,9.34,16,59.62
CELL_89741,Myocyte,60.17,45,92.97
CELL_85086,Neuron,71.75,11,74.54
CELL_45348,Erythrocyte,104.46,7,73.02
CELL_92465,Neuron,12.68,37,92.89
CELL_88793,Epithelial,118.86,48,69.69
CELL_95587,Erythrocyte,108.98,10,94.05
CELL_53777,Stem Cell,53.38,38,79.66
CELL_39703,Erythrocyte,71.88,45,95.56
CELL_57434,Leukocyte,86.74,22,95.85
CELL_12791,Leukocyte,18.66,42,52.07
CELL_45194,Epithelial,77.23,50,61.35
CELL_64853,Epithelial,11.21,38,93.49
CELL_58600,Stem Cell,83.82,44,65.94
CELL_43827,Erythrocyte,8.39,15,68.21
CELL_33062,Myocyte,85.46,14,76.45
CELL_36749,Neuron,44.78,9,55.98
CELL_74374,Leukocyte,34.46,20,85.27
CELL_87442,Epithelial,119.8,50,95.77
CELL_91704,Epithelial,59.2,16,80.74
CELL_69608,Leukocyte,91.67,42,72.85
CELL_13242,Stem Cell,19.99,16,93.0
CELL_96903,Epithelial,81.29,36,67.1
CELL_86963,Stem Cell,63.96,22,76.13
CELL_32873,Epithelial,49.25,46,74.58
CELL_13752,Erythrocyte,34.36,43,70.02
CELL_92982,Epithelial,111.49,24,98.25
CELL_72921,Neuron,96.98,40,64.45
CELL_64287,Myocyte,25.65,5,84.17
CELL_79371,Fibroblast,45.2,31,90.18
CELL_27145,Leukocyte,68.98,31,93.63
CELL_59057,Neuron,72.16,17,98.04
CELL_32021,Stem Cell,45.97,19,51.61
CELL_45865,Stem Cell,51.37,15,91.21
CELL_52889,Fibroblast,14.46,44,73.42
CELL_96164,Epithelial,26.31,18,88.85
CELL_47911,Myocyte,26.36,41,91.12
CELL_75306,Erythrocyte,18.87,16,99.89
CELL_51289,Epithelial,22.88,46,57.2
CELL_89875,Fibroblast,103.2,17,66.28
CELL_36538,Fibroblast,49.7,30,80.62
CELL_78755,Leukocyte,85.39,19,89.54
CELL_84367,Fibroblast,39.88,31,78.81
CELL_57752,Fibroblast,74.25,35,94.25
CELL_63147,Epithelial,46.2,46,69.25
CELL_10914,Epithelial,93.68,18,71.85
CELL_67257,Neuron,60.75,38,60.38
CELL_18909,Neuron,24.76,32,82.35
CELL_61988,Epithelial,69.94,35,64.5
CELL_15352,Myocyte,54.65,28,88.82
CELL_97591,Erythrocyte,61.74,45,75.91
CELL_23587,Epithelial,110.98,32,86.38
CELL_74178,Fibroblast,110.64,40,74.25
CELL_87681,Neuron,42.01,12,54.54
CELL_72080,Fibroblast,31.5,27,79.17
CELL_83192,Stem Cell,53.54,5,98.48
CELL_81122,Fibroblast,23.3,18,50.57
CELL_46606,Erythrocyte,71.83,32,70.66
CELL_42815,Neuron,110.17,46,53.84
CELL_51097,Leukocyte,49.1,16,62.89
CELL_62624,Myocyte,55.16,22,58.96
CELL_25962,Stem Cell,95.7,36,80.11
CELL_32797,Epithelial,7.63,32,51.72
CELL_89835,Neuron,63.39,46,91.59
CELL_42102,Stem Cell,44.66,44,82.83
CELL_82056,Stem Cell,68.56,30,69.72
CELL_87902,Fibroblast,17.03,47,89.79
CELL_92415,Fibroblast,86.17,24,50.63
CELL_46512,Fibroblast,65.39,9,75.12
CELL_36257,Epithelial,97.43,21,77.45
CELL_48279,Stem Cell,55.66,41,91.92
CELL_29381,Myocyte,48.94,13,73.12
CELL_90280,Leukocyte,22.2,46,96.24
CELL_30817,Fibroblast,15.08,32,71.41
CELL_52164,Myocyte,50.62,42,94.34
CELL_83506,Myocyte,46.67,7,55.6
CELL_19157,Erythrocyte,35.06,27,69.19
CELL_44732,Erythrocyte,103.95,40,78.0
CELL_40065,Myocyte,85.72,10,96.11
CELL_83175,Neuron,80.64,7,64.76
CELL_70773,Stem Cell,76.68,50,55.72
CELL_82316,Fibroblast,26.9,25,55.96
CELL_88042,Stem Cell,118.08,13,85.79
CELL_57539,Erythrocyte,34.76,43,61.17
CELL_53248,Myocyte,32.8,35,78.28
CELL_65240,Stem Cell,81.86,7,83.08
CELL_77013,Neuron,16.29,49,79.11
CELL_33558,Fibroblast,7.08,45,85.92
CELL_17770,Fibroblast,108.36,17,58.99
CELL_11167,Myocyte,80.58,23,70.67
CELL_76927,Leukocyte,96.23,41,73.11
CELL_59482,Epithelial,86.41,44,73.61
CELL_11408,Fibroblast,8.52,16,65.83
CELL_29525,Myocyte,77.22,32,75.64
CELL_84710,Epithelial,15.48,36,60.95
CELL_80368,Erythrocyte,107.08,48,61.64
CELL_37607,Neuron,59.82,49,89.82
CELL_77472,Stem Cell,104.06,14,91.56
CELL_35773,Leukocyte,49.71,26,74.93
CELL_43576,Fibroblast,116.4,23,71.15
CELL_45497,Myocyte,101.47,11,68.89
CELL_56429,Neuron,44.17,36,90.36
CELL_79404,Fibroblast,114.71,34,99.72
CELL_16128,Neuron,34.5,30,56.65
CELL_58071,Myocyte,89.21,13,59.43
CELL_86790,Epithelial,72.33,36,67.04
CELL_60800,Fibroblast,78.32,5,70.62
CELL_93683,Erythrocyte,53.19,8,72.83
CELL_37963,Neuron,40.52,28,67.49
CELL_33634,Stem Cell,27.98,7,86.6
CELL_55036,Epithelial,89.76,39,51.06
CELL_25198,Myocyte,115.66,8,98.87
CELL_16601,Myocyte,115.37,27,94.72
CELL_71830,Epithelial,15.48,34,92.46
CELL_70045,Neuron,31.29,41,77.24
CELL_41661,Erythrocyte,57.16,14,77.28
CELL_45864,Neuron,14.76,16,60.97
CELL_56580,Epithelial,30.84,47,69.61
CELL_27148,Epithelial,108.02,44,76.75
CELL_58069,Fibroblast,7.74,39,52.66
CELL_70322,Fibroblast,7.11,39,59.19
CELL_89698,Fibroblast,12.37,48,87.39
CELL_16065,Neuron,66.31,36,61.37
CELL_29327,Stem Cell,74.13,15,69.75
CELL_20805,Neuron,30.01,39,68.46
CELL_56245,Myocyte,19.83,31,91.76
CELL_55563,Fibroblast,76.74,29,86.38
CELL_58885,Myocyte,116.03,6,75.54
CELL_29868,Myocyte,41.9,45,75.26
CELL_48527,Leukocyte,119.56,45,64.6
CELL_56663,Fibroblast,9.55,35,65.85
CELL_18137,Erythrocyte,110.02,7,74.79
CELL_42709,Stem Cell,9.35,30,52.01
CELL_90033,Leukocyte,19.96,12,63.05
CELL_55464,Stem Cell,12.93,14,88.78
CELL_65525,Erythrocyte,109.19,33,98.42
CELL_58561,Erythrocyte,12.08,19,57.35
CELL_35134,Stem Cell,88.1,42,59.6
CELL_36550,Fibroblast,42.53,33,50.45
CELL_79616,Leukocyte,35.1,20,65.37
CELL_11605,Epithelial,31.63,22,67.9
CELL_41174,Epithelial,113.47,42,76.84
CELL_50243,Stem Cell,113.38,16,54.88
CELL_66451,Fibroblast,117.87,21,90.51
CELL_20907,Epithelial,112.39,7,76.4
CELL_71888,Fibroblast,84.78,25,97.54
CELL_83705,Epithelial,107.72,48,52.93
CELL_33771,Epithelial,22.25,46,92.9
CELL_57828,Erythrocyte,85.75,15,81.56
CELL_17584,Myocyte,91.24,37,68.58
CELL_23931,Epithelial,67.34,22,74.76
CELL_12908,Fibroblast,16.61,9,94.47
CELL_80059,Stem Cell,98.05,29,91.94
CELL_80697,Leukocyte,118.81,48,62.6
CELL_47401,Epithelial,61.9,35,52.31
CELL_13263,Stem Cell,77.76,36,74.56
CELL_89042,Stem Cell,71.49,40,76.39
CELL_89295,Neuron,58.05,11,60.51
CELL_54398,Myocyte,82.12,21,83.75
CELL_50774,Neuron,70.96,33,89.64
CELL_55504,Stem Cell,73.54,20,70.09
CELL_28448,Fibroblast,48.49,32,89.94
CELL_71668,Fibroblast,112.53,50,93.08
CELL_96535,Stem Cell,55.54,45,79.47
CELL_86545,Leukocyte,85.41,27,96.34
CELL_31995,Leukocyte,91.86,21,55.96
CELL_44537,Stem Cell,115.41,9,66.73
CELL_12873,Erythrocyte,69.16,38,93.71
CELL_22721,Neuron,88.89,34,55.46
CELL_84129,Leukocyte,52.91,50,79.33
CELL_20418,Myocyte,50.01,50,86.6
CELL_29673,Epithelial,35.8,27,89.88
CELL_21638,Leukocyte,50.19,25,55.62
CELL_35111,Stem Cell,54.34,41,76.81
CELL_89489,Myocyte,104.72,49,73.9
CELL_61596,Fibroblast,53.75,17,70.7
CELL_50503,Stem Cell,115.86,31,88.9
CELL_59848,Stem Cell,108.81,14,94.66
CELL_60324,Stem Cell,22.45,15,61.13
CELL_89077,Erythrocyte,63.12,10,86.88
CELL_56015,Stem Cell,58.15,30,99.63
CELL_24123,Fibroblast,65.63,27,96.25
CELL_74307,Stem Cell,24.61,23,59.8
CELL_11377,Erythrocyte,84.48,35,72.16
CELL_84371,Myocyte,71.35,5,78.93
CELL_63501,Epithelial,69.69,11,89.45
CELL_15380,Stem Cell,99.81,6,75.81
CELL_37362,Myocyte,65.28,19,60.37
CELL_85467,Leukocyte,116.51,13,93.56
CELL_20719,Neuron,70.84,33,80.68
CELL_21434,Stem Cell,65.23,30,64.51
CELL_91949,Neuron,8.8,33,54.46
CELL_38563,Myocyte,109.87,18,62.36
CELL_11039,Leukocyte,116.52,39,94.78
CELL_85498,Fibroblast,73.52,30,63.09
CELL_36540,Neuron,90.25,28,68.61
CELL_38763,Fibroblast,119.75,14,57.86
CELL_28024,Stem Cell,10.12,19,76.06
CELL_19305,Epithelial,70.1,22,66.48
CELL_61996,Fibroblast,30.24,15,73.2
CELL_24117,Neuron,117.08,25,75.54
CELL_62284,Leukocyte,106.66,12,98.52
CELL_64121,Leukocyte,83.05,42,84.29
CELL_81076,Fibroblast,18.53,42,95.67
CELL_94332,Neuron,17.96,45,67.97
CELL_11523,Stem Cell,16.17,44,64.52
CELL_63611,Neuron,54.97,16,92.33
CELL_73407,Stem Cell,71.14,8,70.85
CELL_73614,Myocyte,51.64,34,95.6
CELL_74670,Myocyte,24.48,34,81.33
CELL_71626,Erythrocyte,96.45,7,97.07
CELL_30649,Epithelial,13.91,24,84.85
CELL_28757,Erythrocyte,31.48,28,64.69
CELL_10509,Neuron,66.85,50,58.56
CELL_44203,Fibroblast,10.9,11,84.61
CELL_81765,Fibroblast,37.31,37,97.81
CELL_89471,Epithelial,109.8,30,93.41
CELL_11619,Epithelial,108.05,38,78.54
CELL_24979,Neuron,108.45,33,94.22
CELL_98435,Stem Cell,44.9,23,95.32
CELL_34347,Stem Cell,90.93,38,79.51
CELL_93720,Fibroblast,75.28,46,96.56
CELL_65951,Neuron,13.48,7,66.94
CELL_94553,Stem Cell,105.49,26,51.18
CELL_77568,Leukocyte,50.47,11,77.01
CELL_87475,Erythrocyte,26.73,18,99.63
CELL_44148,Myocyte,18.07,16,83.6
CELL_71274,Myocyte,53.88,43,88.32
CELL_87376,Erythrocyte,18.02,21,62.78
CELL_96254,Leukocyte,114.47,38,94.81
CELL_39296,Fibroblast,48.7,5,56.37
CELL_41016,Myocyte,44.23,36,65.23
CELL_88672,Neuron,91.9,26,93.27
CELL_37855,Stem Cell,114.27,28,97.15
CELL_94766,Erythrocyte,58.96,21,85.8
CELL_10759,Erythrocyte,19.37,44,63.89
CELL_12189,Epithelial,38.73,9,92.12
CELL_76185,Epithelial,77.47,38,64.85
CELL_19831,Erythrocyte,91.73,47,54.59
CELL_80593,Myocyte,60.76,27,61.36
CELL_17903,Neuron,81.31,35,68.13
CELL_64691,Myocyte,26.27,13,74.68
CELL_50478,Stem Cell,41.81,36,54.75
CELL_70414,Myocyte,66.65,26,98.1
CELL_60948,Epithelial,16.97,10,57.22
CELL_51295,Leukocyte,11.0,11,75.44
CELL_21837,Stem Cell,57.72,34,72.44
CELL_43715,Neuron,93.63,39,88.13
CELL_89410,Erythrocyte,86.97,12,91.15
CELL_35026,Fibroblast,32.05,17,81.23
CELL_41880,Myocyte,84.72,30,55.79
CELL_51246,Leukocyte,31.78,48,82.44
CELL_22848,Erythrocyte,70.36,28,65.85
CELL_18321,Erythrocyte,35.09,7,99.29
CELL_34263,Leukocyte,92.29,22,68.83
CELL_31405,Neuron,85.88,26,59.39
CELL_10009,Myocyte,54.12,30,73.96
CELL_72957,Epithelial,27.87,24,60.07
CELL_46893,Epithelial,27.93,48,70.75
CELL_22005,Fibroblast,36.2,29,65.07
CELL_65839,Epithelial,21.33,8,50.86
CELL_37525,Myocyte,6.55,10,79.07
CELL_46057,Leukocyte,119.45,17,67.62
CELL_89215,Erythrocyte,56.71,46,52.77
CELL_63758,Stem Cell,77.85,48,97.83
CELL_28377,Stem Cell,58.62,40,85.14
CELL_98414,Stem Cell,75.91,33,72.0
CELL_64497,Myocyte,81.29,9,60.72
CELL_49664,Neuron,47.04,10,77.43
CELL_69398,Epithelial,106.15,31,52.74
CELL_24370,Myocyte,53.11,45,79.54
CELL_24054,Epithelial,69.7,47,51.95
CELL_20415,Erythrocyte,97.84,32,72.99
CELL_87180,Epithelial,84.06,48,96.14
CELL_25004,Fibroblast,84.34,35,89.53
CELL_65064,Myocyte,86.73,36,59.61
CELL_42514,Myocyte,67.22,38,81.51
CELL_60337,Stem Cell,101.08,28,56.42
CELL_72360,Epithelial,83.23,19,97.13
CELL_32414,Fibroblast,102.12,44,53.38
CELL_38332,Neuron,102.23,37,77.57
CELL_38508,Epithelial,72.47,16,83.6
CELL_22768,Fibroblast,80.14,35,70.59
CELL_97505,Leukocyte,104.37,18,65.28
CELL_37306,Stem Cell,71.62,10,74.02
CELL_13243,Fibroblast,42.77,39,55.8
CELL_55378,Leukocyte,24.7,31,84.93
CELL_34025,Myocyte,73.97,13,76.95
CELL_40278,Neuron,70.97,40,63.68
CELL_63765,Myocyte,111.07,13,93.76
CELL_60413,Fibroblast,29.65,49,67.4
CELL_44274,Neuron,36.97,28,70.1
CELL_19646,Erythrocyte,106.94,32,71.8
CELL_42427,Epithelial,40.45,49,69.57
CELL_34010,Erythrocyte,19.74,6,53.29
CELL_63992,Epithelial,69.07,37,73.37
CELL_80797,Erythrocyte,65.83,24,92.71
CELL_91400,Erythrocyte,22.88,34,64.38
CELL_64366,Leukocyte,11.13,22,67.51
CELL_74033,Myocyte,81.22,15,67.14
CELL_96474,Stem Cell,38.86,36,60.95
CELL_36856,Epithelial,96.2,9,77.74
CELL_41818,Erythrocyte,44.59,22,68.74
CELL_77191,Fibroblast,102.91,32,69.49
CELL_72723,Neuron,72.5,50,97.03
CELL_25071,Myocyte,42.44,35,96.53
CELL_62960,Myocyte,58.11,18,99.37
CELL_94884,Erythrocyte,27.21,29,65.45
CELL_77277,Erythrocyte,39.48,20,98.69
CELL_88505,Leukocyte,118.48,26,68.64
CELL_78945,Neuron,57.58,10,65.28
CELL_80788,Stem Cell,8.61,29,96.72
CELL_25694,Erythrocyte,71.04,25,57.28
CELL_90241,Myocyte,26.88,9,95.5
CELL_74188,Stem Cell,94.43,29,73.09
CELL_46565,Erythrocyte,41.92,26,75.98
CELL_18765,Epithelial,103.92,19,92.18
CELL_98391,Erythrocyte,96.1,39,65.35
CELL_70992,Neuron,10.87,35,76.19
CELL_31280,Leukocyte,56.26,11,63.64
CELL_38267,Neuron,46.37,45,81.35
CELL_27399,Leukocyte,65.86,44,56.8
CELL_55447,Neuron,84.72,19,75.96
CELL_63882,Myocyte,42.7,33,89.53
CELL_39208,Erythrocyte,67.95,26,78.75
CELL_80846,Leukocyte,42.54,42,78.67
CELL_76442,Epithelial,29.97,22,68.06
CELL_98859,Neuron,13.6,33,86.24
CELL_48911,Stem Cell,53.92,9,94.9
CELL_22406,Erythrocyte,51.98,5,62.79
CELL_99058,Erythrocyte,117.37,28,82.67
CELL_92149,Neuron,38.68,47,57.77
CELL_53911,Epithelial,90.38,10,89.19
CELL_69382,Fibroblast,44.66,27,77.41
CELL_81805,Neuron,94.27,48,71.02
CELL_67984,Neuron,75.57,44,59.41
CELL_64423,Leukocyte,104.39,37,86.47
CELL_75580,Neuron,20.85,25,94.94
CELL_57352,Stem Cell,60.45,40,80.63
CELL_16792,Neuron,53.43,5,63.87
CELL_17886,Epithelial,105.66,24,81.63
CELL_76667,Myocyte,29.6,27,98.49
CELL_75947,Stem Cell,76.35,10,74.14
CELL_33113,Stem Cell,93.31,23,63.82
CELL_24642,Neuron,47.95,48,57.32
CELL_16475,Stem Cell,108.76,45,79.56
CELL_94457,Leukocyte,77.61,19,58.52
CELL_61902,Leukocyte,51.16,48,68.04
CELL_19055,Fibroblast,84.82,25,84.73
CELL_73807,Epithelial,26.12,50,84.03
CELL_90674,Erythrocyte,41.47,14,70.17
CELL_39939,Epithelial,23.16,7,50.16
CELL_31509,Erythrocyte,5.74,10,81.22
CELL_65893,Erythrocyte,101.42,13,58.45
CELL_76306,Stem Cell,46.02,24,50.56
CELL_57777,Neuron,16.34,17,65.08
CELL_57156,Fibroblast,22.09,41,75.69
CELL_58387,Leukocyte,112.84,22,82.42
CELL_98964,Erythrocyte,75.31,19,96.96
CELL_52125,Erythrocyte,66.61,45,88.7
CELL_83180,Myocyte,15.11,14,77.77
CELL_37343,Myocyte,9.95,11,97.31
CELL_98587,Myocyte,94.8,32,80.89
CELL_13827,Myocyte,41.56,6,74.38
CELL_85386,Fibroblast,95.97,31,71.47
CELL_49100,Myocyte,92.29,42,83.38
CELL_57635,Leukocyte,89.36,47,88.31
CELL_39069,Epithelial,26.56,14,94.59
CELL_21712,Epithelial,60.84,28,71.3
CELL_47036,Epithelial,56.23,46,89.43
CELL_20406,Neuron,12.02,23,50.46
CELL_60980,Fibroblast,25.14,6,51.33
CELL_30084,Neuron,94.0,19,70.61
CELL_87850,Myocyte,43.01,22,50.17
CELL_67735,Fibroblast,100.45,7,89.13
CELL_17787,Erythrocyte,40.87,41,69.5
CELL_70795,Neuron,85.66,5,52.56
CELL_80614,Stem Cell,91.92,27,68.99
CELL_34612,Leukocyte,59.71,32,98.19
CELL_79774,Myocyte,96.67,24,52.47
CELL_26460,Myocyte,34.76,43,79.01
CELL_53717,Leukocyte,76.11,26,73.7
CELL_73316,Erythrocyte,28.39,10,50.67
CELL_68036,Neuron,63.31,14,92.88
CELL_72437,Leukocyte,112.24,9,67.09
CELL_77714,Leukocyte,15.78,33,55.02
CELL_29474,Epithelial,36.84,11,96.57
CELL_87697,Epithelial,7.24,44,55.65
CELL_58919,Erythrocyte,99.02,17,80.09
CELL_35842,Neuron,93.22,10,69.07
CELL_25333,Epithelial,45.73,38,69.0
CELL_30759,Leukocyte,72.9,14,69.22
CELL_26124,Leukocyte,48.97,19,55.56
CELL_16166,Fibroblast,6.45,15,80.53
CELL_12710,Neuron,7.13,6,67.36
CELL_31771,Stem Cell,100.24,7,97.37
CELL_16311,Leukocyte,114.99,31,97.76
CELL_64785,Leukocyte,60.6,10,58.49
CELL_15727,Leukocyte,51.1,28,93.3
CELL_37170,Epithelial,66.56,15,79.99
CELL_75228,Erythrocyte,17.38,40,81.6
CELL_15862,Stem Cell,13.08,49,75.14
CELL_67496,Erythrocyte,13.68,19,92.62
CELL_43268,Leukocyte,106.46,36,62.44
CELL_43497,Leukocyte,102.56,9,87.21
CELL_45573,Erythrocyte,104.05,43,79.64
CELL_58108,Neuron,60.87,42,99.86
CELL_46948,Fibroblast,75.08,50,63.98
CELL_15147,Erythrocyte,73.28,42,60.3
CELL_26195,Fibroblast,109.06,40,92.47
CELL_21110,Leukocyte,16.67,17,80.46
CELL_82766,Epithelial,87.55,11,64.91
CELL_89035,Myocyte,68.35,45,95.45
CELL_92291,Neuron,10.18,16,66.33
CELL_99400,Leukocyte,113.05,15,57.24
CELL_22170,Epithelial,109.21,33,91.08
CELL_48689,Epithelial,60.46,32,52.76
CELL_78733,Leukocyte,104.94,42,55.82
CELL_38465,Epithelial,53.63,19,97.22
CELL_68052,Stem Cell,58.9,42,87.51
CELL_67818,Epithelial,41.97,27,59.67
CELL_51563,Neuron,100.31,44,97.67
CELL_84571,Stem Cell,50.92,32,90.25
CELL_21877,Stem Cell,90.08,7,68.32
CELL_42645,Fibroblast,60.29,6,85.35
CELL_18151,Leukocyte,95.33,6,95.73
CELL_45175,Neuron,20.48,21,76.57
CELL_44743,Stem Cell,81.42,45,93.2
CELL_81409,Epithelial,21.34,49,63.58
CELL_63767,Leukocyte,68.83,39,98.88
CELL_48608,Erythrocyte,34.99,19,97.51
CELL_17037,Epithelial,8.72,30,56.28
CELL_63073,Neuron,104.39,27,69.78
CELL_10453,Neuron,5.3,40,94.93
CELL_14079,Stem Cell,34.43,5,62.45
CELL_62508,Leukocyte,70.99,15,50.92
CELL_95099,Fibroblast,96.08,45,74.42
CELL_87337,Myocyte,112.18,21,62.1
CELL_77294,Stem Cell,44.61,46,79.09
CELL_11030,Leukocyte,48.8,36,58.7
CELL_13642,Myocyte,34.33,39,89.87
CELL_81124,Erythrocyte,20.08,23,75.59
CELL_13966,Epithelial,114.36,23,54.38
CELL_94087,Epithelial,101.12,46,94.64
CELL_77914,Neuron,24.67,29,72.28
CELL_66097,Stem Cell,16.38,18,96.24
CELL_11219,Fibroblast,49.91,24,52.29
CELL_76815,Erythrocyte,43.63,15,61.99
CELL_66396,Leukocyte,115.89,20,80.54
CELL_75745,Epithelial,115.13,12,85.15
CELL_30922,Leukocyte,91.42,39,94.86
CELL_18734,Stem Cell,85.82,45,89.44
CELL_36288,Epithelial,38.86,24,50.33
CELL_99240,Fibroblast,34.08,22,87.99
CELL_58145,Epithelial,109.54,31,95.85
CELL_16811,Stem Cell,46.54,5,74.36
CELL_56563,Fibroblast,57.12,40,59.73
CELL_76450,Epithelial,109.71,33,59.34
CELL_26338,Epithelial,50.22,18,57.23
CELL_65259,Myocyte,98.76,19,73.13
CELL_25443,Neuron,112.98,26,55.5
CELL_16399,Fibroblast,42.89,17,86.96
CELL_25624,Neuron,18.7,20,51.68
CELL_94908,Erythrocyte,82.12,35,68.53
CELL_28354,Erythrocyte,73.66,8,88.25
CELL_23021,Fibroblast,30.11,44,61.5
CELL_20342,Myocyte,65.74,50,57.41
CELL_31417,Erythrocyte,119.43,29,89.94
CELL_99497,Leukocyte,106.93,23,55.39
CELL_39273,Leukocyte,45.77,34,80.36
CELL_25304,Epithelial,23.85,32,75.19
CELL_38669,Leukocyte,105.42,29,66.49
CELL_83589,Fibroblast,112.92,19,59.67
CELL_22775,Leukocyte,19.57,23,80.52
CELL_51854,Fibroblast,48.13,12,70.62
CELL_12186,Stem Cell,106.69,21,91.74
CELL_87817,Erythrocyte,35.04,33,54.45
CELL_16616,Fibroblast,74.52,46,63.32
CELL_94807,Stem Cell,101.11,7,83.85
CELL_93318,Fibroblast,30.76,47,64.3
CELL_44201,Epithelial,118.33,19,70.98
CELL_33497,Neuron,64.25,36,92.31
CELL_46863,Erythrocyte,53.35,41,51.12
CELL_67333,Erythrocyte,98.03,42,52.39
CELL_65961,Stem Cell,106.69,45,56.05
CELL_90126,Erythrocyte,84.53,9,54.24
CELL_62343,Myocyte,107.25,20,57.71
CELL_28759,Myocyte,25.27,25,81.37
CELL_93107,Stem Cell,63.6,35,61.59
CELL_89549,Neuron,39.79,39,70.49
CELL_30178,Neuron,42.7,24,93.15
CELL_85321,Erythrocyte,74.54,19,71.41
CELL_86776,Erythrocyte,55.57,29,55.92
CELL_51444,Neuron,30.81,9,50.06
CELL_35702,Fibroblast,36.38,19,91.81
CELL_22351,Fibroblast,35.04,23,56.59
CELL_68019,Erythrocyte,52.39,43,80.16
CELL_50034,Epithelial,119.24,22,56.68
CELL_36352,Stem Cell,81.67,9,52.48
CELL_40286,Neuron,97.28,6,89.34
CELL_40495,Neuron,60.18,10,59.08
CELL_45864,Leukocyte,69.61,43,60.88
CELL_66413,Erythrocyte,11.51,16,52.32
CELL_96155,Leukocyte,63.87,45,76.45
CELL_12684,Erythrocyte,116.75,43,57.07
CELL_57747,Epithelial,106.45,24,87.0
CELL_14222,Epithelial,68.57,43,77.78
CELL_53193,Fibroblast,55.3,22,70.24
CELL_22274,Myocyte,41.27,8,66.43
CELL_81418,Leukocyte,63.52,11,68.51
CELL_66491,Erythrocyte,27.28,17,89.5
CELL_76092,Myocyte,80.25,13,90.93
CELL_63048,Leukocyte,37.42,23,88.65
CELL_13957,Leukocyte,90.21,33,68.76
CELL_65076,Neuron,7.43,31,99.75
CELL_75454,Leukocyte,80.09,12,75.45
CELL_95195,Stem Cell,79.56,16,79.22
CELL_71905,Myocyte,94.98,7,55.8
CELL_23123,Neuron,14.5,42,80.26
CELL_69868,Epithelial,75.66,44,54.94
CELL_23140,Erythrocyte,63.33,23,63.8
CELL_71834,Fibroblast,46.59,6,66.27
CELL_11593,Erythrocyte,35.82,38,98.61
CELL_35105,Fibroblast,78.28,28,86.45
CELL_37553,Epithelial,50.11,28,75.43
CELL_48850,Epithelial,55.47,32,88.12
CELL_44784,Neuron,53.84,21,85.27
CELL_12474,Epithelial,27.92,43,90.46
CELL_72731,Fibroblast,13.16,32,53.58
CELL_84561,Epithelial,94.46,37,55.45
CELL_64051,Neuron,88.94,22,89.31
CELL_24997,Myocyte,42.14,45,70.45
CELL_86695,Erythrocyte,80.87,22,53.15
CELL_54714,Myocyte,99.92,26,80.82
CELL_86018,Erythrocyte,55.52,14,86.99
CELL_89046,Stem Cell,68.4,47,64.48
CELL_46726,Myocyte,52.32,24,95.75
CELL_81619,Myocyte,31.82,12,82.25
CELL_68574,Myocyte,84.7,41,64.13
CELL_22540,Fibroblast,9.64,25,73.91
CELL_21663,Neuron,90.75,49,81.63
CELL_77950,Leukocyte,81.58,23,64.11
CELL_95830,Erythrocyte,118.42,19,75.72
CELL_47431,Epithelial,111.0,10,87.46
CELL_83089,Fibroblast,80.51,8,95.47
CELL_76170,Stem Cell,85.45,39,92.68
CELL_44330,Stem Cell,28.49,6,67.46
CELL_21374,Epithelial,68.21,31,78.97
CELL_91652,Myocyte,72.25,28,60.48
CELL_82612,Epithelial,8.78,10,66.96
CELL_24874,Neuron,48.0,28,51.36
CELL_14986,Erythrocyte,9.38,33,54.71
CELL_45423,Neuron,88.46,8,63.18
CELL_24433,Neuron,38.32,9,84.72
CELL_24370,Stem Cell,49.65,50,63.78
CELL_26256,Erythrocyte,46.7,30,72.84
CELL_87852,Epithelial,56.1,45,65.91
CELL_88311,Stem Cell,95.61,34,57.59
CELL_23354,Myocyte,61.3,14,53.91
CELL_59947,Neuron,66.59,40,55.31
CELL_11364,Myocyte,109.15,20,86.88
CELL_34592,Myocyte,113.83,24,99.98
CELL_95253,Epithelial,78.11,43,75.64
CELL_42553,Neuron,81.04,28,71.84
CELL_37960,Fibroblast,99.71,6,73.64
CELL_49185,Myocyte,7.69,44,78.05
CELL_53311,Leukocyte,34.99,32,91.35
CELL_49502,Fibroblast,23.27,20,73.85
CELL_25457,Epithelial,118.43,39,74.81
CELL_49228,Myocyte,79.6,38,65.63
CELL_39084,Erythrocyte,56.09,27,91.1
CELL_12255,Fibroblast,54.34,5,93.84
CELL_80366,Stem Cell,44.42,27,63.46
CELL_15794,Myocyte,25.83,23,93.95
CELL_26295,Leukocyte,74.33,19,71.17
CELL_76605,Myocyte,62.8,37,94.44
CELL_40951,Epithelial,44.1,35,56.55
CELL_44630,Stem Cell,89.66,8,53.66
CELL_87349,Neuron,70.53,42,76.48
CELL_43717,Stem Cell,102.03,12,56.12
CELL_97951,Neuron,44.9,40,80.3
CELL_54800,Neuron,33.81,15,65.78
CELL_15503,Myocyte,41.73,29,72.22
CELL_20594,Epithelial,98.8,27,88.48
CELL_87948,Neuron,20.96,47,51.85
CELL_30184,Neuron,100.91,47,54.59
CELL_80733,Neuron,60.4,35,93.41
CELL_19705,Myocyte,15.0,17,93.0
CELL_90552,Fibroblast,90.81,29,78.23
CELL_10703,Stem Cell,72.6,21,54.45
CELL_58440,Stem Cell,119.86,48,72.03
CELL_49889,Erythrocyte,51.99,40,60.84
CELL_26913,Neuron,98.58,17,52.94
CELL_85246,Stem Cell,55.13,14,95.59
CELL_77390,Neuron,115.63,21,58.64
CELL_93260,Erythrocyte,16.42,47,89.36
CELL_89153,Stem Cell,100.71,41,91.55
CELL_63571,Myocyte,117.51,23,50.22
CELL_81830,Myocyte,95.99,40,77.09
CELL_35637,Erythrocyte,107.78,23,59.1
CELL_63185,Leukocyte,35.37,32,70.77
CELL_71540,Neuron,73.33,16,82.82
CELL_57511,Myocyte,75.53,40,97.21
CELL_52306,Fibroblast,104.88,50,99.63
CELL_14052,Stem Cell,81.25,12,82.47
CELL_94255,Neuron,42.73,9,63.28
CELL_24250,Leukocyte,50.28,46,55.52
CELL_17746,Myocyte,80.86,47,81.61
CELL_13350,Epithelial,116.03,34,80.69
CELL_30146,Fibroblast,30.74,36,71.96
CELL_23416,Leukocyte,17.58,26,80.53
CELL_63451,Epithelial,33.03,24,63.18
CELL_35874,Epithelial,9.09,13,56.57
CELL_41644,Neuron,77.88,27,81.25
CELL_20764,Leukocyte,57.03,41,75.43
CELL_96976,Myocyte,27.98,15,54.97
CELL_71303,Fibroblast,32.87,48,81.15
CELL_83927,Myocyte,8.16,50,98.99
CELL_83127,Fibroblast,47.12,50,77.46
CELL_53705,Epithelial,17.27,15,80.66
CELL_82228,Epithelial,113.32,31,97.74
CELL_75158,Erythrocyte,104.44,30,80.93
CELL_78993,Stem Cell,42.54,21,82.85
CELL_63571,Leukocyte,34.54,36,91.54
CELL_80449,Erythrocyte,87.15,12,97.09
CELL_77522,Leukocyte,78.52,17,89.66
CELL_28060,Fibroblast,96.06,5,77.31
CELL_50163,Fibroblast,95.64,29,66.47
CELL_91111,Stem Cell,32.28,6,95.6
CELL_82847,Myocyte,117.75,42,84.03
CELL_46950,Leukocyte,24.72,46,90.27
CELL_13255,Fibroblast,41.15,46,75.91
CELL_73321,Neuron,46.83,48,51.5
CELL_83432,Erythrocyte,82.95,40,85.05
CELL_37478,Epithelial,117.3,19,53.68
CELL_48776,Fibroblast,27.14,13,69.93
CELL_79350,Epithelial,27.23,13,97.74
CELL_67508,Myocyte,30.35,26,86.08
CELL_18893,Stem Cell,85.85,26,54.02
CELL_59998,Erythrocyte,27.14,47,68.34
CELL_67621,Fibroblast,8.22,22,52.04
CELL_32680,Epithelial,60.17,13,73.42
CELL_87717,Fibroblast,64.9,9,83.72
CELL_65687,Erythrocyte,36.14,5,89.61
CELL_52994,Myocyte,15.23,20,60.57
CELL_30870,Myocyte,58.42,14,95.25
CELL_11569,Epithelial,98.85,25,96.73
CELL_23000,Stem Cell,69.36,17,91.4
CELL_45899,Epithelial,34.67,22,71.13
CELL_46213,Myocyte,80.18,17,92.83
CELL_88367,Myocyte,100.25,7,80.37
CELL_25766,Epithelial,19.79,23,79.45
CELL_62597,Erythrocyte,103.83,32,70.92
CELL_73723,Epithelial,68.49,8,63.8
CELL_29149,Erythrocyte,94.44,6,67.75
CELL_46552,Stem Cell,87.39,6,55.49
CELL_10106,Fibroblast,60.42,11,62.12
CELL_31994,Erythrocyte,64.52,44,69.84
CELL_75141,Myocyte,9.05,37,74.47
CELL_43266,Erythrocyte,34.25,9,95.42
CELL_77876,Stem Cell,68.46,23,54.82
CELL_75168,Stem Cell,73.58,8,81.89
CELL_33761,Neuron,101.13,20,86.34
CELL_51122,Neuron,32.28,41,98.43
CELL_21412,Epithelial,114.97,39,88.93
CELL_43075,Neuron,32.91,36,61.37
CELL_77072,Epithelial,29.74,13,61.26
CELL_85659,Neuron,55.4,24,55.03
CELL_95443,Myocyte,116.24,10,54.09
CELL_68545,Fibroblast,86.66,32,52.45
CELL_68078,Epithelial,104.41,49,97.48
CELL_97089,Fibroblast,84.36,30,69.95
CELL_57075,Fibroblast,36.48,49,83.96
CELL_45045,Stem Cell,65.51,29,76.57
CELL_97610,Fibroblast,95.34,25,61.05
CELL_57095,Erythrocyte,53.24,31,89.75
CELL_70004,Erythrocyte,7.93,8,99.77
CELL_22751,Leukocyte,111.78,11,73.03
CELL_16915,Myocyte,60.68,36,54.68
CELL_64448,Leukocyte,45.5,34,66.27
CELL_14610,Myocyte,34.22,35,86.04
CELL_15562,Leukocyte,56.95,9,54.04
CELL_95981,Stem Cell,17.42,42,86.04
CELL_11702,Leukocyte,9.33,23,52.21
CELL_47152,Leukocyte,106.39,34,74.14
CELL_93487,Erythrocyte,106.7,19,64.36
CELL_93124,Fibroblast,78.48,29,55.3
CELL_22262,Stem Cell,35.48,12,58.34
CELL_73508,Epithelial,104.29,29,61.97
CELL_15144,Erythrocyte,71.4,49,53.22
CELL_71146,Stem Cell,118.12,44,95.08
CELL_57741,Stem Cell,11.75,47,84.5
CELL_32340,Leukocyte,54.49,15,97.79
CELL_21205,Leukocyte,100.38,45,97.96
CELL_99162,Erythrocyte,113.91,22,79.52
CELL_45546,Myocyte,68.64,6,84.06
CELL_44530,Epithelial,72.99,24,56.34
CELL_39661,Stem Cell,38.44,29,80.54
CELL_91181,Neuron,11.65,38,59.05
CELL_48831,Erythrocyte,117.77,48,77.57
CELL_53111,Epithelial,103.57,46,74.73
CELL_43371,Myocyte,11.57,37,55.33
CELL_98716,Stem Cell,97.39,19,97.8
CELL_86540,Epithelial,19.88,22,51.74
CELL_38973,Erythrocyte,72.65,11,79.53
CELL_28145,Myocyte,94.62,47,73.33
CELL_35357,Neuron,26.64,14,74.15
CELL_12574,Neuron,57.83,47,90.33
CELL_71698,Stem Cell,7.97,28,76.12
CELL_71079,Stem Cell,13.45,13,71.67
CELL_55968,Stem Cell,20.72,7,88.55
CELL_47071,Epithelial,51.68,24,92.41
CELL_17586,Epithelial,58.13,16,66.41
CELL_43378,Neuron,73.17,21,77.02
CELL_82893,Fibroblast,23.58,50,94.62
CELL_87491,Erythrocyte,11.51,13,59.93
CELL_54092,Neuron,68.11,15,85.43
CELL_61349,Myocyte,12.95,23,76.69
CELL_53569,Fibroblast,20.55,13,53.31
CELL_16123,Epithelial,99.44,22,50.79
CELL_92852,Fibroblast,37.11,26,55.8
CELL_96474,Epithelial,36.57,6,90.44
CELL_39659,Leukocyte,89.83,38,81.89
CELL_66874,Myocyte,54.45,49,85.83
CELL_52476,Leukocyte,109.23,38,60.13
CELL_70319,Leukocyte,33.21,9,66.88
CELL_77513,Stem Cell,14.28,14,77.23
CELL_54163,Erythrocyte,13.23,26,96.16
CELL_94625,Fibroblast,57.62,6,87.16
CELL_91502,Erythrocyte,17.5,37,73.75
CELL_80044,Myocyte,17.01,9,53.32
CELL_63945,Erythrocyte,112.07,44,52.29
CELL_57277,Epithelial,114.72,30,57.57
CELL_93206,Neuron,75.95,17,78.08
CELL_57210,Myocyte,26.85,40,56.46
CELL_99799,Neuron,15.9,16,67.04
CELL_10691,Neuron,64.18,16,84.89
CELL_53754,Stem Cell,98.75,16,74.62
CELL_39272,Fibroblast,85.9,38,52.07
CELL_76098,Epithelial,19.81,48,50.04
CELL_61771,Stem Cell,23.23,48,97.76
CELL_31910,Epithelial,42.04,6,63.79
CELL_72519,Neuron,31.15,14,71.73
CELL_95221,Erythrocyte,99.47,43,50.42
CELL_10248,Epithelial,10.1,18,73.88
CELL_85794,Epithelial,90.17,44,99.87
CELL_70162,Epithelial,66.29,39,77.91
CELL_12887,Neuron,12.05,24,69.02
CELL_54948,Leukocyte,20.96,48,56.98
CELL_90982,Leukocyte,22.22,48,97.66
CELL_30912,Epithelial,27.95,6,78.02
CELL_62907,Leukocyte,66.41,48,50.64
CELL_50210,Erythrocyte,81.07,49,72.35
CELL_91753,Stem Cell,24.72,9,72.22
CELL_68158,Epithelial,60.54,38,93.92
CELL_16784,Erythrocyte,30.9,38,53.98
CELL_80441,Erythrocyte,109.32,29,57.33
CELL_61710,Myocyte,42.44,7,67.01
CELL_69877,Epithelial,113.86,40,79.47
CELL_35767,Epithelial,117.03,49,99.2
CELL_93490,Fibroblast,44.77,18,98.86
CELL_72445,Myocyte,69.14,9,61.19
CELL_66813,Myocyte,11.61,31,88.22
CELL_61836,Stem Cell,33.54,30,65.47
CELL_30984,Neuron,5.27,20,90.64
CELL_26429,Erythrocyte,37.13,26,61.45
CELL_22670,Epithelial,105.96,41,99.3
CELL_52988,Fibroblast,62.67,29,98.45
CELL_67128,Fibroblast,40.98,21,69.82
CELL_54306,Fibroblast,97.47,50,92.84
CELL_52305,Fibroblast,18.89,9,56.53
CELL_16291,Erythrocyte,49.4,37,66.15
CELL_28389,Neuron,36.18,38,71.71
CELL_20848,Stem Cell,119.26,45,71.37
CELL_94079,Leukocyte,55.07,36,96.83
CELL_64898,Erythrocyte,114.43,19,95.63
CELL_27137,Erythrocyte,27.55,36,52.21
CELL_94244,Erythrocyte,10.57,20,80.0
CELL_43288,Fibroblast,118.68,5,98.07
CELL_18224,Leukocyte,29.45,21,74.16
CELL_13995,Erythrocyte,92.34,29,91.68
CELL_76732,Fibroblast,99.44,48,72.67
CELL_41550,Myocyte,39.13,15,69.43
CELL_54473,Erythrocyte,14.86,10,58.71
CELL_10932,Leukocyte,30.12,48,55.32
CELL_78387,Epithelial,5.26,7,79.4
CELL_47333,Stem Cell,115.18,44,77.58
CELL_11909,Myocyte,106.86,13,75.11
CELL_29705,Myocyte,14.46,46,98.07
CELL_97974,Myocyte,54.96,27,60.21
CELL_60871,Fibroblast,86.98,17,96.22
CELL_24816,Fibroblast,38.07,15,92.53
CELL_65129,Fibroblast,93.33,47,51.06
CELL_27952,Myocyte,55.51,48,71.92
CELL_48564,Myocyte,24.25,32,69.04
CELL_33961,Epithelial,22.83,24,57.1
CELL_45262,Myocyte,83.81,29,86.04
CELL_57560,Fibroblast,37.05,24,69.04
CELL_63063,Erythrocyte,86.77,10,92.99
CELL_32420,Erythrocyte,30.89,37,61.22
CELL_13027,Neuron,61.25,17,56.16
CELL_70640,Erythrocyte,61.39,10,52.99
CELL_68558,Myocyte,31.05,7,62.75
CELL_32470,Stem Cell,18.71,32,62.76
CELL_93399,Epithelial,110.66,7,86.73
CELL_33622,Myocyte,17.03,43,75.76
CELL_36922,Neuron,10.9,40,72.3
CELL_28423,Fibroblast,21.34,25,92.27
CELL_39131,Epithelial,7.4,48,56.92
CELL_35983,Myocyte,17.3,35,98.56
CELL_72540,Fibroblast,73.49,13,97.76
CELL_47080,Leukocyte,92.51,30,71.19
CELL_71867,Neuron,83.53,18,58.03
CELL_93814,Neuron,87.5,35,52.98
CELL_89682,Fibroblast,74.18,47,72.67
CELL_57150,Fibroblast,65.82,25,94.68
CELL_40897,Neuron,104.29,18,89.75
CELL_79332,Neuron,75.0,42,69.4
CELL_78490,Myocyte,51.92,49,50.59
CELL_18000,Neuron,88.58,46,83.34
CELL_16946,Neuron,91.13,13,59.19
CELL_19587,Leukocyte,11.11,14,99.91
CELL_71713,Leukocyte,22.12,29,77.71
CELL_30693,Stem Cell,34.48,28,93.98
CELL_80836,Myocyte,15.99,9,86.13
CELL_25532,Fibroblast,83.76,13,65.46
CELL_39191,Erythrocyte,83.03,19,81.9
CELL_87456,Erythrocyte,92.16,10,56.74
CELL_19042,Myocyte,88.45,30,86.56
CELL_93386,Stem Cell,86.06,22,87.91
CELL_83131,Fibroblast,75.78,7,50.11
CELL_41036,Stem Cell,110.12,21,95.18
CELL_25842,Epithelial,57.45,49,88.31
CELL_60140,Leukocyte,78.21,37,68.47
CELL_79029,Neuron,114.0,34,74.4
CELL_58749,Erythrocyte,14.8,28,51.24
CELL_44789,Neuron,20.88,26,92.85
CELL_79910,Epithelial,55.32,15,96.79
CELL_62591,Myocyte,54.7,7,83.3
CELL_10991,Fibroblast,114.41,27,93.75
CELL_15114,Neuron,52.61,29,53.08
CELL_91367,Myocyte,113.49,30,51.74
CELL_94730,Neuron,23.6,42,76.07
CELL_43791,Myocyte,89.82,49,87.85
CELL_82070,Neuron,39.21,35,60.62
CELL_61622,Erythrocyte,57.41,37,83.72
CELL_84935,Epithelial,51.17,21,89.7
CELL_97363,Neuron,21.4,9,50.75
CELL_63389,Neuron,6.27,39,51.13
CELL_76860,Leukocyte,78.11,41,67.93
CELL_44468,Neuron,79.81,15,77.55
CELL_76308,Stem Cell,73.42,18,72.63
CELL_35883,Erythrocyte,89.01,40,90.68
CELL_53945,Epithelial,85.27,27,66.86
CELL_77430,Myocyte,28.99,5,77.55
CELL_20106,Leukocyte,55.33,50,96.16
CELL_67659,Epithelial,103.41,12,70.95
CELL_40741,Neuron,106.51,20,72.95
CELL_84879,Stem Cell,48.43,46,54.5
CELL_72913,Fibroblast,29.66,14,57.73
CELL_13120,Neuron,107.82,42,55.52
CELL_44552,Myocyte,52.11,5,86.17
CELL_65852,Leukocyte,23.52,24,86.52
CELL_98775,Epithelial,19.32,27,71.7
CELL_87939,Fibroblast,96.85,32,62.54
CELL_43709,Leukocyte,29.55,18,96.93
CELL_96547,Erythrocyte,20.18,11,80.28
CELL_78957,Erythrocyte,9.6,45,93.68
CELL_17757,Epithelial,32.01,30,66.33
CELL_66145,Myocyte,80.95,23,74.48
CELL_85882,Fibroblast,97.22,40,83.74
CELL_50316,Erythrocyte,79.01,31,73.29
CELL_48911,Erythrocyte,51.69,21,58.91
CELL_42815,Neuron,65.69,17,59.26
CELL_29070,Fibroblast,42.77,23,72.69
CELL_17006,Leukocyte,64.37,8,75.75
CELL_16658,Stem Cell,20.56,5,69.94
CELL_84485,Myocyte,59.31,28,67.52
CELL_18979,Neuron,10.93,8,97.22
CELL_21625,Fibroblast,25.2,45,99.34
CELL_50983,Leukocyte,23.79,9,86.98
CELL_43071,Epithelial,74.59,16,84.4
CELL_41581,Erythrocyte,12.62,33,86.16
CELL_37410,Stem Cell,7.19,42,72.68
CELL_71657,Erythrocyte,82.11,39,57.4
CELL_93429,Neuron,14.23,5,78.79
CELL_18888,Neuron,34.63,23,63.89
CELL_46912,Neuron,96.63,30,52.78
CELL_94913,Erythrocyte,24.02,30,87.79
CELL_85293,Neuron,60.8,31,89.37
CELL_16825,Fibroblast,26.81,26,86.65
CELL_82934,Epithelial,28.23,28,77.27
CELL_79035,Epithelial,47.24,5,62.06
CELL_42383,Fibroblast,63.42,36,64.46
CELL_37529,Fibroblast,106.86,36,79.0
CELL_49342,Erythrocyte,87.55,6,72.11
CELL_78600,Erythrocyte,22.9,28,75.8
CELL_11355,Neuron,64.77,42,51.57
CELL_38291,Myocyte,69.18,14,57.45
CELL_37504,Epithelial,101.93,39,61.7
CELL_36709,Stem Cell,74.84,42,55.09
CELL_55152,Fibroblast,21.82,34,92.84
CELL_67305,Neuron,77.07,21,59.58
CELL_91349,Fibroblast,114.6,17,54.89
CELL_65412,Erythrocyte,77.59,49,52.27
CELL_62600,Erythrocyte,51.97,5,96.3
CELL_87072,Leukocyte,66.76,45,66.84
CELL_90868,Epithelial,79.3,37,59.38
CELL_26668,Fibroblast,15.71,25,95.44
CELL_22986,Stem Cell,39.21,38,77.6
CELL_95005,Epithelial,61.77,45,98.04
CELL_22846,Epithelial,87.49,22,79.03
CELL_26274,Erythrocyte,77.43,27,75.04
CELL_22862,Epithelial,107.14,21,66.61
CELL_43204,Fibroblast,88.0,12,84.82
CELL_16080,Fibroblast,14.7,7,78.12
CELL_18429,Erythrocyte,54.51,39,95.47
CELL_73393,Leukocyte,110.74,40,71.28
CELL_14247,Neuron,50.25,37,89.26
CELL_54767,Fibroblast,99.98,5,86.18
CELL_45331,Neuron,27.83,47,68.04
CELL_21304,Myocyte,40.14,13,61.73
CELL_50408,Leukocyte,65.9,18,53.16
CELL_41106,Erythrocyte,13.51,30,93.52
CELL_80060,Myocyte,8.7,48,91.67
CELL_16871,Leukocyte,86.65,49,60.45
CELL_65349,Stem Cell,105.8,22,94.87
CELL_22080,Myocyte,90.55,37,79.97
CELL_56988,Myocyte,67.12,7,75.07
CELL_47578,Neuron,102.28,6,84.66
CELL_71165,Leukocyte,39.35,24,52.82
CELL_70302,Myocyte,47.87,40,63.71
CELL_79522,Neuron,47.97,44,66.89
CELL_13093,Erythrocyte,30.74,33,73.04
CELL_70373,Leukocyte,24.83,5,70.57
CELL_51808,Epithelial,41.93,14,64.21
CELL_93848,Erythrocyte,17.52,8,53.64
CELL_32010,Erythrocyte,65.72,28,72.99
CELL_99481,Leukocyte,104.22,26,78.22
CELL_94870,Neuron,42.29,5,73.86
CELL_12856,Epithelial,13.09,10,89.0
CELL_74410,Stem Cell,23.58,15,92.17
CELL_94010,Erythrocyte,35.88,13,85.44
CELL_17176,Erythrocyte,87.39,9,52.13
CELL_90957,Leukocyte,28.49,44,89.88
CELL_52846,Stem Cell,58.65,15,71.98
CELL_60482,Fibroblast,55.31,23,61.78
CELL_58262,Stem Cell,5.83,23,96.17
CELL_65163,Fibroblast,92.83,7,68.74
CELL_47188,Fibroblast,68.25,17,77.29
CELL_36893,Fibroblast,96.96,50,79.36
CELL_36249,Epithelial,82.73,34,82.07
CELL_46223,Fibroblast,44.84,6,93.64
CELL_73768,Erythrocyte,19.27,42,77.6
CELL_36189,Fibroblast,114.41,38,65.72
CELL_38913,Erythrocyte,71.22,31,80.44
CELL_51540,Erythrocyte,85.9,13,51.43
CELL_78135,Myocyte,93.68,44,52.39
CELL_76841,Myocyte,11.26,50,93.59
CELL_37068,Fibroblast,6.96,26,96.57
CELL_53470,Fibroblast,84.47,18,52.2
CELL_37415,Erythrocyte,60.01,28,76.14
CELL_93041,Erythrocyte,99.16,23,51.57
CELL_19108,Erythrocyte,101.28,28,89.91
CELL_60016,Stem Cell,37.02,30,62.07
CELL_64395,Fibroblast,20.52,28,53.58
CELL_69470,Stem Cell,29.01,31,64.02
CELL_27772,Fibroblast,61.69,18,80.44
CELL_96775,Epithelial,61.95,39,52.56
CELL_73902,Stem Cell,68.78,39,58.09
CELL_15263,Myocyte,112.43,41,79.54
CELL_84913,Neuron,43.11,22,76.13
CELL_24331,Stem Cell,72.76,27,70.72
CELL_81524,Neuron,54.99,50,77.35
CELL_95696,Erythrocyte,83.54,35,65.24
CELL_60208,Myocyte,112.46,43,52.43
CELL_37961,Leukocyte,91.24,38,63.73
CELL_81501,Leukocyte,22.57,10,92.21
CELL_23623,Stem Cell,95.12,13,52.86
CELL_51794,Stem Cell,106.79,18,96.37
CELL_90012,Stem Cell,50.32,16,82.6
CELL_91417,Stem Cell,90.69,34,96.81
CELL_26616,Epithelial,72.91,23,73.03
CELL_41191,Stem Cell,110.53,22,96.47
CELL_39086,Myocyte,118.51,25,92.95
CELL_57577,Epithelial,78.53,19,94.55
CELL_38634,Fibroblast,96.66,42,91.89
CELL_34646,Stem Cell,43.63,48,92.65
CELL_73399,Leukocyte,99.49,31,97.6
CELL_47260,Leukocyte,56.06,31,75.83
CELL_89846,Erythrocyte,29.67,22,51.85
CELL_74832,Fibroblast,58.25,35,90.57
CELL_13867,Leukocyte,112.43,49,70.88
CELL_28558,Stem Cell,31.99,37,84.59
CELL_96414,Stem Cell,68.73,38,90.94
CELL_26279,Neuron,37.77,28,81.63
CELL_31104,Epithelial,42.39,10,89.9
CELL_62149,Stem Cell,24.14,35,96.74
CELL_41250,Fibroblast,43.83,27,77.13
CELL_64483,Erythrocyte,59.05,22,57.92
CELL_52230,Myocyte,101.07,24,76.8
CELL_49514,Erythrocyte,12.71,31,53.08
CELL_48170,Stem Cell,75.91,36,62.52
CELL_95952,Myocyte,53.28,15,78.48
CELL_41181,Fibroblast,113.81,23,70.24
CELL_44804,Leukocyte,107.07,44,91.44
CELL_34685,Fibroblast,92.29,11,68.28
CELL_63992,Fibroblast,39.31,15,74.08
CELL_36955,Fibroblast,37.78,40,50.19
CELL_65527,Myocyte,79.65,32,80.15
CELL_86189,Neuron,11.89,42,78.16
CELL_54122,Myocyte,119.67,19,87.72
CELL_35194,Myocyte,24.72,40,59.63
CELL_14777,Myocyte,72.02,24,59.53
CELL_46114,Leukocyte,116.36,32,68.24
CELL_67728,Erythrocyte,115.89,33,84.56
CELL_43741,Stem Cell,38.79,49,52.76
CELL_26218,Epithelial,85.72,28,98.33
CELL_84279,Neuron,116.68,29,82.13
CELL_20028,Neuron,20.12,39,57.59
CELL_29022,Erythrocyte,5.81,39,95.0
CELL_40917,Erythrocyte,103.57,10,64.21
CELL_62660,Epithelial,10.57,33,96.65
CELL_23180,Fibroblast,110.01,36,66.7
CELL_44642,Myocyte,61.12,9,76.88
CELL_38472,Erythrocyte,98.34,19,68.6
CELL_59470,Fibroblast,59.16,20,84.02
CELL_31194,Fibroblast,64.08,34,84.37
CELL_24047,Fibroblast,61.88,15,88.88
CELL_74921,Myocyte,113.15,33,70.17
CELL_95036,Myocyte,91.3,24,50.67
CELL_64518,Erythrocyte,11.66,33,74.51
CELL_78856,Erythrocyte,110.91,45,60.97
CELL_13154,Stem Cell,19.68,36,81.88
CELL_75633,Leukocyte,46.52,22,70.55
CELL_25759,Erythrocyte,89.56,21,97.08
CELL_34523,Epithelial,5.79,18,59.58
CELL_10198,Leukocyte,48.67,9,74.16
CELL_21977,Leukocyte,23.59,9,61.29
CELL_75572,Erythrocyte,112.85,15,58.09
CELL_52869,Leukocyte,106.02,29,52.85
CELL_64411,Fibroblast,11.65,41,87.75
CELL_54244,Leukocyte,89.17,33,56.67
CELL_89138,Epithelial,36.32,19,53.63
CELL_38010,Myocyte,51.18,45,96.27
CELL_85422,Epithelial,26.29,46,67.61
CELL_54033,Stem Cell,60.26,44,58.45
CELL_50928,Stem Cell,14.27,49,88.48
CELL_89178,Stem Cell,106.4,26,68.54
CELL_92906,Erythrocyte,58.61,12,58.59
CELL_35118,Leukocyte,77.43,38,99.11
CELL_50950,Fibroblast,111.81,29,53.13
CELL_82392,Stem Cell,61.1,47,76.88
CELL_87041,Epithelial,102.53,20,67.5
CELL_67434,Leukocyte,56.76,14,93.64
CELL_27759,Neuron,117.89,5,88.29
CELL_66295,Stem Cell,107.36,23,80.39
CELL_77195,Myocyte,111.16,13,65.15
CELL_44662,Fibroblast,48.08,17,92.66
CELL_70911,Stem Cell,79.6,49,59.16
CELL_43633,Erythrocyte,5.4,33,96.64
CELL_87955,Epithelial,105.79,29,88.26
CELL_96105,Fibroblast,119.28,14,55.09
CELL_91829,Fibroblast,89.67,14,86.5
CELL_48825,Leukocyte,86.66,24,90.38
CELL_62914,Leukocyte,58.12,45,56.29
CELL_13931,Stem Cell,53.05,19,81.77
CELL_69709,Fibroblast,38.57,14,99.57
CELL_90165,Leukocyte,11.51,12,59.21
CELL_56423,Myocyte,68.87,24,64.95
CELL_91185,Stem Cell,5.84,42,76.75
CELL_57730,Neuron,28.91,25,67.87
CELL_63435,Neuron,100.81,18,86.04
CELL_67559,Leukocyte,106.09,7,71.78
CELL_19925,Leukocyte,17.01,46,50.03
CELL_61443,Epithelial,33.13,13,74.3
CELL_26734,Myocyte,9.9,13,54.45
CELL_23811,Leukocyte,73.15,27,71.33
CELL_55780,Fibroblast,56.91,35,98.91
CELL_35598,Epithelial,70.97,12,74.55
CELL_12323,Stem Cell,66.42,19,83.79
CELL_18363,Erythrocyte,105.83,19,92.74
CELL_21115,Stem Cell,44.37,40,69.36
CELL_42697,Fibroblast,21.23,15,91.32
CELL_62483,Stem Cell,101.05,42,57.79
CELL_46356,Leukocyte,77.93,40,57.51
CELL_90755,Myocyte,51.68,23,95.03
CELL_55288,Erythrocyte,66.51,12,64.47
CELL_88919,Myocyte,43.11,38,94.22
CELL_22052,Epithelial,90.3,41,69.83
CELL_30735,Neuron,100.37,27,88.06
CELL_97790,Stem Cell,14.91,9,71.11
CELL_90102,Neuron,40.18,42,69.34
CELL_44158,Stem Cell,44.2,18,77.4
CELL_85104,Stem Cell,62.53,28,56.64
CELL_18624,Stem Cell,106.46,8,89.85
CELL_63907,Erythrocyte,50.49,45,50.03
CELL_32493,Epithelial,38.83,20,51.38
CELL_37110,Epithelial,21.48,16,71.41
CELL_24807,Epithelial,20.5,21,76.79
CELL_10784,Leukocyte,51.49,6,57.97
CELL_64453,Leukocyte,112.03,46,70.64
CELL_89370,Fibroblast,111.01,10,75.13
CELL_47455,Myocyte,21.32,48,74.29
CELL_86361,Leukocyte,40.76,38,91.84
CELL_56135,Leukocyte,44.14,35,53.3
CELL_42352,Neuron,105.32,22,89.08
CELL_64790,Fibroblast,90.28,20,51.5
CELL_68300,Fibroblast,29.25,9,80.17
CELL_26240,Erythrocyte,69.68,32,61.15
CELL_60055,Epithelial,94.04,37,62.72
CELL_93897,Epithelial,15.73,29,69.73
CELL_21021,Epithelial,49.41,29,57.45
CELL_24784,Neuron,93.04,7,90.8
CELL_52671,Stem Cell,6.55,36,60.61
CELL_55422,Leukocyte,95.35,15,88.43
CELL_23544,Erythrocyte,34.76,32,51.26
CELL_70233,Leukocyte,91.4,13,77.33
CELL_94090,Neuron,89.03,7,81.87
CELL_74632,Myocyte,24.56,5,73.32
CELL_38965,Myocyte,54.88,26,90.39
CELL_13491,Neuron,112.3,16,93.83
CELL_48681,Neuron,114.96,39,74.17
CELL_26181,Fibroblast,82.9,20,82.98
CELL_66604,Erythrocyte,94.74,44,69.82
CELL_17379,Stem Cell,110.89,24,71.51
CELL_80161,Neuron,88.02,29,71.25
CELL_57475,Neuron,36.55,14,55.75
CELL_29275,Myocyte,85.81,24,72.6
CELL_44605,Leukocyte,95.65,18,58.48
CELL_48219,Erythrocyte,98.83,34,84.43
CELL_67397,Fibroblast,46.49,24,71.72
CELL_52024,Leukocyte,64.55,40,53.44
CELL_70974,Erythrocyte,49.11,48,69.26
CELL_70584,Leukocyte,62.34,21,74.62
CELL_32472,Stem Cell,33.31,23,97.95
CELL_16764,Myocyte,41.48,10,80.1
CELL_20486,Leukocyte,46.85,6,75.77
CELL_64880,Fibroblast,76.51,25,61.41
CELL_86266,Epithelial,28.11,6,81.54
CELL_59711,Erythrocyte,17.64,22,85.13
CELL_70167,Leukocyte,8.85,38,95.83
CELL_32873,Neuron,119.76,47,59.63
CELL_79564,Stem Cell,86.52,50,60.12
CELL_48245,Fibroblast,99.42,33,52.89
CELL_85893,Erythrocyte,98.15,34,53.8
CELL_22610,Fibroblast,105.94,5,51.75
CELL_44012,Neuron,72.78,26,83.54
CELL_82675,Myocyte,15.77,8,63.16
CELL_82188,Stem Cell,20.77,49,69.46
CELL_80265,Myocyte,10.51,40,74.16
CELL_38227,Leukocyte,31.14,13,64.12
CELL_37058,Erythrocyte,19.66,9,50.32
CELL_91410,Myocyte,44.63,16,99.86
CELL_89673,Fibroblast,107.08,38,88.98
CELL_41997,Neuron,104.63,16,58.95
CELL_71247,Fibroblast,106.72,50,56.97
CELL_14012,Myocyte,118.49,49,93.37
CELL_55646,Fibroblast,60.81,19,84.26
CELL_49465,Epithelial,82.17,23,71.77
CELL_79189,Neuron,6.41,42,93.68
CELL_21439,Leukocyte,19.95,15,72.04
CELL_50274,Fibroblast,41.23,43,66.29
CELL_57056,Epithelial,22.97,11,76.27
CELL_41513,Erythrocyte,73.84,38,54.47
CELL_27070,Epithelial,40.3,9,75.93
CELL_12298,Fibroblast,15.93,24,50.24
CELL_64271,Leukocyte,32.29,39,70.52
CELL_44865,Fibroblast,7.55,14,95.22
CELL_82857,Epithelial,87.9,16,94.71
CELL_93629,Leukocyte,41.42,36,59.3
CELL_65739,Erythrocyte,21.81,45,60.63
CELL_71996,Epithelial,26.24,33,67.76
CELL_65063,Myocyte,26.32,6,70.43
CELL_13359,Fibroblast,22.49,34,77.0
CELL_60974,Fibroblast,9.7,24,64.18
CELL_90954,Neuron,108.54,21,55.29
CELL_68557,Leukocyte,83.55,40,73.72
CELL_72040,Erythrocyte,95.09,5,64.79
CELL_58895,Erythrocyte,43.7,49,53.54
CELL_17254,Stem Cell,112.76,5,94.46
CELL_62514,Fibroblast,95.36,48,63.17
CELL_64680,Erythrocyte,76.18,13,62.95
CELL_96670,Fibroblast,47.18,5,99.1
CELL_65915,Fibroblast,56.77,29,86.28
CELL_24832,Epithelial,51.07,13,57.1
CELL_32266,Stem Cell,41.06,43,52.9
CELL_55983,Leukocyte,31.32,7,69.74
CELL_35226,Stem Cell,10.72,21,70.42
CELL_43777,Epithelial,71.75,21,69.29
CELL_18292,Stem Cell,58.81,26,51.54
CELL_67078,Stem Cell,45.11,48,64.18
CELL_13211,Epithelial,25.09,43,94.11
CELL_61572,Fibroblast,80.33,36,63.03
CELL_17972,Epithelial,56.84,5,74.45
CELL_30123,Neuron,76.27,30,77.84
CELL_49554,Fibroblast,32.42,30,84.54
CELL_99098,Leukocyte,83.31,43,98.9
CELL_36051,Fibroblast,55.45,21,62.23
CELL_81984,Neuron,16.55,28,96.47
CELL_13396,Neuron,92.44,31,65.56
CELL_89270,Leukocyte,60.01,25,59.3
CELL_66715,Fibroblast,40.74,39,74.86
CELL_73443,Neuron,28.34,9,91.71
CELL_65010,Leukocyte,64.18,36,76.64
CELL_51024,Leukocyte,84.37,47,53.34
CELL_76050,Myocyte,39.21,10,81.75
CELL_72915,Epithelial,71.55,21,89.31
CELL_29881,Epithelial,86.16,40,60.26
CELL_36585,Neuron,14.67,21,69.13
CELL_50421,Epithelial,79.72,32,62.46
CELL_92246,Epithelial,77.57,16,54.57
CELL_98665,Epithelial,76.04,36,86.21
CELL_27423,Myocyte,72.35,43,88.35
CELL_97272,Stem Cell,53.13,29,85.39
CELL_72066,Epithelial,33.95,21,89.44
CELL_88878,Erythrocyte,21.62,23,74.25
CELL_38733,Stem Cell,43.07,45,69.49
CELL_27562,Erythrocyte,19.73,23,67.81
CELL_17268,Myocyte,23.08,37,54.39
CELL_91099,Erythrocyte,95.21,20,64.13
CELL_12960,Stem Cell,49.83,43,76.89
CELL_83062,Myocyte,98.46,34,72.67
CELL_92127,Fibroblast,93.56,31,88.87
CELL_90159,Erythrocyte,114.01,32,68.88
CELL_74928,Fibroblast,98.85,22,50.01
CELL_27801,Neuron,43.89,20,56.64
CELL_45495,Erythrocyte,104.67,33,76.88
CELL_74123,Erythrocyte,83.1,23,79.77
CELL_44306,Fibroblast,93.35,17,53.47
CELL_42818,Stem Cell,76.18,30,93.71
CELL_47827,Stem Cell,84.89,8,54.27
CELL_60494,Neuron,48.63,49,96.75
CELL_84629,Myocyte,29.83,19,63.44
CELL_48465,Myocyte,9.31,13,80.16
CELL_28848,Erythrocyte,60.62,30,87.1
CELL_75356,Epithelial,64.81,35,55.49
CELL_55977,Stem Cell,61.5,7,72.98
CELL_30082,Myocyte,88.36,8,57.55
CELL_78140,Fibroblast,32.68,17,75.82
CELL_56277,Epithelial,14.48,11,77.22
CELL_33878,Erythrocyte,68.55,36,60.68
CELL_60670,Erythrocyte,70.49,21,83.85
CELL_99851,Myocyte,21.15,15,85.24
CELL_98680,Epithelial,95.38,46,76.36
CELL_79444,Neuron,34.49,41,62.28
CELL_33896,Erythrocyte,29.91,44,63.85
CELL_43568,Epithelial,58.24,39,71.33
CELL_15029,Erythrocyte,25.48,20,70.85
CELL_73819,Fibroblast,18.3,13,55.53
CELL_95100,Fibroblast,10.21,31,54.92
CELL_82434,Neuron,118.46,16,68.94
CELL_92960,Erythrocyte,36.26,19,88.93
CELL_98978,Myocyte,57.36,42,95.16
CELL_37706,Neuron,58.73,8,94.03
CELL_88777,Erythrocyte,8.88,14,90.13
CELL_63476,Leukocyte,38.99,48,81.11
CELL_90111,Fibroblast,116.71,26,65.19
CELL_66843,Erythrocyte,46.94,22,84.33
CELL_13306,Stem Cell,103.18,22,58.65
CELL_29767,Myocyte,30.98,33,63.18
CELL_47510,Epithelial,85.12,16,70.96
CELL_90867,Fibroblast,31.46,44,58.98
CELL_61558,Neuron,112.66,45,83.11
CELL_14633,Epithelial,98.19,46,59.25
CELL_40925,Fibroblast,73.11,21,87.42
CELL_45587,Erythrocyte,116.63,39,72.24
CELL_49126,Stem Cell,114.13,10,52.82
CELL_31962,Epithelial,6.57,41,67.39
CELL_87225,Myocyte,37.51,22,89.82
CELL_38804,Neuron,48.4,36,59.19
CELL_44083,Neuron,73.18,48,97.88
CELL_68595,Neuron,51.39,47,59.58
CELL_32021,Erythrocyte,89.68,18,81.74
CELL_74250,Fibroblast,118.43,9,99.55
CELL_84746,Myocyte,35.51,19,61.8
CELL_22116,Stem Cell,93.92,17,92.78
CELL_47457,Epithelial,19.99,22,68.09
CELL_19741,Erythrocyte,17.73,14,65.71
CELL_37707,Erythrocyte,58.06,31,92.25
CELL_90434,Fibroblast,32.79,31,69.59
CELL_31619,Fibroblast,49.11,25,93.81
CELL_58905,Fibroblast,119.21,40,62.38
CELL_41580,Neuron,9.27,29,75.24
CELL_39826,Myocyte,78.78,40,54.29
CELL_83824,Epithelial,22.7,29,53.19
CELL_13063,Leukocyte,118.05,49,91.55
CELL_37208,Leukocyte,30.52,45,94.42
CELL_66490,Neuron,18.55,35,53.8
CELL_83882,Fibroblast,36.58,50,82.19
CELL_17437,Stem Cell,56.92,38,72.92
CELL_88980,Neuron,115.54,12,54.49
CELL_63645,Myocyte,44.21,11,50.5
CELL_35969,Erythrocyte,60.08,41,85.67
CELL_10686,Fibroblast,55.07,31,89.93
CELL_75942,Erythrocyte,25.26,39,51.18
CELL_53662,Epithelial,20.33,45,63.71
CELL_62768,Fibroblast,11.4,17,65.53
CELL_33754,Myocyte,74.32,40,70.69
CELL_92105,Stem Cell,17.66,48,77.43
CELL_82681,Erythrocyte,103.75,18,77.41
CELL_96725,Erythrocyte,103.57,14,70.04
CELL_92163,Erythrocyte,95.56,47,66.92
CELL_50658,Myocyte,115.46,41,62.72
CELL_72061,Neuron,57.52,5,63.86
CELL_20267,Fibroblast,27.64,26,52.72
CELL_95881,Neuron,39.9,37,72.16
CELL_51026,Leukocyte,51.78,42,53.77
CELL_85561,Stem Cell,23.62,27,65.82
CELL_28425,Myocyte,35.4,11,86.15
CELL_24304,Erythrocyte,85.22,33,67.31
CELL_61435,Erythrocyte,10.62,38,83.51
CELL_43684,Leukocyte,37.18,39,88.76
CELL_76774,Myocyte,85.23,48,56.2
CELL_95729,Neuron,32.85,7,53.07
CELL_15034,Epithelial,74.9,14,85.49
CELL_58898,Leukocyte,23.71,48,65.64
CELL_35863,Erythrocyte,58.61,27,94.72
CELL_83390,Epithelial,90.48,26,67.16
CELL_15989,Myocyte,36.83,10,65.81
CELL_70332,Leukocyte,78.31,40,99.72
CELL_48284,Leukocyte,49.54,36,64.2
CELL_56254,Neuron,119.45,17,58.84
CELL_62101,Neuron,113.0,13,60.47
CELL_81109,Myocyte,34.55,17,66.87
CELL_54760,Stem Cell,39.75,37,78.69
CELL_62117,Leukocyte,67.57,31,69.5
CELL_39155,Erythrocyte,109.07,9,55.38
CELL_59862,Epithelial,109.13,42,94.49
CELL_85397,Epithelial,21.26,38,54.92
CELL_97358,Leukocyte,7.37,7,84.73
CELL_76226,Fibroblast,53.83,39,74.43
CELL_59095,Myocyte,31.96,25,76.9
CELL_96429,Epithelial,87.38,48,77.18
CELL_78807,Epithelial,26.62,41,86.51
CELL_35422,Leukocyte,62.54,6,54.13
CELL_81891,Myocyte,97.31,12,82.83
CELL_54778,Stem Cell,72.77,21,67.29
CELL_17083,Myocyte,108.27,22,58.96
CELL_14693,Leukocyte,106.09,34,83.0
CELL_59643,Epithelial,11.78,45,63.91
CELL_85325,Stem Cell,56.1,44,95.62
CELL_15423,Epithelial,6.17,36,94.63
CELL_48785,Erythrocyte,103.49,44,67.15
CELL_44812,Leukocyte,63.99,41,50.3
CELL_75059,Neuron,86.17,12,65.67
CELL_89964,Leukocyte,48.49,31,90.63
CELL_35117,Stem Cell,96.39,11,94.22
CELL_98118,Myocyte,96.56,49,57.17
CELL_14185,Erythrocyte,60.53,41,62.56
CELL_18534,Neuron,72.59,45,80.75
CELL_46318,Epithelial,36.3,28,75.18
CELL_83056,Myocyte,119.34,18,93.97
CELL_90352,Epithelial,100.19,11,91.94
CELL_77378,Erythrocyte,47.9,27,74.52
CELL_39655,Leukocyte,30.23,12,98.12
CELL_58697,Myocyte,114.54,47,82.49
CELL_32906,Myocyte,74.28,20,63.45
CELL_78657,Myocyte,13.89,50,74.98
CELL_26709,Epithelial,16.42,17,69.74
CELL_82187,Stem Cell,84.95,38,84.33
CELL_33903,Myocyte,118.82,35,77.86
CELL_73739,Leukocyte,65.12,22,58.68
CELL_14518,Leukocyte,107.76,22,61.74
CELL_34149,Fibroblast,101.5,28,79.56
CELL_54173,Epithelial,102.83,11,82.76
CELL_21054,Fibroblast,84.1,12,71.69
CELL_26025,Epithelial,82.46,17,70.76
CELL_20615,Erythrocyte,87.75,20,87.56
CELL_34575,Fibroblast,81.19,7,82.94
CELL_66246,Epithelial,119.73,24,77.87
CELL_40588,Erythrocyte,96.65,19,93.53
CELL_70825,Stem Cell,14.17,30,60.42
CELL_88877,Neuron,109.01,13,72.16
CELL_27172,Erythrocyte,95.46,34,57.67
CELL_91844,Myocyte,21.92,30,94.57
CELL_35625,Leukocyte,89.05,35,72.83
CELL_98037,Myocyte,106.32,41,91.8
CELL_86831,Fibroblast,47.15,27,66.4
CELL_92064,Stem Cell,6.85,9,89.32
CELL_19934,Erythrocyte,100.06,30,90.35
CELL_39955,Epithelial,40.24,34,91.57
CELL_42367,Erythrocyte,36.93,31,55.99
CELL_99848,Erythrocyte,70.52,18,80.52
CELL_13131,Erythrocyte,90.29,15,65.4
CELL_20953,Epithelial,71.55,34,99.55
CELL_42729,Erythrocyte,85.18,16,66.77
CELL_12256,Stem Cell,68.05,38,54.75
CELL_43082,Erythrocyte,61.86,50,66.41
CELL_12794,Leukocyte,47.39,40,75.14
CELL_67128,Leukocyte,56.04,45,63.31
CELL_39894,Leukocyte,56.05,35,88.01
CELL_64461,Leukocyte,24.0,32,91.49
CELL_87211,Myocyte,59.24,42,79.07
CELL_41890,Neuron,114.25,34,92.08
CELL_88655,Fibroblast,119.79,32,51.05
CELL_50821,Neuron,61.48,41,91.97
CELL_26830,Leukocyte,37.42,19,68.49
CELL_64819,Neuron,32.45,13,81.54
CELL_60109,Erythrocyte,28.75,41,51.78
CELL_75258,Epithelial,87.78,38,81.41
CELL_61749,Neuron,8.91,24,75.87
CELL_72273,Stem Cell,54.06,24,55.36
CELL_11936,Erythrocyte,103.88,29,65.56
CELL_42500,Neuron,5.79,40,79.39
CELL_94666,Epithelial,13.31,28,53.88
CELL_11268,Stem Cell,72.75,48,60.76
CELL_48167,Leukocyte,16.75,31,78.34
CELL_40500,Myocyte,45.29,19,89.9
CELL_86130,Epithelial,86.57,43,72.13
CELL_29410,Myocyte,89.68,28,56.69
CELL_58596,Leukocyte,42.48,18,89.86
CELL_28881,Leukocyte,94.63,29,88.3
CELL_25379,Stem Cell,83.36,7,60.7
CELL_67351,Fibroblast,71.67,8,80.19
CELL_73512,Stem Cell,79.87,7,77.72
CELL_90471,Neuron,34.37,18,92.37
CELL_19279,Fibroblast,9.92,35,73.99
CELL_59108,Erythrocyte,39.27,29,88.09
CELL_15139,Epithelial,113.09,43,79.92
CELL_36282,Leukocyte,6.35,33,76.8
CELL_78330,Erythrocyte,70.94,38,90.8
CELL_66562,Epithelial,22.86,39,58.75
CELL_62442,Epithelial,70.78,25,61.04
CELL_88707,Fibroblast,30.03,44,89.6
CELL_59583,Neuron,91.13,32,65.18
CELL_75676,Leukocyte,84.0,47,96.48
CELL_15107,Epithelial,73.29,19,78.07
CELL_53901,Leukocyte,98.22,30,63.76
CELL_57012,Erythrocyte,63.49,36,59.09
CELL_73420,Fibroblast,49.82,22,61.06
CELL_30564,Stem Cell,87.28,35,86.76
CELL_15038,Epithelial,73.8,30,56.71
CELL_94806,Epithelial,5.82,38,56.59
CELL_37813,Erythrocyte,12.55,27,70.08
CELL_27452,Fibroblast,40.66,7,93.75
CELL_15460,Neuron,55.09,50,98.46
CELL_90912,Stem Cell,78.24,13,87.1
CELL_90187,Neuron,76.09,23,78.39
CELL_98907,Fibroblast,72.69,44,57.72
CELL_44876,Myocyte,25.07,17,60.92
CELL_97259,Leukocyte,84.69,41,82.17
CELL_79842,Leukocyte,49.62,46,67.16
CELL_21528,Fibroblast,35.84,14,85.19
CELL_48440,Epithelial,88.86,14,75.26
CELL_87502,Erythrocyte,17.75,50,53.95
CELL_69369,Erythrocyte,35.27,7,70.93
CELL_14171,Erythrocyte,60.97,36,86.99
CELL_37451,Epithelial,104.96,9,53.99
CELL_40226,Stem Cell,83.85,19,65.65
CELL_90659,Myocyte,73.63,36,83.09
CELL_48392,Stem Cell,45.22,40,51.81
CELL_75392,Fibroblast,19.67,30,53.84
CELL_24324,Stem Cell,68.05,42,87.97
CELL_48068,Leukocyte,29.26,22,70.22
CELL_45741,Myocyte,24.71,37,98.23
CELL_28469,Leukocyte,21.39,16,51.59
CELL_82500,Epithelial,101.91,26,74.17
CELL_87654,Epithelial,48.64,35,93.2
CELL_93871,Epithelial,50.66,12,83.37
CELL_23826,Neuron,77.77,5,66.9
CELL_96504,Fibroblast,13.83,9,81.88
CELL_98832,Stem Cell,59.8,49,66.17
CELL_12903,Neuron,110.75,28,93.0
CELL_36703,Myocyte,97.54,33,59.48
CELL_25206,Erythrocyte,84.48,14,81.2
CELL_97008,Fibroblast,59.96,12,51.57
CELL_69822,Stem Cell,49.84,8,75.29
CELL_84830,Leukocyte,91.44,50,61.53
CELL_94590,Neuron,75.05,12,68.89
CELL_56019,Neuron,93.74,31,95.83
CELL_85755,Erythrocyte,9.74,41,80.23
CELL_93586,Neuron,52.2,50,50.88
CELL_55786,Leukocyte,80.07,31,95.15
CELL_42574,Myocyte,119.29,24,52.52
CELL_47697,Fibroblast,114.83,9,76.12
CELL_87021,Stem Cell,48.52,29,80.35
CELL_74081,Leukocyte,79.17,35,75.68
CELL_91816,Myocyte,38.08,18,84.18
CELL_48130,Neuron,5.23,8,90.43
CELL_17501,Myocyte,86.26,11,91.01
CELL_14722,Erythrocyte,73.63,34,83.32
CELL_60508,Myocyte,55.01,33,76.84
CELL_50805,Neuron,22.1,15,97.13
CELL_93015,Neuron,74.97,7,98.68
CELL_49600,Neuron,94.34,17,54.25
CELL_37114,Leukocyte,115.54,24,59.68
CELL_93885,Erythrocyte,12.1,16,95.9
CELL_38449,Stem Cell,53.17,47,80.41
CELL_50518,Leukocyte,47.82,13,63.6
CELL_30655,Fibroblast,109.68,8,52.97
CELL_70085,Stem Cell,104.04,29,63.12
CELL_31489,Myocyte,91.79,15,54.06
CELL_69930,Stem Cell,72.17,45,61.14
CELL_24483,Stem Cell,52.85,17,80.42
CELL_43421,Neuron,80.32,26,61.49
CELL_25968,Epithelial,77.31,46,59.86
CELL_47570,Erythrocyte,5.1,42,82.06
CELL_37896,Stem Cell,59.46,25,76.62
CELL_93451,Stem Cell,61.04,22,96.13
CELL_27103,Erythrocyte,74.53,18,94.6
CELL_15355,Myocyte,90.91,28,68.83
CELL_80636,Leukocyte,114.56,30,95.81
CELL_18530,Fibroblast,54.54,34,52.21
CELL_82598,Erythrocyte,54.52,16,72.57
CELL_70080,Fibroblast,92.96,17,60.86
CELL_89115,Fibroblast,41.96,7,88.92
CELL_75294,Epithelial,74.96,22,81.79
CELL_72147,Myocyte,66.44,26,96.55
CELL_57120,Stem Cell,61.4,25,84.06
CELL_24541,Leukocyte,66.44,18,62.4
CELL_16774,Myocyte,99.61,22,86.78
CELL_68698,Fibroblast,10.11,32,88.62
CELL_96682,Leukocyte,16.09,38,80.67
CELL_31139,Stem Cell,84.78,6,54.98
CELL_32748,Leukocyte,54.68,32,88.05
CELL_10061,Neuron,111.93,43,53.25
CELL_19589,Myocyte,66.7,22,67.0
CELL_40615,Fibroblast,112.1,42,91.83
CELL_91613,Leukocyte,7.09,47,92.08
CELL_60566,Stem Cell,67.26,49,55.88
CELL_69860,Fibroblast,51.58,23,51.91
CELL_60599,Stem Cell,74.34,26,60.61
CELL_60332,Epithelial,18.32,41,81.2
CELL_28009,Myocyte,17.71,49,78.51
CELL_92119,Leukocyte,40.67,24,58.76
CELL_38135,Stem Cell,6.7,35,69.51
CELL_52005,Epithelial,116.79,43,63.23
CELL_59930,Myocyte,54.75,49,51.53
CELL_21195,Myocyte,54.06,22,81.05
CELL_20976,Epithelial,94.39,12,90.62
CELL_55117,Leukocyte,102.07,47,59.79
CELL_28295,Fibroblast,103.21,49,54.97
CELL_64280,Neuron,65.25,22,52.67
CELL_90650,Leukocyte,56.71,7,57.3
CELL_96930,Neuron,102.2,39,54.43
CELL_27067,Leukocyte,88.0,42,95.44
CELL_44390,Erythrocyte,38.05,47,95.48
CELL_84067,Stem Cell,103.67,37,97.75
CELL_54250,Neuron,67.17,16,93.15
CELL_26888,Epithelial,35.19,5,79.5
CELL_45449,Myocyte,99.33,21,53.37
CELL_68120,Neuron,110.08,36,94.35
CELL_38131,Neuron,42.56,38,63.46
CELL_77786,Erythrocyte,48.99,39,52.43
CELL_58080,Epithelial,77.89,31,63.63
CELL_28939,Myocyte,25.46,37,83.4
CELL_62411,Epithelial,111.71,36,69.92
CELL_86994,Fibroblast,97.21,39,70.1
CELL_89985,Neuron,107.24,13,77.87
CELL_46844,Myocyte,16.13,18,61.49
CELL_41488,Erythrocyte,72.92,43,90.28
CELL_65401,Leukocyte,36.42,39,57.24
CELL_96285,Erythrocyte,83.75,31,72.52
CELL_76498,Erythrocyte,51.79,26,63.05
CELL_97422,Leukocyte,78.12,26,68.86
CELL_67736,Neuron,114.09,36,90.17
CELL_59818,Erythrocyte,61.13,39,59.75
CELL_53144,Myocyte,51.62,29,70.56
CELL_59919,Epithelial,21.5,44,51.27
CELL_12788,Neuron,105.78,20,82.63
CELL_13747,Erythrocyte,19.83,20,79.79
CELL_65306,Stem Cell,16.61,42,66.04
CELL_67335,Erythrocyte,65.33,26,50.91
CELL_33958,Stem Cell,34.45,10,69.44
CELL_41684,Epithelial,90.07,19,90.36
CELL_90523,Fibroblast,66.93,9,87.72
CELL_77054,Epithelial,76.12,27,98.07
CELL_53149,Stem Cell,33.99,50,93.59
CELL_46099,Leukocyte,38.09,48,80.37
CELL_80358,Neuron,26.53,48,76.45
CELL_81042,Leukocyte,97.15,30,67.64
CELL_20494,Fibroblast,39.99,46,77.58
CELL_55513,Erythrocyte,118.14,37,62.0
CELL_17704,Fibroblast,88.63,50,97.81
CELL_87444,Myocyte,48.62,13,66.9
CELL_69915,Myocyte,55.32,26,80.37
CELL_24649,Myocyte,27.06,14,66.13
CELL_85028,Erythrocyte,17.21,19,57.53
CELL_31982,Fibroblast,54.68,19,92.75
CELL_74814,Erythrocyte,51.57,41,55.68
CELL_97885,Leukocyte,78.07,17,77.32
CELL_10443,Neuron,58.43,22,56.46
CELL_74677,Epithelial,87.7,30,72.08
CELL_99195,Erythrocyte,114.68,9,86.27
CELL_88049,Erythrocyte,49.29,24,50.57
CELL_91771,Epithelial,29.7,22,80.24
CELL_38271,Neuron,17.35,9,53.52
CELL_55865,Leukocyte,77.28,28,94.41
CELL_94512,Stem Cell,54.78,14,68.42
CELL_74754,Neuron,97.51,28,78.09
CELL_62816,Myocyte,32.79,24,71.6
CELL_99162,Neuron,68.2,40,73.23
CELL_24883,Stem Cell,81.81,5,88.97
CELL_96852,Epithelial,96.27,9,70.21
CELL_50485,Neuron,99.43,36,88.02
CELL_44694,Leukocyte,14.66,12,60.35
CELL_69471,Myocyte,94.84,10,76.36
CELL_17349,Neuron,15.71,22,78.15
CELL_86101,Leukocyte,22.79,23,75.14
CELL_93432,Myocyte,51.84,17,77.69
CELL_37006,Neuron,54.54,35,67.31
CELL_59193,Erythrocyte,114.01,48,79.28
CELL_69873,Fibroblast,38.77,18,51.45
CELL_69441,Epithelial,90.22,9,63.04
CELL_89862,Neuron,60.49,43,98.03
CELL_96411,Stem Cell,16.22,8,82.34
CELL_57504,Neuron,34.89,10,85.71
CELL_11434,Myocyte,53.34,26,71.96
CELL_28490,Myocyte,89.34,34,71.9
CELL_34249,Neuron,26.72,7,92.34
CELL_39797,Stem Cell,68.36,24,67.87
CELL_24316,Fibroblast,80.54,44,59.38
CELL_17006,Erythrocyte,35.0,11,65.05
CELL_56133,Epithelial,34.06,40,94.02
CELL_36016,Leukocyte,25.0,39,99.88
CELL_67609,Neuron,42.14,50,90.9
CELL_15773,Stem Cell,56.16,7,71.5
CELL_44245,Leukocyte,61.81,30,71.33
CELL_46423,Erythrocyte,76.72,45,79.19
CELL_83801,Erythrocyte,71.71,19,95.14
CELL_19109,Neuron,99.37,42,94.42
CELL_62276,Myocyte,119.6,6,83.8
CELL_21615,Leukocyte,115.74,25,58.47
CELL_97970,Erythrocyte,92.02,49,57.44
CELL_97152,Leukocyte,31.17,42,66.55
CELL_83662,Neuron,11.13,19,80.17
CELL_85573,Fibroblast,28.88,9,60.29
CELL_78249,Stem Cell,45.91,49,71.98
CELL_89827,Neuron,94.64,50,63.0
CELL_36760,Epithelial,100.13,50,76.23
CELL_44697,Epithelial,115.65,12,81.73
CELL_23658,Myocyte,84.28,23,87.23
CELL_51022,Epithelial,86.47,22,84.16
CELL_29390,Neuron,42.03,25,63.97
CELL_79246,Myocyte,46.33,9,56.32
CELL_89622,Leukocyte,96.17,49,78.23
CELL_51090,Neuron,5.2,30,56.4
CELL_35082,Neuron,57.59,50,95.78
CELL_77876,Myocyte,100.95,5,82.24
CELL_80662,Neuron,18.43,6,91.52
CELL_62774,Leukocyte,94.41,46,82.58
CELL_84849,Leukocyte,26.12,31,97.32
CELL_31993,Neuron,84.0,30,95.82
CELL_25697,Leukocyte,94.02,44,96.87
CELL_87916,Stem Cell,49.91,19,77.68
CELL_37071,Myocyte,26.4,41,99.85
CELL_80334,Epithelial,92.68,48,65.38
CELL_89385,Erythrocyte,112.57,23,56.94
CELL_61235,Fibroblast,76.76,15,60.07
CELL_25858,Fibroblast,17.43,41,69.77
CELL_60637,Fibroblast,101.57,23,69.88
CELL_12784,Myocyte,38.44,38,75.38
CELL_31888,Stem Cell,20.19,11,55.72
CELL_80944,Leukocyte,88.16,27,96.49
CELL_42929,Neuron,55.33,36,94.23
CELL_25248,Erythrocyte,73.41,35,66.04
CELL_63174,Neuron,46.62,38,72.43
CELL_88033,Neuron,10.13,12,84.25
CELL_13833,Myocyte,93.1,11,73.98
CELL_70871,Myocyte,105.54,20,68.47
CELL_96922,Stem Cell,47.47,27,95.06
CELL_82528,Epithelial,90.51,21,56.75
CELL_75715,Myocyte,83.19,46,82.68
CELL_96556,Neuron,90.9,43,96.93
CELL_51214,Leukocyte,5.68,22,74.11
CELL_27731,Stem Cell,25.45,42,87.63
CELL_90272,Neuron,21.74,37,87.09
CELL_83242,Myocyte,76.17,10,83.22
CELL_68379,Stem Cell,36.96,24,79.12
CELL_45241,Myocyte,47.56,13,67.83
CELL_15837,Neuron,62.98,40,99.6
CELL_58198,Leukocyte,71.52,8,75.94
CELL_96040,Erythrocyte,9.53,11,67.51
CELL_47528,Leukocyte,116.08,43,90.4
CELL_10239,Myocyte,119.15,29,94.55
CELL_35258,Leukocyte,45.02,47,97.27
CELL_69385,Leukocyte,99.35,25,79.77
CELL_11651,Epithelial,75.05,5,83.68
CELL_19165,Stem Cell,27.5,33,90.97
CELL_80878,Stem Cell,57.64,50,52.64
CELL_19673,Neuron,42.36,5,62.3
CELL_40152,Epithelial,41.45,12,67.88
CELL_75070,Myocyte,38.5,8,60.81
CELL_80950,Epithelial,30.87,40,78.68
CELL_33615,Stem Cell,34.29,27,92.16
CELL_12392,Fibroblast,106.1,37,79.21
CELL_49270,Stem Cell,47.8,50,99.61
CELL_17930,Myocyte,103.37,8,63.72
CELL_23556,Erythrocyte,43.82,40,79.03
CELL_18285,Epithelial,55.17,29,67.12
CELL_45527,Erythrocyte,77.33,19,95.88
CELL_72947,Stem Cell,50.74,41,97.05
CELL_97363,Erythrocyte,18.56,29,70.05
CELL_76926,Epithelial,38.53,24,62.95
CELL_18794,Stem Cell,60.78,40,84.59
CELL_97000,Myocyte,114.31,19,75.75
CELL_63559,Erythrocyte,46.34,36,64.68
CELL_59402,Myocyte,111.18,9,86.15
CELL_35090,Erythrocyte,83.31,50,82.27
CELL_49146,Fibroblast,104.68,42,97.08
CELL_36036,Neuron,50.48,5,96.7
CELL_17235,Epithelial,37.81,10,79.95
CELL_54106,Myocyte,70.39,32,55.74
CELL_36286,Myocyte,99.63,16,98.57
CELL_89603,Neuron,104.21,24,67.88
CELL_44724,Myocyte,43.61,15,50.63
CELL_31743,Erythrocyte,74.13,22,62.05
CELL_77001,Stem Cell,76.87,13,78.12
CELL_23865,Fibroblast,21.87,36,75.61
CELL_88058,Myocyte,38.17,36,84.31
CELL_32915,Stem Cell,90.13,7,71.9
CELL_24610,Erythrocyte,111.51,8,84.16
CELL_95699,Erythrocyte,63.15,16,54.87
CELL_53219,Erythrocyte,18.22,37,60.71
CELL_39530,Leukocyte,53.94,35,72.66
CELL_65085,Myocyte,59.53,32,66.94
CELL_86522,Neuron,71.88,19,81.4
CELL_28326,Leukocyte,81.48,8,65.07
CELL_23724,Myocyte,12.45,11,60.18
CELL_86540,Erythrocyte,103.42,29,80.06
CELL_69069,Stem Cell,97.93,45,51.34
CELL_21282,Myocyte,37.91,17,62.01
CELL_16682,Leukocyte,76.31,44,67.17
CELL_17212,Myocyte,95.07,15,94.75
CELL_30876,Epithelial,36.53,43,63.09
CELL_21312,Neuron,72.46,32,81.57
CELL_71398,Stem Cell,48.78,13,70.35
CELL_56098,Neuron,54.06,19,66.07
CELL_61873,Myocyte,6.78,28,97.66
CELL_95901,Leukocyte,56.54,41,64.93
CELL_46440,Leukocyte,66.37,27,60.74
CELL_24075,Neuron,68.7,6,66.3
CELL_95497,Neuron,55.68,40,77.49
CELL_62314,Leukocyte,67.24,27,75.36
CELL_59630,Erythrocyte,25.9,9,83.29
CELL_85863,Neuron,25.16,46,84.85
CELL_84416,Fibroblast,37.45,37,81.77
CELL_63361,Leukocyte,31.83,13,75.5
CELL_42462,Epithelial,91.91,42,55.83
CELL_29894,Erythrocyte,113.31,45,93.7
CELL_82144,Leukocyte,97.71,27,71.67
CELL_84167,Fibroblast,22.65,5,58.4
CELL_63932,Stem Cell,46.78,42,89.91
CELL_14404,Leukocyte,35.76,18,52.54
CELL_22709,Leukocyte,107.49,32,72.61
CELL_83815,Leukocyte,92.3,5,77.49
CELL_34612,Epithelial,89.72,12,60.84
CELL_38823,Stem Cell,41.46,37,93.23
CELL_84018,Myocyte,100.93,22,99.02
CELL_24745,Stem Cell,23.32,24,82.06
CELL_94137,Erythrocyte,8.19,21,54.52
CELL_96398,Erythrocyte,22.74,5,92.09
CELL_71667,Neuron,110.83,9,93.14
CELL_51069,Myocyte,12.89,38,67.0
CELL_77049,Fibroblast,48.99,44,57.99
CELL_28839,Epithelial,23.85,12,94.27
CELL_81797,Stem Cell,6.72,29,67.52
CELL_13159,Myocyte,98.14,35,59.12
CELL_56649,Erythrocyte,19.08,24,73.64
CELL_22694,Neuron,66.36,13,91.1
CELL_54218,Leukocyte,105.77,25,75.82
CELL_51608,Myocyte,17.24,43,73.53
CELL_20120,Fibroblast,32.91,18,78.75
CELL_65713,Myocyte,7.81,24,62.11
CELL_75033,Neuron,23.45,47,88.61
CELL_22902,Fibroblast,26.92,29,82.27
CELL_64388,Fibroblast,45.84,6,67.6
CELL_13210,Fibroblast,35.44,25,82.71
CELL_26047,Leukocyte,17.73,43,56.83
CELL_58755,Leukocyte,110.31,18,67.17
CELL_94385,Epithelial,112.62,23,57.58
CELL_80317,Erythrocyte,33.56,31,95.74
CELL_47767,Epithelial,24.42,45,96.93
CELL_73722,Stem Cell,72.26,43,68.91
CELL_98094,Erythrocyte,66.4,47,50.42
CELL_69008,Epithelial,9.01,48,83.2
CELL_61309,Stem Cell,55.24,33,86.76
CELL_17176,Leukocyte,41.65,17,57.23
CELL_50576,Epithelial,20.67,37,72.27
CELL_41857,Leukocyte,72.42,19,78.23
CELL_13675,Epithelial,115.87,10,87.62
CELL_92426,Neuron,64.28,48,57.08
CELL_40738,Epithelial,24.39,9,72.37
CELL_95058,Epithelial,101.68,34,79.11
CELL_80677,Epithelial,87.17,47,98.35
CELL_89949,Leukocyte,37.14,45,61.0
CELL_78745,Myocyte,55.7,23,86.89
CELL_44298,Stem Cell,113.86,26,73.91
CELL_50509,Erythrocyte,79.3,20,94.54
CELL_97423,Stem Cell,68.07,41,77.75
CELL_77990,Erythrocyte,86.9,34,70.34
CELL_41945,Neuron,16.03,9,62.03
CELL_58767,Fibroblast,11.25,19,51.39
CELL_47110,Fibroblast,46.37,26,78.97
CELL_57455,Neuron,8.14,31,71.36
CELL_83924,Neuron,75.64,45,90.46
CELL_71705,Epithelial,51.03,18,72.55
CELL_53449,Leukocyte,13.2,24,64.7
CELL_12461,Fibroblast,118.58,47,81.23
CELL_73950,Fibroblast,27.4,27,87.87
CELL_87170,Fibroblast,20.46,46,55.12
CELL_79100,Leukocyte,32.57,39,58.69
CELL_80537,Epithelial,35.8,10,60.5
CELL_32747,Myocyte,91.25,50,64.78
CELL_44349,Myocyte,77.33,39,80.1
CELL_24098,Fibroblast,67.17,37,87.44
CELL_62162,Neuron,94.84,36,98.28
CELL_93879,Epithelial,58.42,30,83.87
CELL_43817,Erythrocyte,116.62,36,73.04
CELL_42885,Epithelial,116.74,34,76.85
CELL_81190,Myocyte,101.03,21,54.47
CELL_70160,Stem Cell,26.12,49,93.43
CELL_53595,Fibroblast,92.12,13,76.49
CELL_57780,Fibroblast,66.35,44,53.88
CELL_83127,Neuron,101.11,18,93.36
CELL_98138,Erythrocyte,55.96,19,62.68
CELL_86356,Erythrocyte,41.34,29,56.74
CELL_59212,Stem Cell,74.6,7,84.17
CELL_90595,Myocyte,64.02,42,85.24
CELL_44859,Myocyte,100.66,28,69.52
CELL_82185,Erythrocyte,5.89,37,99.56
CELL_66079,Myocyte,116.71,14,84.84
CELL_17325,Epithelial,75.3,43,96.52
CELL_21824,Stem Cell,30.21,6,60.81
CELL_66243,Erythrocyte,99.74,28,83.97
CELL_36190,Myocyte,107.02,39,64.75
CELL_44575,Myocyte,83.82,22,72.95
CELL_11631,Fibroblast,106.89,45,74.18
CELL_36026,Myocyte,76.25,8,66.92
CELL_97387,Leukocyte,58.8,39,72.92
CELL_31165,Myocyte,13.87,12,83.29
CELL_82751,Epithelial,11.68,9,55.05
CELL_63763,Fibroblast,51.03,14,65.62
CELL_41366,Erythrocyte,70.81,34,95.57
CELL_35401,Epithelial,38.01,41,99.76
CELL_23312,Neuron,95.61,49,57.2
CELL_87175,Stem Cell,47.02,29,71.36
CELL_62431,Epithelial,33.96,43,90.3
CELL_50023,Leukocyte,63.89,21,85.13
CELL_29145,Epithelial,99.79,8,98.85
CELL_83988,Epithelial,42.3,23,88.82
CELL_59580,Stem Cell,48.09,17,90.22
CELL_92142,Stem Cell,69.52,46,53.8
CELL_81794,Neuron,45.73,47,68.27
CELL_45426,Epithelial,81.81,42,69.97
CELL_11649,Myocyte,10.55,14,97.09
CELL_98282,Erythrocyte,51.6,33,77.33
CELL_61681,Epithelial,104.26,8,99.17
CELL_38405,Neuron,49.22,38,65.77
CELL_60117,Epithelial,45.28,17,85.69
CELL_92390,Neuron,55.18,13,74.34
CELL_68871,Epithelial,28.11,36,67.58
CELL_94577,Neuron,77.32,24,85.62
CELL_17994,Stem Cell,45.89,23,65.75
CELL_37584,Leukocyte,32.07,28,76.11
CELL_83415,Myocyte,61.88,11,95.95
CELL_14287,Erythrocyte,25.69,26,70.75
CELL_12563,Fibroblast,17.01,16,95.06
CELL_59001,Stem Cell,6.61,23,76.34
CELL_68402,Erythrocyte,96.03,35,85.57
CELL_31448,Myocyte,22.33,37,51.21
CELL_20708,Leukocyte,59.88,43,97.14
CELL_45341,Stem Cell,57.79,46,59.95
CELL_41068,Epithelial,46.73,25,93.49
CELL_83761,Leukocyte,117.56,19,75.54
CELL_59573,Stem Cell,8.73,43,79.57
CELL_74300,Epithelial,105.69,32,85.64
CELL_94176,Myocyte,105.93,47,94.97
CELL_90483,Erythrocyte,47.94,23,57.88
CELL_68296,Epithelial,49.74,45,52.12
CELL_30989,Stem Cell,95.94,41,57.04
CELL_61543,Leukocyte,51.79,20,64.33
CELL_67531,Epithelial,72.8,43,65.47
CELL_22492,Neuron,81.33,21,90.07
CELL_63793,Stem Cell,25.16,46,71.5
CELL_27751,Erythrocyte,50.44,17,51.46
CELL_63185,Erythrocyte,47.0,43,92.66
CELL_80845,Fibroblast,36.06,25,67.23
CELL_82996,Epithelial,94.8,40,83.05
CELL_16281,Stem Cell,79.74,35,98.14
CELL_34948,Stem Cell,104.5,16,97.72
CELL_63073,Epithelial,17.71,34,73.52
CELL_37770,Stem Cell,14.32,10,99.27
CELL_50590,Leukocyte,80.67,14,56.91
CELL_72482,Neuron,106.78,25,68.55
CELL_18904,Neuron,66.31,17,71.0
CELL_85223,Erythrocyte,72.56,40,97.05
CELL_68986,Stem Cell,95.25,46,52.8
CELL_27933,Stem Cell,96.33,50,95.56
CELL_36824,Neuron,96.66,41,52.33
CELL_39439,Myocyte,62.77,38,69.96
CELL_80559,Epithelial,118.24,39,87.78
CELL_28768,Leukocyte,117.04,40,97.16
CELL_26340,Leukocyte,87.15,40,88.8
CELL_96086,Myocyte,56.47,48,70.87
CELL_36233,Stem Cell,116.8,29,65.03
CELL_17316,Neuron,99.74,41,77.48
CELL_77665,Fibroblast,76.88,31,71.2
CELL_56025,Stem Cell,38.15,12,92.67
CELL_61581,Leukocyte,119.38,35,54.39
CELL_22221,Leukocyte,59.22,9,96.35
CELL_80378,Erythrocyte,111.16,19,66.3
CELL_72227,Stem Cell,80.32,21,73.08
CELL_90081,Stem Cell,10.74,34,93.58
CELL_16535,Erythrocyte,13.05,7,84.05
CELL_91981,Fibroblast,19.21,38,53.46
CELL_76074,Neuron,52.32,16,95.49
CELL_89405,Fibroblast,10.87,18,52.58
CELL_92487,Epithelial,77.7,24,58.08
CELL_50686,Epithelial,50.78,36,69.54
CELL_54979,Myocyte,47.21,12,65.12
CELL_54251,Epithelial,75.06,21,60.35
CELL_32462,Leukocyte,9.79,6,80.71
CELL_95478,Stem Cell,29.24,14,77.35
CELL_83036,Neuron,69.74,28,52.37
CELL_70001,Myocyte,35.9,5,89.82
CELL_52064,Leukocyte,89.64,16,77.73
CELL_94595,Neuron,105.72,45,72.51
CELL_57956,Fibroblast,64.18,39,60.34
CELL_91819,Erythrocyte,15.33,25,56.82
CELL_42532,Erythrocyte,102.41,47,55.27
CELL_76832,Myocyte,31.56,29,76.17
CELL_13645,Stem Cell,97.64,44,52.77
CELL_39468,Epithelial,6.76,21,73.31
CELL_58070,Neuron,116.17,21,65.93
CELL_95667,Neuron,16.52,28,88.56
CELL_82732,Leukocyte,86.49,13,94.12
CELL_31946,Epithelial,9.78,42,90.54
CELL_45489,Leukocyte,5.91,49,99.59
CELL_55541,Myocyte,38.38,12,94.25
CELL_77480,Neuron,67.06,44,76.45
CELL_63475,Leukocyte,9.3,21,85.62
CELL_11082,Neuron,35.8,47,72.93
CELL_21105,Stem Cell,70.91,12,75.04
CELL_66105,Fibroblast,88.22,35,52.8
CELL_83187,Erythrocyte,117.69,9,96.03
CELL_14974,Epithelial,16.27,47,85.38
CELL_44868,Fibroblast,79.9,45,86.14
CELL_11715,Stem Cell,72.24,17,74.14
CELL_14489,Epithelial,9.1,47,66.3
CELL_12633,Leukocyte,25.16,8,80.88
CELL_66609,Myocyte,29.54,16,61.53
CELL_92119,Fibroblast,8.01,46,56.77
CELL_45429,Leukocyte,87.33,14,80.46
CELL_61709,Epithelial,59.7,6,99.34
CELL_88651,Myocyte,94.83,17,75.59
CELL_49906,Fibroblast,68.38,14,79.66
CELL_92711,Myocyte,75.26,48,59.9
CELL_39990,Myocyte,31.88,36,79.7
CELL_63353,Neuron,117.88,19,80.49
CELL_57952,Erythrocyte,61.66,30,82.94
CELL_63065,Leukocyte,38.83,27,64.88
CELL_25588,Epithelial,82.67,45,83.11
CELL_16847,Erythrocyte,59.82,33,84.13
CELL_16423,Fibroblast,7.7,26,60.36
CELL_84166,Epithelial,85.12,9,75.09
CELL_78847,Myocyte,50.24,38,82.22
CELL_95288,Myocyte,98.65,15,87.96
CELL_69147,Erythrocyte,100.81,5,56.07
CELL_89337,Erythrocyte,37.8,37,58.29
CELL_15592,Myocyte,84.39,25,63.0
CELL_34925,Neuron,97.32,39,93.3
CELL_26317,Neuron,21.64,5,83.4
CELL_37038,Myocyte,109.51,5,72.36
CELL_89445,Neuron,41.16,45,80.88
CELL_15861,Epithelial,99.28,43,51.23
CELL_74252,Erythrocyte,69.63,16,64.61
CELL_36728,Leukocyte,47.08,36,84.35
CELL_58600,Leukocyte,25.15,46,61.81
CELL_48864,Myocyte,91.48,33,64.39
CELL_89779,Epithelial,6.32,42,91.95
CELL_95997,Epithelial,29.49,32,99.59
CELL_96212,Epithelial,10.12,5,52.61
CELL_15259,Epithelial,91.49,47,74.83
CELL_17159,Leukocyte,8.37,47,95.57
CELL_22448,Fibroblast,81.79,25,76.33
CELL_10569,Leukocyte,75.63,46,78.06
CELL_99548,Stem Cell,115.06,22,91.02
CELL_59581,Neuron,30.11,23,63.06
CELL_87259,Erythrocyte,90.39,28,94.37
CELL_46106,Neuron,114.56,43,50.38
CELL_37642,Stem Cell,60.31,47,58.36
CELL_75218,Erythrocyte,79.87,31,51.64
CELL_97956,Erythrocyte,95.53,47,52.38
CELL_87170,Myocyte,78.52,23,77.52
CELL_41893,Fibroblast,53.42,32,93.0
CELL_54847,Epithelial,41.67,48,64.5
CELL_34269,Fibroblast,29.73,5,94.53
CELL_40375,Neuron,92.91,11,56.16
CELL_37580,Neuron,84.22,23,59.98
CELL_90433,Leukocyte,73.67,31,83.32
CELL_29231,Erythrocyte,114.22,8,63.76
CELL_27014,Myocyte,66.88,18,56.15
CELL_96944,Erythrocyte,49.05,32,60.72
CELL_34329,Erythrocyte,58.5,44,69.13
CELL_80672,Myocyte,79.22,32,70.45
CELL_20054,Leukocyte,75.68,23,50.74
CELL_32513,Neuron,36.11,13,64.96
CELL_86081,Myocyte,22.34,8,89.36
CELL_38027,Erythrocyte,68.7,30,63.69
CELL_65668,Leukocyte,21.32,27,62.96
CELL_60025,Fibroblast,11.05,27,83.47
CELL_76017,Fibroblast,42.99,14,75.37
CELL_52566,Neuron,91.63,41,68.01
CELL_40234,Myocyte,107.35,34,78.78
CELL_96347,Leukocyte,93.62,31,55.24
CELL_81891,Myocyte,54.05,48,89.82
CELL_10084,Neuron,55.79,47,59.53
CELL_24639,Leukocyte,33.82,33,84.18
CELL_43881,Fibroblast,46.92,44,62.12
CELL_22989,Epithelial,39.17,46,74.12
CELL_87481,Leukocyte,109.16,37,71.33
CELL_91712,Stem Cell,64.91,22,74.22
CELL_77088,Myocyte,9.12,36,86.86
CELL_63861,Erythrocyte,104.35,12,64.99
CELL_72316,Erythrocyte,38.43,8,83.23
CELL_87585,Fibroblast,50.99,14,95.08
CELL_28933,Fibroblast,67.46,8,70.57
CELL_82461,Leukocyte,57.9,50,66.68
CELL_21649,Stem Cell,55.45,5,59.76
CELL_21908,Erythrocyte,96.46,18,81.25
CELL_67717,Stem Cell,109.58,11,86.84
CELL_43295,Fibroblast,104.16,31,74.38
CELL_42836,Stem Cell,62.23,42,76.13
CELL_30995,Stem Cell,14.39,40,70.72
CELL_77522,Fibroblast,110.66,20,63.17
CELL_37913,Erythrocyte,30.9,11,56.91
CELL_32176,Myocyte,83.87,46,71.18
CELL_59266,Stem Cell,44.82,14,53.26
CELL_93177,Neuron,55.21,22,80.91
CELL_44364,Epithelial,86.04,9,86.83
CELL_37554,Erythrocyte,36.51,28,86.75
CELL_85008,Neuron,84.45,20,87.67
CELL_75514,Myocyte,42.41,22,76.03
CELL_66795,Leukocyte,108.14,45,96.77
CELL_63939,Neuron,51.55,26,88.17
CELL_57971,Fibroblast,118.18,42,54.06
CELL_51645,Fibroblast,54.52,15,90.04
CELL_68526,Stem Cell,62.02,5,50.76
CELL_15898,Leukocyte,92.47,22,74.36
CELL_97461,Fibroblast,33.16,33,85.61
CELL_14523,Stem Cell,40.59,44,62.37
CELL_15024,Neuron,69.89,32,66.07
CELL_79696,Leukocyte,117.59,34,64.53
CELL_67339,Erythrocyte,19.46,7,79.05
CELL_68355,Stem Cell,9.31,36,88.79
CELL_23784,Stem Cell,73.71,13,62.54
CELL_17183,Epithelial,111.51,15,75.21
CELL_54396,Fibroblast,109.89,16,72.83
CELL_93982,Leukocyte,110.95,46,83.48
CELL_52609,Stem Cell,62.55,19,64.6
CELL_33794,Neuron,83.65,31,78.63
CELL_12436,Myocyte,31.69,9,75.41
CELL_65304,Fibroblast,76.23,11,83.22
CELL_12608,Erythrocyte,84.69,35,99.69
CELL_69539,Fibroblast,8.09,31,66.79
CELL_38963,Epithelial,35.29,34,93.35
CELL_57391,Epithelial,16.48,30,87.64
CELL_17636,Myocyte,112.48,38,67.44
CELL_25319,Erythrocyte,90.48,8,54.27
CELL_35939,Stem Cell,119.51,9,80.08
CELL_91766,Fibroblast,60.65,50,53.68
CELL_79207,Leukocyte,53.4,20,87.28
CELL_76060,Myocyte,84.45,43,78.86
CELL_46136,Leukocyte,23.25,50,59.02
CELL_29831,Epithelial,90.02,17,71.03
CELL_17383,Myocyte,105.46,50,73.2
CELL_70526,Stem Cell,22.49,6,77.34
CELL_81992,Epithelial,79.47,24,57.32
CELL_57932,Erythrocyte,35.2,5,78.0
CELL_64964,Fibroblast,106.57,49,81.05
CELL_55855,Erythrocyte,27.91,34,85.51
CELL_24781,Erythrocyte,86.4,27,61.25
CELL_80179,Stem Cell,103.82,8,74.43
CELL_40343,Fibroblast,30.93,22,68.92
CELL_61373,Stem Cell,73.95,40,71.47
CELL_81686,Erythrocyte,54.25,13,66.29
CELL_88065,Erythrocyte,37.99,17,78.08
CELL_88652,Epithelial,113.41,20,66.96
CELL_29470,Fibroblast,98.53,26,56.24
CELL_55079,Erythrocyte,82.28,30,74.44
CELL_44906,Leukocyte,11.55,39,91.09
CELL_42451,Epithelial,109.41,27,70.47
CELL_70422,Myocyte,26.39,8,63.4
CELL_23137,Erythrocyte,38.02,25,97.03
CELL_87649,Leukocyte,40.21,35,83.06
CELL_47038,Fibroblast,62.48,5,83.24
CELL_17909,Erythrocyte,87.34,45,83.73
CELL_16573,Erythrocyte,117.33,49,93.48
CELL_25244,Stem Cell,45.2,28,92.2
CELL_15615,Erythrocyte,82.55,45,62.35
CELL_48526,Erythrocyte,102.91,49,72.07
CELL_53846,Leukocyte,67.65,10,93.26
CELL_56970,Epithelial,86.9,9,51.46
CELL_38476,Myocyte,68.2,41,90.52
CELL_63006,Epithelial,57.74,39,64.02
CELL_35860,Neuron,59.88,18,59.47
CELL_89341,Leukocyte,50.24,11,68.28
CELL_84070,Neuron,15.98,23,81.13
CELL_87367,Neuron,111.83,16,82.42
CELL_49862,Myocyte,14.98,23,76.8
CELL_75633,Myocyte,99.37,20,69.19
CELL_96323,Stem Cell,114.51,19,50.57
CELL_12245,Neuron,84.95,37,84.63
CELL_69017,Fibroblast,54.11,32,97.63
CELL_37230,Stem Cell,85.42,37,74.07
CELL_41411,Epithelial,68.1,10,96.4
CELL_77046,Neuron,12.48,49,58.93
CELL_36084,Leukocyte,45.2,27,71.22
CELL_17454,Erythrocyte,9.73,43,50.62
CELL_30028,Epithelial,26.4,25,69.65
CELL_40162,Stem Cell,33.29,23,96.58
CELL_70202,Fibroblast,89.92,17,58.08
CELL_39273,Neuron,68.67,37,63.42
CELL_96044,Epithelial,115.93,26,89.89
CELL_10378,Fibroblast,43.18,28,67.15
CELL_34588,Stem Cell,24.26,47,83.01
CELL_45427,Fibroblast,109.54,10,59.89
CELL_12378,Epithelial,62.53,36,71.88
CELL_12581,Erythrocyte,23.51,41,70.87
CELL_78172,Epithelial,24.24,33,88.66
CELL_30725,Leukocyte,39.08,29,90.74
CELL_43758,Epithelial,32.65,44,97.86
CELL_10789,Erythrocyte,110.82,5,87.08
CELL_77762,Stem Cell,14.22,18,79.44
CELL_45589,Myocyte,8.34,42,70.87
CELL_87970,Epithelial,7.45,14,62.28
CELL_10528,Erythrocyte,55.82,21,75.37
CELL_12459,Epithelial,76.79,35,95.27
CELL_88518,Stem Cell,46.02,24,92.19
CELL_20050,Stem Cell,8.57,31,97.53
CELL_93055,Leukocyte,80.19,7,77.5
CELL_33467,Erythrocyte,101.25,50,86.8
CELL_77804,Leukocyte,71.67,40,76.2
CELL_20450,Epithelial,25.61,34,65.49
CELL_62994,Erythrocyte,78.38,28,94.69
CELL_92809,Leukocyte,42.1,18,74.1
CELL_54165,Neuron,59.4,41,71.81
CELL_52028,Myocyte,39.84,35,64.19
CELL_12574,Epithelial,105.0,27,51.24
CELL_37209,Fibroblast,92.27,43,65.3
CELL_74261,Leukocyte,52.05,18,82.27
CELL_80071,Erythrocyte,84.87,48,60.14
CELL_28277,Leukocyte,43.47,22,75.65
CELL_73900,Stem Cell,37.31,15,63.42
CELL_45759,Myocyte,56.67,7,67.31
CELL_21406,Neuron,81.1,14,72.54
CELL_65938,Stem Cell,119.42,18,93.85
CELL_42352,Neuron,82.12,13,58.92
CELL_97023,Epithelial,30.2,26,54.38
CELL_51321,Leukocyte,97.17,5,75.48
CELL_33157,Myocyte,55.97,5,83.75
CELL_40918,Erythrocyte,64.17,38,51.58
CELL_58715,Stem Cell,23.7,49,60.22
CELL_11868,Neuron,17.08,8,63.29
CELL_54420,Stem Cell,71.44,28,52.7
CELL_92362,Leukocyte,87.79,49,69.44
CELL_52094,Epithelial,57.69,9,75.69
CELL_35562,Stem Cell,112.23,46,89.84
CELL_96136,Leukocyte,119.38,33,66.06
CELL_57503,Neuron,8.76,48,99.61
CELL_42119,Fibroblast,10.25,12,82.29
CELL_51650,Stem Cell,32.51,35,71.45
CELL_44554,Erythrocyte,69.96,47,92.55
CELL_28666,Epithelial,40.92,46,79.04
CELL_35111,Myocyte,5.78,26,55.84
CELL_86493,Fibroblast,59.89,5,68.31
CELL_24387,Neuron,35.7,27,81.8
CELL_97873,Fibroblast,53.22,14,92.3
CELL_39223,Erythrocyte,10.25,28,77.53
CELL_33128,Neuron,35.58,44,56.96
CELL_94457,Neuron,118.83,9,54.66
CELL_12301,Myocyte,101.91,15,91.45
CELL_55195,Epithelial,86.62,17,87.58
CELL_95400,Leukocyte,112.26,38,63.23
CELL_87070,Fibroblast,47.45,7,92.12
CELL_37347,Leukocyte,110.73,47,94.68
CELL_36126,Fibroblast,8.94,31,98.23
CELL_15818,Neuron,73.11,17,76.25
CELL_25258,Fibroblast,96.92,26,93.19
CELL_42422,Erythrocyte,52.32,46,64.4
CELL_47353,Fibroblast,103.47,25,81.25
CELL_36346,Stem Cell,103.85,25,93.2
CELL_87581,Erythrocyte,52.69,43,59.24
CELL_18991,Myocyte,33.69,24,51.38
CELL_33733,Myocyte,7.5,25,72.6
CELL_58666,Fibroblast,36.85,11,51.44
CELL_71939,Stem Cell,89.79,42,51.87
CELL_11022,Stem Cell,68.8,47,71.25
CELL_73949,Leukocyte,58.85,41,95.8
CELL_93883,Epithelial,83.85,31,88.82
CELL_22116,Fibroblast,96.17,42,87.27
CELL_58917,Leukocyte,46.88,6,91.39
CELL_34480,Fibroblast,65.05,31,88.64
CELL_51103,Stem Cell,19.12,9,50.22
CELL_63601,Myocyte,110.94,49,66.21
CELL_99832,Stem Cell,112.11,36,57.09
CELL_50499,Epithelial,96.28,27,96.42
CELL_77187,Stem Cell,97.59,16,81.35
CELL_64311,Fibroblast,28.53,29,99.2
CELL_38011,Myocyte,67.55,15,61.58
CELL_27481,Fibroblast,34.21,47,80.21
CELL_30478,Myocyte,41.51,33,90.24
CELL_23635,Myocyte,27.54,7,88.08
CELL_91526,Leukocyte,85.85,20,67.72
CELL_68004,Neuron,24.09,10,58.79
CELL_87144,Leukocyte,64.91,29,98.14
CELL_96625,Erythrocyte,57.59,13,98.95
CELL_27888,Myocyte,13.24,47,95.36
CELL_35437,Stem Cell,108.9,6,78.39
CELL_21032,Leukocyte,11.03,9,76.82
CELL_65665,Stem Cell,58.8,27,86.28
CELL_32723,Fibroblast,58.37,31,82.56
CELL_36253,Epithelial,105.69,34,50.95
CELL_69891,Fibroblast,62.62,20,81.38
CELL_44637,Leukocyte,92.08,42,81.11
CELL_63568,Leukocyte,78.8,17,53.56
CELL_57583,Fibroblast,59.03,31,93.94
CELL_33178,Myocyte,30.81,18,99.49
CELL_11134,Leukocyte,22.52,43,91.5
CELL_24492,Erythrocyte,92.29,20,81.91
CELL_59055,Erythrocyte,36.05,11,79.4
CELL_24898,Leukocyte,67.11,17,92.16
CELL_74520,Fibroblast,70.42,44,95.59
CELL_70523,Myocyte,23.81,26,74.19
CELL_72490,Stem Cell,14.27,32,92.49
CELL_71284,Leukocyte,51.48,25,50.38
CELL_42226,Leukocyte,82.18,11,56.47
CELL_36668,Myocyte,103.97,30,86.8
CELL_75585,Epithelial,118.85,12,81.96
CELL_85318,Stem Cell,56.96,44,57.58
CELL_70913,Fibroblast,119.37,21,72.95
CELL_38884,Epithelial,94.09,49,96.29
CELL_69019,Erythrocyte,97.94,36,53.89
CELL_24402,Leukocyte,60.72,33,82.67
CELL_50534,Fibroblast,57.54,37,72.4
CELL_84582,Myocyte,105.46,21,76.98
CELL_73076,Leukocyte,97.26,32,88.55
CELL_37095,Neuron,61.06,25,52.43
CELL_70061,Neuron,7.28,13,90.4
CELL_70394,Neuron,81.5,44,87.96
CELL_38432,Leukocyte,43.46,44,70.08
CELL_70696,Leukocyte,109.91,49,59.13
CELL_24134,Erythrocyte,6.23,30,68.13
CELL_23192,Erythrocyte,91.9,35,54.42
CELL_78346,Epithelial,82.48,7,89.72
CELL_12350,Stem Cell,12.1,34,68.84
CELL_97598,Neuron,8.4,38,94.63
CELL_99578,Epithelial,5.61,27,76.93
CELL_48604,Erythrocyte,25.3,30,84.92
CELL_75595,Epithelial,36.78,13,53.67
CELL_78792,Epithelial,80.6,10,90.57
CELL_34794,Epithelial,100.81,11,55.61
CELL_39855,Neuron,15.65,31,60.25
CELL_91090,Erythrocyte,5.37,32,74.14
CELL_29519,Epithelial,88.97,43,94.46
CELL_11720,Stem Cell,54.34,40,69.71
CELL_16567,Epithelial,94.64,8,78.18
CELL_90851,Stem Cell,10.54,12,83.35
CELL_31914,Neuron,20.69,16,95.63
CELL_95429,Epithelial,27.02,35,97.68
CELL_95539,Neuron,42.08,28,83.82
CELL_55230,Myocyte,9.24,13,74.49
CELL_94887,Myocyte,64.59,22,71.79
CELL_95069,Fibroblast,35.94,31,58.43
CELL_18487,Fibroblast,107.28,32,94.84
CELL_92299,Neuron,98.88,34,89.29
CELL_45625,Myocyte,96.26,32,79.52
CELL_78778,Fibroblast,8.86,25,91.14
CELL_42008,Fibroblast,33.48,7,65.31
CELL_35341,Fibroblast,44.94,37,71.26
CELL_66270,Fibroblast,104.34,22,56.18
CELL_24832,Neuron,60.09,20,80.87
CELL_47776,Fibroblast,119.49,22,67.77
CELL_39019,Myocyte,107.97,49,70.22
CELL_59679,Neuron,51.29,18,88.83
CELL_43034,Fibroblast,114.74,14,99.84
CELL_12264,Epithelial,117.06,22,78.2
CELL_63824,Neuron,33.07,6,61.92
CELL_61346,Leukocyte,10.55,23,94.35
CELL_81252,Myocyte,23.13,10,77.15
CELL_58114,Neuron,67.04,43,58.35
CELL_30800,Erythrocyte,43.1,26,92.69
CELL_59670,Myocyte,54.05,5,54.46
CELL_15337,Fibroblast,40.6,46,60.28
CELL_92320,Erythrocyte,72.47,48,76.6
CELL_30748,Erythrocyte,59.19,37,55.55
CELL_93695,Fibroblast,43.28,9,97.33
CELL_28992,Epithelial,68.33,7,86.44
CELL_47991,Myocyte,115.06,32,87.37
CELL_72277,Erythrocyte,77.26,8,64.41
CELL_55373,Stem Cell,113.69,23,56.01
CELL_75631,Neuron,98.55,21,51.36
CELL_71302,Myocyte,49.26,16,56.79
CELL_66978,Erythrocyte,44.49,5,73.9
CELL_58752,Erythrocyte,8.78,15,60.71
CELL_48049,Neuron,118.14,22,55.95
CELL_80663,Neuron,45.1,11,82.9
CELL_75707,Leukocyte,104.86,34,55.45
CELL_49257,Neuron,110.19,45,83.37
CELL_92178,Epithelial,104.12,45,61.28
CELL_56471,Stem Cell,14.45,32,67.7
CELL_14639,Leukocyte,79.76,20,95.91
CELL_70750,Neuron,83.32,45,92.11
CELL_99559,Leukocyte,58.82,41,79.84
CELL_53415,Epithelial,119.28,18,92.97
CELL_86496,Neuron,10.13,41,76.36
CELL_20221,Leukocyte,94.44,19,97.05
CELL_48765,Epithelial,77.13,8,94.29
CELL_55017,Leukocyte,56.22,32,89.93
