cell_id,cell_type,diameter_um,organelle_count,viability_pct
CELL_85209,Neuron,101.22,16,98.12
CELL_55305,Epithelial,19.16,32,80.41
CELL_70323,Neuron,35.29,8,70.47
CELL_29069,Stem Cell,115.7,49,73.19
CELL_83366,Stem Cell,72.31,7,64.82
CELL_86831,Myocyte,95.9,14,66.03
CELL_19940,Neuron,22.67,48,66.87
CELL_85560,Erythrocyte,51.58,28,67.77
CELL_51431,Epithelial,60.92,48,54.01
CELL_82435,Stem Cell,63.88,27,54.19
CELL_98610,Neuron,115.25,50,95.24
CELL_46688,Stem Cell,72.5,29,93.83
CELL_62566,Erythrocyte,68.51,38,69.19
CELL_13637,Leukocyte,41.99,47,68.79
CELL_59458,Leukocyte,38.52,10,60.12
CELL_40241,Leukocyte,70.42,48,72.6
CELL_61087,Myocyte,69.26,43,64.54
CELL_72150,Erythrocyte,11.09,6,68.79
CELL_36037,Fibroblast,57.34,41,60.94
CELL_20315,Fibroblast,18.3,13,70.88
CELL_81125,Fibroblast,54.0,46,59.29
CELL_53494,Leukocyte,34.92,23,67.63
CELL_40280,Erythrocyte,57.37,31,98.72
CELL_34515,Myocyte,61.42,15,89.45
CELL_57500,Erythrocyte,72.94,45,59.99
CELL_78447,Myocyte,84.95,35,51.98
CELL_11298,Myocyte,63.11,37,89.4
CELL_43126,Fibroblast,54.62,11,82.11
CELL_11778,Fibroblast,97.02,28,92.02
CELL_19441,Leukocyte,93.28,16,81.05
CELL_60280,Myocyte,92.17,32,95.86
CELL_73832,Leukocyte,31.71,16,78.14
CELL_23944,Neuron,93.44,30,83.61
CELL_74326,Neuron,28.48,33,69.76
CELL_88478,Fibroblast,12.82,10,90.65
CELL_33671,Epithelial,64.26,18,51.29
CELL_96799,Neuron,54.52,33,59.65
CELL_43832,Epithelial,13.39,22,88.57
CELL_56189,Epithelial,36.63,21,61.11
CELL_93561,Epithelial,21.99,15,59.06
CELL_28777,Myocyte,52.89,40,71.97
CELL_89019,Epithelial,6.37,20,79.65
CELL_25411,Neuron,69.81,39,82.6
CELL_54583,Epithelial,64.87,33,86.23
CELL_85542,Epithelial,100.15,13,54.36
CELL_49627,Myocyte,9.5,41,84.68
CELL_11116,Stem Cell,35.62,22,87.15
CELL_44859,Erythrocyte,61.76,49,86.83
CELL_44605,Myocyte,5.47,17,67.2
CELL_37378,Erythrocyte,26.09,42,86.6
CELL_40345,Erythrocyte,51.54,50,97.97
CELL_18851,Stem Cell,51.3,44,98.58
CELL_20853,Erythrocyte,76.79,38,85.34
CELL_30364,Neuron,116.2,5,84.63
CELL_55073,Neuron,89.06,18,88.5
CELL_72407,Leukocyte,114.95,14,76.62
CELL_13663,Neuron,84.79,47,69.63
CELL_56574,Epithelial,107.82,41,74.79
CELL_22098,Stem Cell,83.53,31,71.38
CELL_49085,Myocyte,108.81,45,80.51
CELL_99687,Fibroblast,112.34,13,82.05
CELL_60369,Neuron,84.59,24,96.22
CELL_71802,Fibroblast,69.05,7,52.47
CELL_35918,Fibroblast,114.9,9,68.12
CELL_14663,Neuron,7.03,5,98.31
CELL_36992,Fibroblast,92.52,24,60.97
CELL_20832,Fibroblast,14.92,14,58.6
CELL_69214,Fibroblast,12.62,46,50.18
CELL_38013,Myocyte,19.97,8,77.44
CELL_11626,Leukocyte,8.94,33,52.88
CELL_66873,Epithelial,64.12,48,74.18
CELL_43869,Leukocyte,59.79,39,76.51
CELL_89207,Leukocyte,81.05,8,92.95
CELL_98301,Fibroblast,86.68,6,76.7
CELL_21613,Neuron,116.8,35,87.24
CELL_53162,Stem Cell,28.76,11,52.88
CELL_43121,Epithelial,29.55,37,95.5
CELL_86252,Stem Cell,53.5,26,85.91
CELL_91424,Epithelial,103.41,32,78.05
CELL_17857,Stem Cell,82.83,44,50.89
CELL_59530,Myocyte,7.0,43,70.84
CELL_20062,Neuron,84.46,10,51.61
CELL_89511,Stem Cell,15.57,29,87.38
CELL_41710,Neuron,56.79,6,82.9
CELL_39715,Fibroblast,91.55,38,68.67
CELL_87019,Neuron,59.22,15,96.91
CELL_55228,Erythrocyte,31.21,17,59.82
CELL_76321,Myocyte,32.0,9,63.86
CELL_44105,Fibroblast,35.41,38,73.74
CELL_38402,Epithelial,23.88,40,97.61
CELL_58475,Fibroblast,91.0,47,68.92
CELL_15549,Erythrocyte,9.76,47,72.75
CELL_27216,Fibroblast,111.9,39,80.69
CELL_88454,Epithelial,50.42,30,99.8
CELL_98317,Neuron,66.48,40,84.99
CELL_77204,Leukocyte,69.18,20,80.97
CELL_33584,Leukocyte,44.78,19,82.33
CELL_84393,Leukocyte,35.6,20,74.83
CELL_75562,Leukocyte,6.23,13,99.21
CELL_65422,Leukocyte,76.42,39,54.68
CELL_38536,Myocyte,18.77,17,86.91
CELL_59418,Erythrocyte,46.48,36,81.8
CELL_87536,Neuron,42.99,23,80.67
CELL_42128,Erythrocyte,27.17,28,67.29
CELL_93402,Leukocyte,104.34,44,73.21
CELL_73872,Fibroblast,10.85,33,85.09
CELL_44142,Neuron,75.25,6,96.05
CELL_79047,Fibroblast,26.25,11,96.95
CELL_40611,Leukocyte,77.96,32,82.04
CELL_33174,Fibroblast,71.44,41,99.63
CELL_83563,Epithelial,105.86,41,84.58
CELL_11051,Fibroblast,102.77,18,96.52
CELL_26369,Neuron,101.53,38,87.23
CELL_45432,Neuron,6.61,42,72.56
CELL_12750,Erythrocyte,18.59,9,53.42
CELL_61050,Fibroblast,98.53,49,75.49
CELL_75485,Myocyte,92.67,18,91.69
CELL_89112,Stem Cell,45.98,45,91.97
CELL_96035,Neuron,74.64,5,76.52
CELL_42163,Erythrocyte,50.58,8,86.63
CELL_62748,Myocyte,81.4,26,78.13
CELL_67209,Leukocyte,60.54,46,53.06
CELL_59771,Fibroblast,22.43,29,95.22
CELL_51762,Myocyte,23.44,37,82.59
CELL_42074,Erythrocyte,12.68,10,52.7
CELL_97636,Myocyte,105.34,20,91.12
CELL_25907,Erythrocyte,100.06,33,99.84
CELL_49540,Leukocyte,11.42,32,63.38
CELL_92205,Fibroblast,72.01,22,86.69
CELL_64951,Leukocyte,33.47,13,65.18
CELL_42566,Stem Cell,84.38,44,78.04
CELL_38847,Stem Cell,80.71,15,71.77
CELL_96833,Leukocyte,90.98,19,59.06
CELL_86950,Epithelial,6.45,45,80.29
CELL_51176,Fibroblast,39.67,17,79.23
CELL_34073,Leukocyte,45.28,37,76.54
CELL_82148,Neuron,115.95,17,57.27
CELL_25905,Fibroblast,83.81,26,59.43
CELL_84123,Leukocyte,97.77,22,96.44
CELL_47635,Epithelial,64.37,46,73.44
CELL_80531,Neuron,48.19,42,80.46
CELL_87742,Fibroblast,31.44,13,97.58
CELL_79927,Epithelial,114.6,30,69.01
CELL_82946,Stem Cell,56.38,43,92.85
CELL_82244,Myocyte,13.46,33,77.04
CELL_28171,Stem Cell,91.6,8,90.82
CELL_55288,Neuron,38.3,21,53.73
CELL_94636,Epithelial,6.99,31,85.13
CELL_55099,Neuron,50.02,34,98.75
CELL_36403,Leukocyte,102.44,30,73.37
CELL_75894,Leukocyte,89.95,5,61.73
CELL_45049,Epithelial,9.85,27,70.44
CELL_28644,Epithelial,118.48,15,56.87
CELL_76282,Neuron,90.08,40,50.23
CELL_93537,Stem Cell,16.83,46,64.09
CELL_77562,Leukocyte,93.73,24,89.57
CELL_73702,Erythrocyte,82.27,46,66.03
CELL_68029,Leukocyte,45.92,44,55.86
CELL_95300,Stem Cell,88.58,47,96.59
CELL_92417,Fibroblast,111.43,30,74.74
CELL_38044,Epithelial,114.18,8,97.24
CELL_76695,Neuron,90.16,27,70.76
CELL_50437,Epithelial,26.25,25,90.66
CELL_80439,Stem Cell,48.05,48,73.37
CELL_94633,Erythrocyte,33.58,49,92.47
CELL_89675,Epithelial,36.85,26,84.67
CELL_11936,Stem Cell,44.8,10,86.41
CELL_24972,Neuron,6.31,9,54.86
CELL_81307,Fibroblast,18.15,12,94.34
CELL_81241,Epithelial,116.7,12,83.15
CELL_65853,Epithelial,15.82,27,61.6
CELL_40919,Neuron,105.56,40,91.25
CELL_38056,Fibroblast,38.97,49,84.33
CELL_91835,Leukocyte,89.78,40,77.14
CELL_73611,Myocyte,61.18,28,60.63
CELL_86951,Erythrocyte,109.47,14,68.93
CELL_23155,Neuron,49.59,26,95.53
CELL_50826,Epithelial,101.71,19,84.42
CELL_81135,Leukocyte,116.32,34,90.72
CELL_33977,Epithelial,22.51,34,83.17
CELL_44043,Neuron,44.92,41,71.87
CELL_67457,Stem Cell,46.12,44,60.93
CELL_48481,Fibroblast,108.18,34,77.67
CELL_41961,Neuron,100.7,48,64.86
CELL_68646,Leukocyte,32.54,44,82.96
CELL_91993,Stem Cell,19.23,36,63.18
CELL_53530,Neuron,69.31,50,86.88
CELL_32808,Stem Cell,116.82,19,69.13
CELL_11064,Myocyte,23.43,44,53.29
CELL_33927,Neuron,29.59,25,72.69
CELL_31595,Myocyte,28.24,19,98.81
CELL_97647,Erythrocyte,57.6,39,55.05
CELL_96621,Stem Cell,9.19,48,84.33
CELL_97243,Myocyte,28.64,26,62.53
CELL_41818,Leukocyte,8.35,44,63.0
CELL_96213,Myocyte,72.49,18,94.72
CELL_26224,Stem Cell,34.67,49,60.47
CELL_25701,Neuron,60.66,47,52.09
CELL_19747,Erythrocyte,21.94,28,97.65
CELL_14376,Neuron,59.37,44,75.86
CELL_29871,Fibroblast,112.7,42,84.48
CELL_31734,Epithelial,41.94,47,98.84
CELL_32777,Erythrocyte,17.14,30,84.67
CELL_24491,Leukocyte,17.27,21,61.9
CELL_25928,Leukocyte,49.37,35,92.36
CELL_66710,Erythrocyte,57.85,46,93.06
CELL_89595,Erythrocyte,88.51,26,66.93
CELL_99763,Erythrocyte,21.28,26,81.32
CELL_30718,Myocyte,98.0,30,58.87
CELL_96054,Leukocyte,75.1,25,58.15
CELL_79453,Stem Cell,64.52,43,82.69
CELL_84285,Erythrocyte,84.23,16,56.68
CELL_24410,Erythrocyte,5.16,9,90.44
CELL_14895,Fibroblast,105.89,17,59.26
CELL_81284,Neuron,87.99,40,70.0
CELL_45479,Epithelial,112.32,40,75.21
CELL_18762,Stem Cell,42.84,37,51.19
CELL_74743,Leukocyte,68.97,29,73.37
CELL_53800,Epithelial,117.54,21,51.54
CELL_37973,Fibroblast,111.51,13,90.89
CELL_99400,Erythrocyte,41.27,11,79.1
CELL_76619,Leukocyte,90.93,9,50.27
CELL_60798,Epithelial,5.16,10,82.15
CELL_39955,Leukocyte,75.81,28,97.88
CELL_78963,Stem Cell,59.84,30,94.28
CELL_57295,Leukocyte,5.62,49,81.84
CELL_31662,Erythrocyte,45.9,30,98.65
CELL_70269,Fibroblast,80.57,49,74.63
CELL_10295,Leukocyte,118.98,10,75.68
CELL_14995,Neuron,35.08,36,69.2
CELL_69063,Neuron,80.2,37,94.31
CELL_90367,Epithelial,48.12,12,64.9
CELL_58722,Epithelial,76.21,22,65.88
CELL_44964,Neuron,82.73,37,57.35
CELL_96427,Erythrocyte,31.5,50,98.17
CELL_99286,Myocyte,64.26,44,68.83
CELL_25030,Erythrocyte,52.99,9,58.93
CELL_90856,Leukocyte,83.18,40,92.02
CELL_41860,Erythrocyte,16.5,45,66.18
CELL_68628,Leukocyte,64.67,47,80.62
CELL_14155,Fibroblast,44.72,45,72.2
CELL_93428,Epithelial,86.22,8,59.28
CELL_64855,Fibroblast,60.58,42,58.05
CELL_54206,Myocyte,33.66,35,97.33
CELL_54174,Erythrocyte,41.31,48,50.58
CELL_33131,Epithelial,54.45,16,80.34
CELL_82513,Erythrocyte,32.51,7,67.96
CELL_53346,Myocyte,82.89,16,96.76
CELL_27868,Erythrocyte,58.82,16,59.84
CELL_78973,Fibroblast,101.83,16,96.78
CELL_85839,Neuron,113.41,30,91.53
CELL_87757,Fibroblast,35.16,16,72.11
CELL_32661,Fibroblast,34.35,22,90.47
CELL_26107,Myocyte,55.12,29,58.52
CELL_44759,Myocyte,65.35,36,57.36
CELL_70444,Erythrocyte,60.68,7,75.8
CELL_53819,Fibroblast,39.01,34,88.16
CELL_26132,Leukocyte,77.75,30,86.16
CELL_88896,Fibroblast,53.33,10,60.71
CELL_73456,Leukocyte,80.04,37,67.83
CELL_66609,Stem Cell,43.26,12,77.5
CELL_88865,Erythrocyte,59.51,46,67.87
CELL_48966,Myocyte,98.77,16,82.31
CELL_62036,Stem Cell,24.57,43,66.1
CELL_73761,Fibroblast,16.5,18,76.01
CELL_17743,Myocyte,44.98,11,71.16
CELL_11901,Erythrocyte,27.23,11,96.89
CELL_54971,Fibroblast,54.34,50,57.83
CELL_91637,Erythrocyte,106.49,10,84.52
CELL_56921,Erythrocyte,105.59,46,87.69
CELL_72004,Stem Cell,57.07,23,70.54
CELL_50068,Leukocyte,94.75,6,63.38
CELL_89987,Myocyte,9.03,26,53.62
CELL_25143,Leukocyte,62.42,43,63.84
CELL_22464,Myocyte,30.18,20,93.36
CELL_90206,Erythrocyte,55.07,45,54.84
CELL_27434,Erythrocyte,118.85,18,52.69
CELL_75829,Leukocyte,75.39,33,96.75
CELL_50143,Leukocyte,97.29,44,74.93
CELL_33917,Erythrocyte,53.2,47,89.95
CELL_48614,Erythrocyte,109.66,33,77.86
CELL_90760,Neuron,81.66,36,79.0
CELL_69605,Fibroblast,50.0,30,70.3
CELL_11066,Myocyte,75.95,32,79.08
CELL_37860,Erythrocyte,77.74,32,76.12
CELL_56274,Fibroblast,72.06,20,80.74
CELL_20927,Myocyte,81.38,5,90.52
CELL_77465,Leukocyte,23.92,23,58.14
CELL_99374,Myocyte,51.47,24,69.2
CELL_30076,Erythrocyte,65.34,17,76.46
CELL_11391,Leukocyte,52.54,49,88.05
CELL_16196,Myocyte,78.41,34,80.68
CELL_96273,Erythrocyte,45.33,28,77.0
CELL_49221,Neuron,108.58,29,77.9
CELL_14257,Neuron,38.76,9,96.98
CELL_69159,Myocyte,86.58,32,84.79
CELL_16282,Leukocyte,49.75,38,85.89
CELL_86345,Fibroblast,37.86,49,83.03
CELL_97137,Stem Cell,23.61,9,93.77
CELL_41040,Erythrocyte,8.88,44,70.79
CELL_45693,Neuron,107.6,38,53.76
CELL_36923,Myocyte,52.72,30,85.93
CELL_37638,Neuron,105.23,50,75.11
CELL_22337,Fibroblast,21.27,47,80.57
CELL_91426,Stem Cell,15.43,13,99.37
CELL_24435,Erythrocyte,112.73,44,75.84
CELL_70430,Erythrocyte,40.56,49,52.52
CELL_93144,Erythrocyte,69.97,37,71.26
CELL_94123,Leukocyte,62.21,39,72.13
CELL_61276,Myocyte,119.2,14,87.25
CELL_21680,Neuron,53.87,45,63.15
CELL_36030,Neuron,85.6,28,83.8
CELL_92745,Erythrocyte,66.68,17,86.78
CELL_66051,Leukocyte,39.1,14,92.08
CELL_13186,Neuron,48.14,40,80.43
CELL_88489,Stem Cell,19.96,22,78.99
CELL_12846,Myocyte,52.74,25,68.82
CELL_73775,Leukocyte,98.77,35,99.84
CELL_90723,Leukocyte,81.21,6,51.81
CELL_34847,Erythrocyte,13.83,26,75.27
CELL_81913,Leukocyte,111.89,36,74.35
CELL_84839,Fibroblast,93.95,17,78.14
CELL_91122,Neuron,11.42,14,69.41
CELL_86196,Erythrocyte,95.25,42,59.92
CELL_98968,Myocyte,48.89,26,58.85
CELL_33188,Epithelial,8.05,26,86.6
CELL_94918,Stem Cell,74.94,49,90.99
CELL_63820,Neuron,74.75,39,87.34
CELL_84992,Myocyte,41.47,35,76.31
CELL_95179,Epithelial,73.42,26,97.7
CELL_41788,Epithelial,100.29,34,93.22
CELL_74543,Fibroblast,59.82,18,70.73
CELL_17401,Neuron,38.01,26,68.1
CELL_80043,Leukocyte,85.29,29,73.56
CELL_94608,Leukocyte,74.55,41,77.86
CELL_14222,Neuron,107.87,18,70.32
CELL_29638,Leukocyte,109.49,13,50.34
CELL_91307,Neuron,78.5,7,84.73
CELL_53310,Erythrocyte,14.97,16,59.4
CELL_59527,Myocyte,93.81,30,91.33
CELL_43251,Myocyte,84.28,37,86.96
CELL_20826,Myocyte,11.45,23,91.94
CELL_22038,Myocyte,66.6,47,90.35
CELL_40261,Myocyte,101.0,47,65.37
CELL_14273,Erythrocyte,72.89,23,58.56
CELL_87792,Erythrocyte,46.61,38,55.09
CELL_46915,Fibroblast,40.98,37,61.14
CELL_99843,Epithelial,83.72,38,57.61
CELL_63331,Leukocyte,91.32,28,60.17
CELL_22197,Neuron,90.03,12,60.24
CELL_78026,Fibroblast,31.52,12,90.55
CELL_80779,Erythrocyte,92.31,45,55.08
CELL_56438,Leukocyte,70.07,34,61.19
CELL_34398,Myocyte,50.25,8,99.63
CELL_18899,Fibroblast,101.33,24,56.94
CELL_64745,Erythrocyte,106.62,44,97.02
CELL_18741,Erythrocyte,107.71,10,77.79
CELL_89965,Epithelial,58.95,42,79.82
CELL_47842,Erythrocyte,30.38,12,61.5
CELL_16904,Myocyte,62.01,18,52.24
CELL_96080,Neuron,114.83,39,59.07
CELL_47669,Epithelial,63.04,42,78.09
CELL_22979,Epithelial,29.58,20,52.4
CELL_16603,Stem Cell,29.17,11,76.22
CELL_85992,Epithelial,61.3,23,54.11
CELL_28048,Stem Cell,23.21,28,87.26
CELL_91877,Myocyte,40.72,23,79.47
CELL_80814,Epithelial,9.26,10,86.82
CELL_71593,Myocyte,111.16,44,81.23
CELL_36006,Epithelial,74.52,48,87.57
CELL_57422,Stem Cell,44.92,9,69.42
CELL_76052,Myocyte,89.2,20,50.86
CELL_39139,Leukocyte,15.58,19,95.2
CELL_79696,Epithelial,29.47,24,78.21
CELL_87086,Leukocyte,99.8,8,83.81
CELL_62398,Neuron,14.84,28,77.01
CELL_32431,Neuron,50.56,46,53.4
CELL_21192,Stem Cell,107.8,37,87.25
CELL_65301,Neuron,7.06,46,70.8
CELL_26703,Leukocyte,28.58,29,96.92
CELL_17100,Fibroblast,15.9,44,84.8
CELL_53948,Myocyte,81.76,5,82.26
CELL_25214,Epithelial,116.28,7,94.71
CELL_93670,Erythrocyte,48.63,14,52.73
CELL_93196,Erythrocyte,87.87,43,91.95
CELL_95712,Neuron,92.97,15,52.74
CELL_84348,Neuron,18.7,37,87.59
CELL_84214,Stem Cell,63.64,18,94.49
CELL_71854,Neuron,91.11,7,58.23
CELL_96473,Epithelial,40.81,26,74.26
CELL_79948,Fibroblast,23.71,11,76.75
CELL_10550,Epithelial,14.23,43,86.81
CELL_10079,Stem Cell,103.59,40,52.41
CELL_95120,Leukocyte,42.06,12,61.64
CELL_84948,Erythrocyte,91.82,5,70.84
CELL_42034,Neuron,22.61,21,51.93
CELL_79748,Myocyte,55.94,18,72.53
CELL_82998,Fibroblast,114.27,44,94.56
CELL_18264,Epithelial,32.65,24,89.03
CELL_80072,Fibroblast,67.48,5,94.15
CELL_26535,Stem Cell,43.79,42,54.99
CELL_70709,Fibroblast,89.07,8,58.89
CELL_28617,Epithelial,72.11,7,57.31
CELL_44091,Fibroblast,47.6,46,99.02
CELL_12245,Leukocyte,118.69,44,99.67
CELL_65764,Myocyte,79.9,42,58.82
CELL_48023,Neuron,48.24,27,73.38
CELL_13239,Erythrocyte,66.49,9,96.4
CELL_17428,Fibroblast,89.84,26,64.02
CELL_61920,Erythrocyte,71.88,16,97.53
CELL_27198,Epithelial,57.27,40,60.96
CELL_98376,Erythrocyte,86.98,41,63.78
CELL_69456,Myocyte,40.36,15,56.97
CELL_36257,Epithelial,93.51,22,99.41
CELL_34814,Fibroblast,102.78,15,71.76
CELL_70376,Erythrocyte,87.4,7,87.0
CELL_50429,Leukocyte,36.67,34,87.15
CELL_19442,Erythrocyte,105.2,40,77.87
CELL_34843,Leukocyte,114.64,18,66.19
CELL_96560,Neuron,119.64,20,74.06
CELL_75831,Fibroblast,25.98,49,89.24
CELL_84734,Epithelial,7.03,39,83.54
CELL_57925,Stem Cell,115.53,29,60.37
CELL_82771,Fibroblast,104.07,11,80.67
CELL_12699,Stem Cell,79.51,9,76.12
CELL_72384,Fibroblast,54.19,24,69.71
CELL_12502,Epithelial,14.7,26,84.55
CELL_66654,Erythrocyte,25.91,15,82.39
CELL_64076,Fibroblast,77.31,20,65.83
CELL_63710,Leukocyte,59.8,27,83.39
CELL_30724,Neuron,88.8,30,53.49
CELL_64344,Erythrocyte,109.85,16,95.19
CELL_80470,Leukocyte,79.94,41,55.47
CELL_22122,Myocyte,70.53,6,71.67
CELL_85438,Neuron,26.05,39,76.88
CELL_63664,Fibroblast,59.23,11,98.41
CELL_61648,Leukocyte,38.25,38,74.02
CELL_85509,Fibroblast,112.53,37,53.16
CELL_66054,Neuron,101.46,37,68.75
CELL_24772,Erythrocyte,85.32,31,84.04
CELL_91301,Erythrocyte,55.93,26,87.04
CELL_65715,Myocyte,29.24,22,73.84
CELL_63778,Leukocyte,67.89,43,58.0
CELL_72917,Stem Cell,22.25,39,84.56
CELL_56639,Neuron,29.13,44,57.54
CELL_41159,Epithelial,18.1,5,87.66
CELL_59152,Fibroblast,103.68,49,96.25
CELL_39587,Epithelial,17.65,28,51.4
CELL_77394,Epithelial,90.37,8,62.19
CELL_24224,Epithelial,86.88,23,77.32
CELL_96418,Stem Cell,27.55,48,95.9
CELL_54855,Neuron,69.73,50,86.03
CELL_54092,Fibroblast,76.74,44,81.63
CELL_13943,Epithelial,95.21,47,61.12
CELL_94318,Stem Cell,79.92,29,99.02
CELL_13930,Myocyte,69.66,22,54.92
CELL_95373,Epithelial,97.42,9,51.41
CELL_37222,Neuron,35.54,21,93.09
CELL_91740,Fibroblast,76.41,24,73.15
CELL_31116,Myocyte,57.08,16,68.05
CELL_95629,Leukocyte,42.7,37,93.98
CELL_83670,Erythrocyte,10.33,14,58.61
CELL_18097,Erythrocyte,22.15,8,59.75
CELL_56218,Erythrocyte,49.51,15,51.34
CELL_43860,Stem Cell,26.84,15,52.39
CELL_11980,Epithelial,70.53,46,95.22
CELL_51106,Stem Cell,49.88,34,93.11
CELL_35249,Myocyte,49.31,25,97.71
CELL_25102,Fibroblast,110.96,9,77.86
CELL_40096,Epithelial,40.1,25,74.13
CELL_26306,Leukocyte,100.3,40,89.41
CELL_79878,Neuron,14.24,36,76.17
CELL_76358,Neuron,36.48,45,90.37
CELL_98747,Epithelial,98.25,18,57.86
CELL_53882,Fibroblast,13.75,38,70.96
CELL_85376,Erythrocyte,14.6,41,59.31
CELL_78760,Fibroblast,32.74,44,74.85
CELL_73308,Epithelial,83.51,9,50.76
CELL_52284,Leukocyte,117.28,26,82.7
CELL_52989,Neuron,50.33,43,95.1
CELL_14054,Myocyte,45.91,22,67.47
CELL_98773,Erythrocyte,116.27,8,95.66
CELL_18449,Erythrocyte,13.12,31,76.68
CELL_85038,Epithelial,86.81,16,94.26
CELL_83213,Epithelial,105.28,18,74.81
CELL_51111,Neuron,100.04,34,81.46
CELL_71310,Fibroblast,31.05,14,79.57
CELL_33024,Neuron,60.21,16,90.26
CELL_31112,Neuron,21.15,21,78.28
CELL_79544,Myocyte,108.75,50,95.15
CELL_78396,Erythrocyte,119.72,15,51.08
CELL_74859,Stem Cell,7.69,43,78.44
CELL_22485,Erythrocyte,96.08,21,63.32
CELL_72326,Neuron,90.48,12,60.06
CELL_51109,Myocyte,90.33,33,75.51
CELL_84949,Epithelial,53.65,35,51.63
CELL_19473,Leukocyte,44.58,6,65.48
CELL_94075,Erythrocyte,71.7,8,50.04
CELL_21081,Neuron,87.2,20,75.24
CELL_76657,Erythrocyte,104.02,25,72.28
CELL_98387,Myocyte,99.5,44,64.96
CELL_89247,Myocyte,55.96,31,98.51
CELL_92153,Stem Cell,6.1,37,60.33
CELL_95327,Fibroblast,116.67,26,53.58
CELL_82812,Erythrocyte,61.68,10,79.47
CELL_60179,Leukocyte,51.26,14,80.93
CELL_10429,Fibroblast,37.19,22,92.16
CELL_46882,Neuron,90.51,49,93.37
CELL_47759,Erythrocyte,55.2,25,81.31
CELL_68639,Erythrocyte,19.16,19,95.36
CELL_96921,Fibroblast,102.66,28,50.25
CELL_67423,Neuron,62.37,17,64.3
CELL_39972,Epithelial,60.6,32,97.24
CELL_76121,Leukocyte,22.67,50,88.93
CELL_91386,Leukocyte,95.05,36,51.22
CELL_46503,Erythrocyte,72.74,48,53.23
CELL_58838,Leukocyte,32.14,36,95.57
CELL_93745,Erythrocyte,118.43,5,80.84
CELL_91888,Stem Cell,117.91,42,52.7
CELL_70920,Stem Cell,24.59,15,61.35
CELL_66659,Neuron,116.55,10,88.59
CELL_26832,Leukocyte,10.76,25,93.07
CELL_40165,Leukocyte,95.2,25,65.13
CELL_78825,Myocyte,50.84,33,88.95
CELL_30788,Epithelial,6.89,20,51.46
CELL_41898,Leukocyte,6.48,10,76.89
CELL_85890,Leukocyte,5.73,49,97.29
CELL_90077,Myocyte,74.54,49,82.78
CELL_80977,Stem Cell,75.59,47,57.96
CELL_37142,Leukocyte,68.32,41,85.55
CELL_21584,Leukocyte,105.69,47,96.51
CELL_49838,Stem Cell,84.42,47,75.71
CELL_72310,Neuron,86.88,25,97.95
CELL_24105,Fibroblast,112.2,49,68.44
CELL_20752,Fibroblast,17.83,42,53.66
CELL_43862,Myocyte,76.54,43,73.85
CELL_47877,Myocyte,116.84,14,85.53
CELL_48263,Myocyte,42.34,13,80.65
CELL_78284,Erythrocyte,115.59,12,83.08
CELL_86816,Epithelial,58.4,5,55.43
CELL_48511,Myocyte,77.93,34,93.2
CELL_94468,Fibroblast,70.93,6,58.26
CELL_20257,Myocyte,87.51,24,99.34
CELL_49975,Neuron,26.63,8,83.73
CELL_67266,Myocyte,77.33,22,61.48
CELL_93882,Erythrocyte,85.01,30,86.07
CELL_73491,Epithelial,24.71,19,70.02
CELL_66097,Leukocyte,62.57,50,75.35
CELL_95972,Neuron,49.5,48,71.4
CELL_82541,Fibroblast,31.45,6,98.84
CELL_61501,Stem Cell,76.71,16,79.14
CELL_85755,Neuron,19.85,36,57.17
CELL_80486,Stem Cell,23.95,15,85.16
CELL_26312,Myocyte,86.85,27,58.28
CELL_73745,Stem Cell,39.12,36,79.26
CELL_17406,Neuron,42.38,8,72.9
CELL_62284,Stem Cell,86.78,5,50.45
CELL_55962,Stem Cell,8.99,11,72.73
CELL_54430,Neuron,18.78,6,85.85
CELL_59659,Erythrocyte,83.78,22,79.71
CELL_68500,Epithelial,21.54,32,60.72
CELL_66084,Leukocyte,15.07,16,64.88
CELL_80630,Neuron,11.69,8,70.15
CELL_31243,Epithelial,39.94,47,91.61
CELL_16516,Myocyte,87.69,9,56.03
CELL_77491,Fibroblast,83.35,46,97.84
CELL_46441,Neuron,81.11,9,57.03
CELL_58304,Erythrocyte,19.99,41,79.19
CELL_20962,Leukocyte,9.21,8,73.91
CELL_69493,Fibroblast,80.19,48,81.19
CELL_28018,Erythrocyte,101.51,37,80.68
CELL_62944,Fibroblast,46.25,20,95.64
CELL_16301,Epithelial,23.43,16,62.46
CELL_88553,Fibroblast,115.92,29,64.89
CELL_94509,Myocyte,103.96,37,84.3
CELL_42183,Leukocyte,6.22,38,93.5
CELL_39868,Stem Cell,59.06,6,71.51
CELL_22690,Epithelial,8.6,22,63.13
CELL_80685,Stem Cell,36.91,24,63.5
CELL_56894,Leukocyte,89.97,49,55.24
CELL_44566,Myocyte,78.08,27,83.48
CELL_59585,Epithelial,24.21,27,57.42
CELL_38005,Myocyte,94.4,36,71.93
CELL_16334,Erythrocyte,71.29,46,91.35
CELL_57213,Leukocyte,117.62,45,66.86
CELL_58583,Fibroblast,100.31,45,66.29
CELL_60631,Neuron,48.51,27,87.82
CELL_66115,Stem Cell,95.95,35,95.44
CELL_90203,Neuron,84.09,43,95.43
CELL_50075,Erythrocyte,74.66,46,94.85
CELL_43487,Erythrocyte,118.49,8,54.66
CELL_26010,Erythrocyte,65.13,41,68.35
CELL_40536,Fibroblast,50.37,49,85.71
CELL_21192,Erythrocyte,44.07,41,70.45
CELL_77174,Myocyte,69.48,23,85.33
CELL_25032,Leukocyte,78.28,13,90.1
CELL_36958,Epithelial,118.88,10,60.73
CELL_24472,Neuron,61.25,41,55.82
CELL_41467,Erythrocyte,32.48,26,84.9
CELL_72702,Fibroblast,32.94,30,90.83
CELL_62433,Neuron,49.47,43,83.77
CELL_88821,Fibroblast,109.67,14,53.13
CELL_13596,Erythrocyte,95.5,47,77.92
CELL_30595,Myocyte,74.33,35,92.16
CELL_51243,Stem Cell,76.14,10,61.99
CELL_32710,Epithelial,51.74,25,53.67
CELL_64509,Leukocyte,20.14,40,53.03
CELL_99376,Stem Cell,81.8,30,81.19
CELL_59909,Erythrocyte,62.26,36,54.23
CELL_88818,Stem Cell,27.55,6,58.56
CELL_86584,Myocyte,38.45,31,54.04
CELL_53165,Leukocyte,76.35,22,88.19
CELL_52942,Epithelial,50.81,28,91.0
CELL_63047,Leukocyte,20.53,21,87.69
CELL_78906,Stem Cell,94.72,41,98.49
CELL_12776,Fibroblast,118.58,38,92.59
CELL_91276,Leukocyte,17.44,34,52.86
CELL_26603,Stem Cell,7.16,7,80.12
CELL_10974,Leukocyte,16.27,6,91.76
CELL_79551,Leukocyte,77.33,34,61.16
CELL_84328,Epithelial,40.27,7,60.38
CELL_36054,Neuron,117.95,29,72.45
CELL_82953,Epithelial,5.55,7,88.76
CELL_26829,Myocyte,6.6,37,51.66
CELL_51797,Erythrocyte,61.72,25,80.34
CELL_60016,Myocyte,25.13,17,52.15
CELL_97060,Leukocyte,110.44,21,55.85
CELL_10041,Fibroblast,6.6,33,89.12
CELL_79996,Fibroblast,74.4,17,58.98
CELL_37136,Erythrocyte,82.18,32,92.41
CELL_82107,Neuron,114.52,37,51.42
CELL_52938,Fibroblast,83.61,24,92.98
CELL_18687,Stem Cell,6.19,43,60.56
CELL_37405,Erythrocyte,29.45,36,59.55
CELL_60511,Epithelial,77.62,46,64.9
CELL_85315,Myocyte,73.01,16,89.35
CELL_46272,Leukocyte,111.0,22,53.36
CELL_93908,Stem Cell,92.65,19,79.94
CELL_52216,Epithelial,102.71,15,86.23
CELL_84847,Fibroblast,34.39,28,85.66
CELL_85299,Stem Cell,21.44,20,63.73
CELL_38384,Leukocyte,92.17,48,68.44
CELL_96378,Stem Cell,49.6,16,78.01
CELL_33702,Neuron,66.43,41,96.88
CELL_17017,Neuron,63.12,18,99.48
CELL_26300,Leukocyte,20.32,39,70.75
CELL_77139,Stem Cell,14.94,47,91.86
CELL_91593,Fibroblast,85.5,26,90.39
CELL_35656,Neuron,89.55,7,76.1
CELL_43242,Myocyte,74.26,13,62.69
CELL_80591,Myocyte,39.52,37,89.93
CELL_15384,Epithelial,53.48,10,55.61
CELL_78576,Myocyte,59.04,10,74.38
CELL_48431,Neuron,61.74,22,52.08
CELL_95627,Erythrocyte,98.21,14,89.9
CELL_54139,Neuron,107.89,45,83.89
CELL_30040,Fibroblast,7.09,48,54.4
CELL_18904,Stem Cell,111.35,42,54.69
CELL_27023,Stem Cell,7.47,48,87.98
CELL_55787,Leukocyte,76.39,36,72.76
CELL_34173,Epithelial,40.16,7,88.21
CELL_52499,Stem Cell,70.88,18,54.83
CELL_72350,Myocyte,28.77,35,93.65
CELL_36464,Leukocyte,87.2,30,95.5
CELL_60841,Myocyte,71.94,16,59.19
CELL_54187,Neuron,110.76,44,63.96
CELL_17679,Leukocyte,17.6,28,70.05
CELL_12572,Myocyte,13.47,26,64.13
CELL_14968,Fibroblast,25.84,45,74.84
CELL_80465,Erythrocyte,20.66,40,57.53
CELL_33108,Epithelial,32.5,18,95.58
CELL_17598,Epithelial,15.45,12,76.07
CELL_26947,Myocyte,46.4,9,65.68
CELL_98030,Leukocyte,81.78,5,67.96
CELL_75500,Myocyte,77.26,35,52.22
CELL_42242,Epithelial,73.98,32,69.32
CELL_73859,Myocyte,43.21,48,50.42
CELL_32333,Stem Cell,80.3,27,90.22
CELL_14179,Erythrocyte,91.3,43,89.53
CELL_70566,Stem Cell,88.54,11,66.66
CELL_73011,Myocyte,64.91,49,80.38
CELL_43267,Erythrocyte,91.47,41,90.89
CELL_52379,Epithelial,80.11,10,56.21
CELL_78279,Erythrocyte,27.87,28,87.04
CELL_11431,Stem Cell,9.18,6,62.6
CELL_14211,Erythrocyte,89.53,18,87.07
CELL_23520,Epithelial,116.78,7,81.08
CELL_32587,Leukocyte,82.75,36,77.44
CELL_25155,Fibroblast,85.68,45,71.62
CELL_43291,Leukocyte,64.02,39,58.75
CELL_80711,Myocyte,107.55,40,63.52
CELL_42268,Myocyte,58.22,24,77.88
CELL_69412,Stem Cell,80.67,6,97.03
CELL_68798,Leukocyte,90.26,46,84.33
CELL_52619,Leukocyte,100.87,46,81.24
CELL_15062,Myocyte,90.63,42,57.9
CELL_29033,Stem Cell,104.63,22,83.59
CELL_27713,Neuron,91.29,6,61.33
CELL_68963,Stem Cell,92.87,20,80.6
CELL_39377,Stem Cell,41.37,33,89.15
CELL_24904,Leukocyte,118.16,50,70.59
CELL_27079,Leukocyte,17.8,36,55.81
CELL_93834,Neuron,113.94,44,72.43
CELL_66255,Neuron,50.88,14,61.2
CELL_29228,Stem Cell,65.42,37,68.09
CELL_62519,Stem Cell,26.39,34,76.7
CELL_17121,Leukocyte,114.94,12,77.52
CELL_55775,Fibroblast,53.19,16,58.08
CELL_68720,Erythrocyte,35.58,30,51.21
CELL_29564,Erythrocyte,45.94,49,84.88
CELL_96219,Stem Cell,83.6,32,87.05
CELL_95202,Leukocyte,41.52,22,60.47
CELL_41843,Epithelial,28.73,8,61.35
CELL_62322,Erythrocyte,117.99,8,80.2
CELL_46392,Myocyte,96.78,30,73.15
CELL_78136,Stem Cell,51.49,23,81.59
CELL_89084,Fibroblast,36.31,42,86.67
CELL_89599,Myocyte,47.47,26,77.96
CELL_18538,Stem Cell,50.86,42,51.41
CELL_91929,Epithelial,56.07,43,88.41
CELL_93110,Fibroblast,10.38,18,60.11
CELL_37366,Epithelial,51.12,23,80.75
CELL_28581,Stem Cell,8.28,8,86.1
CELL_51174,Leukocyte,91.15,12,50.51
CELL_31641,Epithelial,97.98,47,54.98
CELL_47213,Leukocyte,49.02,17,99.3
CELL_52067,Neuron,15.37,36,89.4
CELL_59534,Erythrocyte,49.94,45,83.24
CELL_25084,Fibroblast,93.15,38,70.7
CELL_39371,Stem Cell,36.82,47,56.92
CELL_49284,Myocyte,84.5,7,95.81
CELL_54665,Leukocyte,75.97,11,89.78
CELL_92399,Fibroblast,25.14,8,50.96
CELL_53979,Stem Cell,77.54,6,52.71
CELL_25930,Fibroblast,8.72,12,94.73
CELL_73459,Erythrocyte,102.25,12,89.17
CELL_70779,Leukocyte,65.15,35,91.71
CELL_59964,Myocyte,6.48,35,98.38
CELL_53898,Myocyte,46.06,25,87.86
CELL_37999,Leukocyte,62.76,44,53.78
CELL_91032,Erythrocyte,69.81,17,97.17
CELL_60728,Leukocyte,94.58,39,92.23
CELL_81687,Fibroblast,86.39,20,85.13
CELL_40474,Stem Cell,106.93,41,70.3
CELL_61472,Stem Cell,15.05,21,83.28
CELL_72112,Neuron,78.97,45,89.52
CELL_29081,Myocyte,59.38,47,88.61
CELL_14091,Erythrocyte,75.42,18,80.11
CELL_41924,Leukocyte,64.91,6,72.73
CELL_22998,Erythrocyte,115.13,36,75.18
CELL_28500,Erythrocyte,119.55,24,54.09
CELL_84539,Epithelial,57.82,43,97.98
CELL_37759,Leukocyte,80.67,6,89.58
CELL_70049,Myocyte,86.6,13,53.65
CELL_54802,Myocyte,64.13,25,72.58
CELL_17131,Epithelial,42.86,15,76.74
CELL_61770,Erythrocyte,54.61,42,69.92
CELL_23909,Leukocyte,34.06,47,64.82
CELL_12987,Erythrocyte,81.34,46,83.78
CELL_57835,Stem Cell,84.82,18,61.6
CELL_18799,Fibroblast,63.8,48,92.65
CELL_93074,Erythrocyte,119.3,33,59.16
CELL_46652,Erythrocyte,34.8,26,55.03
CELL_90988,Stem Cell,90.35,23,86.77
CELL_97484,Neuron,39.16,21,70.91
CELL_71606,Neuron,76.78,22,88.38
CELL_33753,Neuron,45.16,28,86.45
CELL_94459,Epithelial,12.88,39,95.66
CELL_54059,Fibroblast,86.85,37,61.2
CELL_58144,Myocyte,62.17,21,62.46
CELL_15241,Epithelial,88.69,9,77.05
CELL_61833,Neuron,68.4,20,65.62
CELL_19923,Epithelial,37.31,30,53.56
CELL_56146,Myocyte,46.61,16,57.53
CELL_45976,Leukocyte,35.79,44,60.98
CELL_75388,Myocyte,32.75,14,59.56
CELL_78586,Stem Cell,103.22,41,53.24
CELL_36563,Leukocyte,35.49,33,91.7
CELL_52008,Erythrocyte,44.26,38,81.27
CELL_11660,Erythrocyte,25.54,13,69.31
CELL_38332,Epithelial,102.28,41,66.49
CELL_13974,Leukocyte,25.18,15,84.23
CELL_23690,Leukocyte,32.27,27,97.15
CELL_36002,Erythrocyte,46.88,30,57.17
CELL_95116,Stem Cell,15.24,11,82.27
CELL_36386,Fibroblast,106.52,16,62.58
CELL_76743,Leukocyte,101.3,39,90.49
CELL_65554,Epithelial,115.07,48,65.08
CELL_72528,Myocyte,56.91,26,94.8
CELL_84001,Erythrocyte,107.39,42,51.45
CELL_94505,Epithelial,77.88,48,89.67
CELL_52700,Epithelial,56.8,49,65.74
CELL_27199,Epithelial,101.79,15,64.17
CELL_10750,Leukocyte,38.05,45,66.79
CELL_31273,Leukocyte,27.31,36,72.25
CELL_21618,Erythrocyte,71.0,49,89.55
CELL_41718,Epithelial,56.77,17,89.31
CELL_69463,Epithelial,118.19,36,52.1
CELL_42415,Neuron,11.82,30,53.61
CELL_40650,Myocyte,33.11,13,75.78
CELL_60428,Myocyte,73.37,13,96.61
CELL_61552,Leukocyte,87.76,45,69.5
CELL_43313,Stem Cell,25.51,40,94.37
CELL_13963,Leukocyte,93.25,37,79.16
CELL_27103,Stem Cell,40.09,42,95.74
CELL_95563,Epithelial,14.58,46,72.51
CELL_77828,Neuron,119.31,33,53.06
CELL_44015,Myocyte,113.11,12,89.89
CELL_23320,Stem Cell,62.63,34,72.71
CELL_44271,Epithelial,22.85,50,67.39
CELL_93623,Neuron,28.83,11,75.21
CELL_75195,Leukocyte,40.86,23,80.14
CELL_32610,Stem Cell,44.26,22,87.86
CELL_80092,Stem Cell,37.36,16,59.01
CELL_10347,Erythrocyte,100.41,17,52.78
CELL_68279,Erythrocyte,38.23,46,65.93
CELL_83098,Stem Cell,43.74,24,73.78
CELL_96529,Neuron,109.42,15,89.37
CELL_19849,Myocyte,50.06,42,67.99
CELL_99344,Neuron,63.61,27,97.2
CELL_25534,Fibroblast,102.44,5,83.52
CELL_31694,Erythrocyte,9.5,25,75.71
CELL_21608,Fibroblast,87.56,22,73.69
CELL_58706,Neuron,98.48,34,92.84
CELL_92356,Leukocyte,78.85,31,72.65
CELL_89643,Fibroblast,109.22,16,80.71
CELL_23818,Myocyte,14.69,12,93.28
CELL_26304,Neuron,99.95,41,73.16
CELL_23135,Erythrocyte,38.04,14,52.83
CELL_33568,Stem Cell,19.29,30,64.17
CELL_76376,Fibroblast,27.95,35,51.9
CELL_95619,Stem Cell,27.02,32,86.02
CELL_85968,Stem Cell,46.89,45,99.69
CELL_66549,Leukocyte,30.06,41,65.72
CELL_89304,Stem Cell,113.78,16,59.06
CELL_20433,Fibroblast,41.74,5,84.73
CELL_48814,Fibroblast,85.91,33,79.62
CELL_66474,Leukocyte,17.34,47,78.3
CELL_52714,Neuron,102.69,45,77.62
CELL_82061,Stem Cell,82.66,15,97.22
CELL_84686,Leukocyte,92.39,36,77.09
CELL_29650,Epithelial,72.45,5,51.93
CELL_16583,Epithelial,62.47,43,81.22
CELL_30365,Fibroblast,29.26,35,92.98
CELL_31337,Erythrocyte,48.56,34,93.4
CELL_58916,Fibroblast,46.15,39,63.74
CELL_31678,Leukocyte,18.71,19,70.98
CELL_29068,Fibroblast,54.56,12,79.03
CELL_96757,Epithelial,51.12,39,91.01
CELL_78265,Myocyte,36.24,17,84.67
CELL_41231,Myocyte,27.16,45,52.67
CELL_21299,Erythrocyte,92.06,35,70.87
CELL_27604,Myocyte,53.31,9,53.59
CELL_15102,Fibroblast,28.56,5,83.02
CELL_46644,Myocyte,33.24,19,62.97
CELL_31372,Stem Cell,85.07,33,72.48
CELL_49907,Myocyte,70.52,14,82.71
CELL_85782,Fibroblast,108.52,14,69.16
CELL_70809,Leukocyte,80.97,27,86.8
CELL_26098,Leukocyte,47.12,32,90.89
CELL_79434,Myocyte,47.27,19,76.93
CELL_51343,Neuron,73.95,5,98.81
CELL_15118,Epithelial,37.52,47,69.96
CELL_10949,Fibroblast,68.64,33,64.08
CELL_71807,Neuron,92.15,18,87.82
CELL_98125,Neuron,89.53,17,83.39
CELL_45722,Stem Cell,111.41,17,51.68
CELL_31378,Neuron,87.95,9,69.73
CELL_37654,Stem Cell,72.86,28,65.98
CELL_70796,Stem Cell,73.82,33,73.53
CELL_89044,Epithelial,24.27,41,55.97
CELL_15438,Neuron,101.05,31,87.37
CELL_62727,Leukocyte,97.47,18,52.51
CELL_36516,Epithelial,46.12,5,69.02
CELL_21876,Stem Cell,111.41,28,89.94
CELL_80234,Myocyte,58.87,34,87.18
CELL_80091,Erythrocyte,25.39,35,61.66
CELL_72254,Myocyte,74.56,10,64.66
CELL_23924,Stem Cell,33.46,9,74.49
CELL_58700,Stem Cell,22.62,15,78.08
CELL_74862,Leukocyte,16.5,8,81.85
CELL_33991,Epithelial,22.39,44,76.28
CELL_78866,Neuron,87.39,25,72.36
CELL_21246,Epithelial,107.75,45,80.89
CELL_26985,Erythrocyte,115.48,5,80.38
CELL_88649,Fibroblast,60.28,44,90.83
CELL_60117,Erythrocyte,74.85,39,73.24
CELL_65602,Epithelial,117.2,20,91.64
CELL_77004,Epithelial,110.83,13,67.5
CELL_61867,Erythrocyte,42.11,40,88.53
CELL_37115,Erythrocyte,48.91,15,67.7
CELL_12665,Epithelial,29.17,8,50.84
CELL_33585,Leukocyte,85.14,8,71.23
CELL_22604,Epithelial,52.9,32,92.81
CELL_82912,Fibroblast,64.34,42,79.57
CELL_86579,Epithelial,19.47,17,92.73
CELL_10435,Erythrocyte,18.87,18,63.92
CELL_98610,Myocyte,67.53,40,93.5
CELL_53041,Stem Cell,103.99,31,80.05
CELL_63801,Epithelial,78.88,35,71.58
CELL_20843,Stem Cell,109.11,16,68.04
CELL_82418,Erythrocyte,100.03,25,56.38
CELL_57196,Leukocyte,110.6,15,69.68
CELL_67992,Myocyte,43.26,20,83.95
CELL_46155,Neuron,111.6,27,98.96
CELL_87253,Stem Cell,48.4,32,98.86
CELL_11700,Erythrocyte,33.28,31,69.57
CELL_39084,Fibroblast,98.89,44,56.3
CELL_86771,Myocyte,82.25,44,77.89
CELL_60710,Neuron,30.03,6,83.58
CELL_12595,Erythrocyte,9.92,38,98.26
CELL_86808,Fibroblast,78.43,14,58.64
CELL_99264,Epithelial,51.81,8,71.82
CELL_38209,Epithelial,43.54,8,92.34
CELL_87350,Fibroblast,90.04,14,51.27
CELL_84797,Erythrocyte,119.63,31,52.87
CELL_62995,Leukocyte,9.48,32,64.47
CELL_86493,Neuron,28.27,21,70.52
CELL_40003,Leukocyte,35.67,6,78.97
CELL_56961,Myocyte,73.04,50,90.69
CELL_78670,Fibroblast,49.61,18,87.61
CELL_69127,Epithelial,116.95,10,54.18
CELL_72546,Myocyte,31.43,37,62.39
CELL_43819,Stem Cell,13.71,24,73.47
CELL_68182,Epithelial,111.17,22,59.28
CELL_58717,Neuron,89.35,47,81.34
CELL_31629,Erythrocyte,56.95,21,83.22
CELL_74449,Erythrocyte,63.18,24,50.37
CELL_18118,Neuron,17.71,12,69.51
CELL_19364,Erythrocyte,19.78,43,77.58
CELL_66498,Neuron,55.24,13,76.41
CELL_99943,Leukocyte,9.71,10,99.07
CELL_61396,Leukocyte,37.13,45,75.6
CELL_13474,Stem Cell,14.09,35,71.68
CELL_92566,Stem Cell,97.65,40,72.44
CELL_50194,Stem Cell,30.76,45,51.76
CELL_46041,Epithelial,76.29,7,84.1
CELL_94160,Neuron,95.31,14,67.28
CELL_38117,Myocyte,64.95,19,95.44
CELL_54628,Epithelial,104.81,5,89.5
CELL_99163,Neuron,80.85,13,84.52
CELL_29518,Leukocyte,88.01,6,84.3
CELL_17230,Epithelial,95.84,22,84.35
CELL_20435,Epithelial,26.9,12,82.2
CELL_10561,Fibroblast,57.68,31,97.83
CELL_79924,Erythrocyte,52.51,35,95.28
CELL_28309,Myocyte,25.27,50,70.52
CELL_44076,Epithelial,5.74,33,64.6
CELL_44214,Erythrocyte,108.2,5,93.03
CELL_28361,Erythrocyte,23.66,8,99.95
CELL_70132,Fibroblast,73.94,18,56.54
CELL_87259,Leukocyte,72.27,44,74.35
CELL_92283,Leukocyte,98.16,20,81.79
CELL_84709,Erythrocyte,40.45,32,52.08
CELL_91141,Stem Cell,69.52,47,64.86
CELL_55619,Leukocyte,88.66,22,55.3
CELL_22014,Leukocyte,8.67,12,71.74
CELL_84473,Erythrocyte,68.49,48,99.28
CELL_84017,Myocyte,60.4,16,94.26
CELL_39421,Fibroblast,54.84,7,64.63
CELL_81647,Fibroblast,110.63,41,93.68
CELL_41427,Leukocyte,97.26,15,88.46
CELL_50690,Fibroblast,87.61,45,91.6
CELL_52356,Neuron,78.69,46,56.26
CELL_26174,Leukocyte,75.95,45,74.27
CELL_44841,Erythrocyte,50.92,30,72.03
CELL_75257,Erythrocyte,96.43,33,81.43
CELL_34944,Fibroblast,34.46,47,94.25
CELL_89101,Myocyte,18.12,20,82.69
CELL_92039,Neuron,11.89,39,52.33
CELL_44883,Neuron,52.81,36,65.48
CELL_12886,Erythrocyte,31.79,20,53.81
CELL_99641,Erythrocyte,117.91,29,79.05
CELL_21965,Myocyte,19.11,37,92.47
CELL_84282,Myocyte,14.85,31,70.59
CELL_58930,Myocyte,68.67,20,83.67
CELL_44703,Leukocyte,66.78,14,78.46
CELL_82085,Fibroblast,11.44,31,71.69
CELL_96137,Neuron,117.16,15,82.25
CELL_78706,Leukocyte,9.46,11,87.96
CELL_35341,Neuron,72.8,47,95.28
CELL_26271,Myocyte,70.46,20,91.8
CELL_81310,Neuron,48.38,26,63.98
CELL_44952,Myocyte,54.79,44,82.29
CELL_86799,Epithelial,13.86,37,53.65
CELL_76208,Erythrocyte,96.43,46,97.18
CELL_89681,Myocyte,16.8,47,75.78
CELL_43130,Fibroblast,76.4,5,90.08
CELL_24081,Stem Cell,100.45,14,54.75
CELL_78024,Neuron,112.58,14,77.69
CELL_76812,Erythrocyte,60.16,15,77.45
CELL_17915,Stem Cell,84.13,21,50.87
CELL_37584,Leukocyte,40.31,42,69.05
CELL_38172,Fibroblast,94.73,30,80.44
CELL_52214,Neuron,78.79,25,61.13
CELL_16332,Neuron,95.83,17,87.09
CELL_61183,Leukocyte,55.63,19,73.14
CELL_85785,Epithelial,11.98,36,95.77
CELL_88919,Erythrocyte,20.37,11,52.14
CELL_54315,Epithelial,34.46,8,98.96
CELL_33119,Erythrocyte,52.31,50,51.98
CELL_23016,Leukocyte,6.65,38,71.58
CELL_34454,Neuron,105.98,13,74.6
CELL_72819,Epithelial,5.37,20,62.64
CELL_88593,Myocyte,91.31,8,91.86
CELL_32492,Neuron,37.41,42,85.86
CELL_55804,Leukocyte,87.71,18,55.12
CELL_87450,Stem Cell,106.97,10,78.96
CELL_41746,Erythrocyte,116.97,49,73.4
CELL_76561,Neuron,51.08,32,90.79
CELL_68764,Epithelial,38.52,19,93.48
CELL_61899,Stem Cell,115.34,49,56.74
CELL_15176,Epithelial,95.82,39,51.11
CELL_82764,Erythrocyte,82.0,15,63.31
CELL_56248,Neuron,104.67,34,59.08
CELL_79399,Myocyte,97.94,15,69.42
CELL_95096,Erythrocyte,80.91,32,94.08
CELL_64664,Fibroblast,29.16,50,63.56
CELL_40874,Fibroblast,58.96,50,78.01
CELL_97304,Fibroblast,112.77,23,71.83
CELL_96829,Fibroblast,84.26,11,55.81
CELL_33313,Fibroblast,45.21,37,73.87
CELL_78475,Stem Cell,84.46,9,99.6
CELL_23313,Myocyte,59.79,45,64.63
CELL_64614,Erythrocyte,114.45,25,65.14
CELL_61416,Erythrocyte,42.07,48,55.85
CELL_41316,Stem Cell,26.6,19,68.3
CELL_13417,Leukocyte,119.68,11,55.73
CELL_30058,Erythrocyte,5.04,48,70.34
CELL_46778,Stem Cell,82.93,16,56.4
CELL_62164,Fibroblast,56.63,48,90.71
CELL_68344,Erythrocyte,32.99,49,81.78
CELL_23757,Fibroblast,57.08,20,55.51
CELL_35421,Stem Cell,70.08,24,86.41
CELL_76900,Neuron,106.95,32,54.73
CELL_19766,Neuron,24.12,20,60.65
CELL_10138,Stem Cell,76.44,21,75.97
CELL_20602,Leukocyte,6.27,37,86.47
CELL_28474,Fibroblast,21.17,45,57.57
CELL_83269,Leukocyte,110.64,43,92.28
CELL_15962,Stem Cell,73.57,19,85.28
CELL_54573,Fibroblast,5.49,7,78.82
CELL_81929,Epithelial,17.2,44,67.25
CELL_98247,Fibroblast,75.25,32,76.94
CELL_80254,Epithelial,40.08,23,64.69
CELL_94772,Erythrocyte,61.07,24,55.55
CELL_13951,Leukocyte,112.16,9,62.03
CELL_96235,Epithelial,31.33,26,55.96
CELL_70984,Leukocyte,119.94,5,67.02
CELL_54787,Myocyte,45.38,7,58.54
CELL_63625,Stem Cell,7.65,50,64.69
CELL_73652,Epithelial,58.34,19,53.48
CELL_69194,Erythrocyte,11.52,15,81.86
CELL_79597,Myocyte,91.39,14,98.3
CELL_96865,Stem Cell,18.71,9,73.74
CELL_42202,Leukocyte,49.28,31,62.94
CELL_35824,Leukocyte,85.88,37,93.79
CELL_40578,Neuron,101.39,6,97.55
CELL_72451,Neuron,5.95,8,61.09
CELL_41176,Neuron,19.62,12,90.06
CELL_91254,Stem Cell,41.66,30,50.82
CELL_17225,Epithelial,11.29,38,73.06
CELL_62610,Myocyte,113.07,40,61.56
CELL_57133,Neuron,60.17,45,75.46
CELL_17416,Myocyte,63.25,31,59.06
CELL_37850,Myocyte,79.56,17,77.34
CELL_86617,Leukocyte,6.36,35,54.7
CELL_70523,Myocyte,113.62,34,64.89
CELL_51559,Myocyte,94.96,34,55.59
CELL_58788,Neuron,22.47,34,57.62
CELL_63324,Fibroblast,27.8,5,61.66
CELL_49853,Fibroblast,52.07,10,73.96
CELL_66779,Epithelial,30.68,32,74.87
CELL_83495,Neuron,111.59,31,79.61
CELL_80999,Leukocyte,25.86,10,71.04
CELL_83529,Erythrocyte,54.67,13,76.28
CELL_81301,Fibroblast,50.62,20,73.02
CELL_25423,Myocyte,9.31,10,85.11
CELL_49942,Leukocyte,86.99,28,52.14
CELL_78918,Epithelial,20.47,31,63.56
CELL_52297,Leukocyte,91.7,17,64.92
CELL_31172,Neuron,66.09,11,78.56
CELL_59057,Stem Cell,36.85,20,72.85
CELL_61197,Leukocyte,59.99,40,54.98
CELL_78041,Stem Cell,104.66,47,64.2
CELL_48313,Erythrocyte,56.67,42,77.79
CELL_27326,Stem Cell,119.3,35,50.09
CELL_49238,Erythrocyte,40.9,33,76.3
CELL_51915,Myocyte,96.14,34,65.89
CELL_36328,Neuron,13.39,36,98.89
CELL_81353,Fibroblast,115.38,27,61.63
CELL_43856,Stem Cell,105.59,50,71.71
CELL_73615,Epithelial,107.14,32,51.17
CELL_16234,Myocyte,69.51,33,70.01
CELL_43032,Fibroblast,106.38,44,76.62
CELL_68400,Epithelial,119.81,41,52.89
CELL_37168,Erythrocyte,27.07,49,65.9
CELL_22246,Neuron,58.28,32,89.74
CELL_80819,Neuron,75.64,9,80.37
CELL_82075,Stem Cell,13.65,7,88.7
CELL_92805,Neuron,71.23,48,68.52
CELL_74720,Epithelial,70.2,14,91.73
CELL_71593,Leukocyte,80.11,47,53.63
CELL_87677,Myocyte,55.2,17,76.29
CELL_15307,Erythrocyte,99.75,29,60.01
CELL_21424,Leukocyte,47.65,25,95.36
CELL_65845,Erythrocyte,34.2,14,79.95
CELL_99406,Erythrocyte,57.68,50,86.28
CELL_89562,Myocyte,114.75,23,58.46
CELL_81078,Leukocyte,14.76,16,81.81
CELL_23504,Erythrocyte,93.99,41,51.61
CELL_17512,Epithelial,110.64,42,61.48
CELL_16288,Leukocyte,82.06,43,54.95
CELL_29952,Epithelial,43.86,36,57.59
CELL_69889,Erythrocyte,90.0,23,50.61
CELL_48734,Fibroblast,97.75,22,55.99
CELL_38297,Neuron,71.9,40,69.56
CELL_31877,Neuron,9.74,10,74.63
CELL_81460,Fibroblast,64.4,13,82.05
CELL_20891,Myocyte,108.85,50,62.06
CELL_15792,Erythrocyte,38.59,28,73.07
CELL_71564,Fibroblast,5.61,28,97.74
CELL_72593,Fibroblast,5.43,34,53.62
CELL_76601,Erythrocyte,38.01,25,67.5
CELL_24132,Fibroblast,5.95,41,90.83
CELL_40284,Stem Cell,93.63,36,82.32
CELL_73132,Leukocyte,23.66,40,82.75
CELL_60267,Epithelial,72.82,19,57.4
CELL_29468,Leukocyte,119.58,23,61.26
CELL_56658,Erythrocyte,100.2,31,82.11
CELL_13176,Myocyte,75.69,33,89.6
CELL_37842,Epithelial,102.12,18,51.8
CELL_83547,Leukocyte,99.47,49,90.68
CELL_56940,Erythrocyte,36.61,23,58.96
CELL_88083,Leukocyte,9.02,29,82.52
CELL_41490,Epithelial,76.1,5,93.98
CELL_61676,Stem Cell,102.4,14,86.29
CELL_70110,Stem Cell,35.48,31,83.95
CELL_89480,Neuron,60.05,38,96.69
CELL_29291,Erythrocyte,53.32,25,85.77
CELL_63828,Neuron,74.56,20,91.43
CELL_12218,Leukocyte,101.96,23,85.03
CELL_33078,Epithelial,14.99,6,77.67
CELL_19357,Epithelial,76.78,11,53.4
CELL_14323,Myocyte,16.93,48,87.87
CELL_27556,Erythrocyte,99.73,12,61.52
CELL_13159,Stem Cell,78.14,25,88.71
CELL_21523,Neuron,11.86,23,69.36
CELL_11717,Myocyte,31.71,24,75.75
CELL_49598,Erythrocyte,106.83,22,50.08
CELL_51403,Erythrocyte,108.74,25,85.62
CELL_54155,Erythrocyte,106.37,5,95.71
CELL_45635,Fibroblast,5.85,22,63.88
CELL_18081,Erythrocyte,60.13,43,64.3
CELL_10700,Neuron,37.04,24,93.21
CELL_80065,Erythrocyte,73.84,41,69.45
CELL_81291,Fibroblast,9.28,27,98.79
CELL_41290,Myocyte,99.23,46,60.94
CELL_43359,Stem Cell,24.92,24,79.02
CELL_57972,Stem Cell,24.64,17,92.31
CELL_81958,Myocyte,42.21,31,96.82
CELL_95952,Myocyte,52.41,23,67.9
CELL_46270,Epithelial,95.14,20,52.94
CELL_72235,Leukocyte,9.04,8,99.37
CELL_98067,Epithelial,37.92,13,99.36
CELL_77098,Leukocyte,7.79,41,69.87
CELL_31326,Epithelial,73.85,27,81.63
CELL_47557,Fibroblast,35.53,37,95.93
CELL_80944,Neuron,54.92,48,52.5
CELL_10692,Myocyte,8.18,42,66.23
CELL_62019,Fibroblast,40.53,41,65.31
CELL_31726,Leukocyte,8.8,23,74.16
CELL_92214,Fibroblast,30.8,31,90.96
CELL_70829,Erythrocyte,87.29,15,80.24
CELL_68699,Fibroblast,29.46,8,79.96
CELL_50644,Stem Cell,79.25,16,68.3
CELL_98922,Neuron,64.21,8,50.37
CELL_21794,Fibroblast,89.57,50,58.64
CELL_73544,Leukocyte,7.23,11,88.64
CELL_26918,Fibroblast,113.7,46,77.96
CELL_94971,Neuron,12.4,8,92.83
CELL_51139,Erythrocyte,20.35,35,92.73
CELL_58065,Fibroblast,45.35,14,73.22
CELL_23858,Stem Cell,116.15,32,60.72
CELL_99547,Myocyte,117.16,33,65.77
CELL_21946,Leukocyte,76.01,14,70.58
CELL_65778,Stem Cell,94.63,21,61.31
CELL_49826,Leukocyte,12.89,30,61.14
CELL_23270,Leukocyte,26.32,10,67.34
CELL_14439,Fibroblast,59.11,21,56.38
CELL_53066,Erythrocyte,78.66,34,59.83
CELL_16076,Neuron,85.1,16,98.48
CELL_11517,Erythrocyte,113.48,8,99.15
CELL_33973,Fibroblast,90.26,40,87.37
CELL_32124,Stem Cell,30.85,19,59.94
CELL_73854,Leukocyte,37.99,40,54.67
CELL_76573,Erythrocyte,13.04,15,71.88
CELL_59134,Myocyte,46.68,39,54.92
CELL_44348,Epithelial,45.7,37,74.15
CELL_58614,Leukocyte,37.17,28,91.04
CELL_82603,Fibroblast,75.95,45,68.3
CELL_19988,Myocyte,68.56,19,89.66
CELL_57266,Leukocyte,90.88,46,54.13
CELL_50138,Epithelial,111.71,5,52.2
CELL_63197,Stem Cell,27.77,18,58.76
CELL_44748,Erythrocyte,7.11,10,93.87
CELL_27169,Leukocyte,104.72,22,60.95
CELL_95919,Erythrocyte,46.53,44,55.05
CELL_19491,Erythrocyte,5.59,47,60.31
CELL_28033,Erythrocyte,40.09,12,75.95
CELL_58458,Erythrocyte,94.51,21,72.99
CELL_15927,Leukocyte,30.9,17,51.35
CELL_32448,Neuron,30.3,32,76.0
CELL_62566,Fibroblast,48.68,42,71.03
CELL_76447,Erythrocyte,5.33,45,70.31
CELL_66421,Leukocyte,53.97,46,95.04
CELL_34594,Fibroblast,6.12,20,51.26
CELL_45611,Epithelial,79.39,26,85.08
CELL_24557,Leukocyte,85.5,38,82.43
CELL_42578,Epithelial,90.58,41,73.37
CELL_38718,Fibroblast,102.17,35,61.11
CELL_51625,Fibroblast,62.9,27,77.57
CELL_36064,Myocyte,55.1,19,83.15
CELL_13069,Leukocyte,34.27,23,97.28
CELL_77076,Leukocyte,87.97,25,84.58
CELL_73029,Fibroblast,117.78,38,56.49
CELL_33916,Epithelial,86.39,15,62.76
CELL_80943,Stem Cell,28.03,15,98.83
CELL_21908,Epithelial,49.81,37,81.15
CELL_48138,Erythrocyte,45.23,39,66.92
CELL_96941,Neuron,53.61,5,95.83
CELL_29434,Leukocyte,69.44,46,84.63
CELL_20263,Fibroblast,17.38,23,97.78
CELL_43485,Stem Cell,12.23,12,98.24
CELL_26536,Erythrocyte,94.21,8,53.52
CELL_51367,Leukocyte,106.57,46,66.21
CELL_94204,Leukocyte,11.58,40,88.93
CELL_97211,Erythrocyte,52.58,45,67.2
CELL_62082,Neuron,96.43,43,69.87
CELL_49122,Myocyte,81.76,9,77.76
CELL_55815,Erythrocyte,57.14,11,71.91
CELL_77144,Epithelial,23.61,43,89.26
CELL_86802,Myocyte,55.89,14,52.09
CELL_29392,Stem Cell,37.98,26,99.98
CELL_97105,Erythrocyte,22.47,9,95.68
CELL_25550,Leukocyte,119.24,12,91.94
CELL_33369,Myocyte,64.06,27,67.43
CELL_43382,Myocyte,101.05,18,52.55
CELL_35202,Fibroblast,46.02,7,98.19
CELL_66053,Myocyte,102.71,46,58.36
CELL_71414,Myocyte,45.73,8,68.75
CELL_50573,Myocyte,92.21,6,74.06
CELL_69723,Erythrocyte,25.51,17,52.04
CELL_98053,Epithelial,68.89,14,55.31
CELL_43919,Myocyte,117.17,10,53.44
CELL_53046,Fibroblast,35.74,48,89.01
CELL_45312,Neuron,68.28,47,77.71
CELL_96119,Epithelial,110.64,26,66.84
CELL_24377,Epithelial,87.52,29,98.25
CELL_23357,Stem Cell,29.2,7,68.42
CELL_41604,Stem Cell,19.9,25,52.96
CELL_10939,Myocyte,70.42,24,61.48
CELL_44835,Fibroblast,82.84,39,83.91
CELL_30021,Epithelial,37.85,31,81.59
CELL_49092,Fibroblast,40.04,17,69.86
CELL_22592,Epithelial,8.66,37,74.14
CELL_41100,Stem Cell,105.23,36,81.75
CELL_88407,Stem Cell,28.05,10,80.52
CELL_56763,Fibroblast,62.9,20,96.18
CELL_24146,Epithelial,27.39,36,71.95
CELL_70950,Leukocyte,19.99,34,94.06
CELL_82499,Leukocyte,107.18,45,81.39
CELL_80767,Leukocyte,36.96,14,70.27
CELL_51422,Neuron,102.43,45,91.76
CELL_35862,Neuron,43.47,43,62.66
CELL_28282,Epithelial,116.99,7,55.71
CELL_17167,Fibroblast,106.84,17,77.68
CELL_26390,Stem Cell,8.27,45,92.66
CELL_96873,Neuron,86.36,26,97.96
CELL_69476,Myocyte,46.69,33,76.12
CELL_97149,Stem Cell,70.28,48,50.42
CELL_16353,Stem Cell,61.5,43,89.56
CELL_81412,Fibroblast,41.98,11,78.02
CELL_83503,Fibroblast,116.06,47,80.8
CELL_41621,Fibroblast,102.89,41,77.15
CELL_21442,Fibroblast,109.06,25,88.26
CELL_57005,Neuron,81.11,14,73.82
CELL_29549,Leukocyte,82.06,12,72.34
CELL_57185,Leukocyte,15.84,44,52.85
CELL_52125,Fibroblast,18.8,33,89.73
CELL_87493,Neuron,41.7,26,50.14
CELL_86780,Leukocyte,103.82,7,79.71
CELL_53573,Leukocyte,77.14,34,65.57
CELL_34416,Fibroblast,118.51,7,96.87
CELL_57387,Erythrocyte,101.0,29,68.53
CELL_76561,Fibroblast,75.32,14,72.61
CELL_84642,Fibroblast,44.9,20,65.43
CELL_29845,Neuron,8.09,22,99.82
CELL_29873,Leukocyte,35.63,12,63.35
CELL_84045,Stem Cell,32.43,42,95.53
CELL_99773,Myocyte,20.75,27,92.89
CELL_64428,Epithelial,97.04,15,52.69
CELL_95857,Myocyte,104.41,34,61.48
CELL_10268,Epithelial,61.6,5,51.77
CELL_65814,Myocyte,99.9,23,55.21
CELL_93650,Leukocyte,57.39,29,62.25
CELL_92821,Erythrocyte,80.39,37,61.74
CELL_88939,Myocyte,113.38,15,87.47
CELL_36613,Neuron,74.2,16,54.05
CELL_61644,Myocyte,9.06,48,94.87
CELL_72316,Neuron,81.14,31,89.98
CELL_57856,Epithelial,17.97,11,51.27
CELL_82018,Stem Cell,87.3,47,71.2
CELL_99810,Neuron,103.25,18,95.05
CELL_17326,Leukocyte,47.5,35,65.56
CELL_79701,Leukocyte,104.59,40,71.94
CELL_14475,Fibroblast,28.91,27,65.24
CELL_15265,Erythrocyte,36.5,21,75.32
CELL_98451,Stem Cell,34.57,31,91.86
CELL_75511,Erythrocyte,22.92,38,94.98
CELL_88647,Fibroblast,86.27,42,61.55
CELL_62926,Epithelial,33.38,49,85.31
CELL_73237,Fibroblast,112.25,33,55.38
CELL_26679,Stem Cell,63.71,23,79.99
CELL_74450,Epithelial,111.54,30,70.69
CELL_38247,Stem Cell,17.5,33,79.05
CELL_40741,Fibroblast,51.35,25,50.36
CELL_61038,Neuron,116.89,41,85.24
CELL_93154,Stem Cell,44.47,5,95.6
CELL_39523,Stem Cell,77.54,27,58.99
CELL_39756,Epithelial,103.08,38,65.19
CELL_47506,Myocyte,83.3,49,89.19
CELL_28874,Myocyte,18.67,25,63.09
CELL_14516,Epithelial,38.82,7,74.85
CELL_46065,Fibroblast,78.43,16,94.4
CELL_92442,Stem Cell,15.93,34,94.26
CELL_64431,Erythrocyte,41.25,50,67.35
CELL_44658,Stem Cell,52.49,44,79.69
CELL_88306,Myocyte,40.96,9,97.93
CELL_56126,Epithelial,67.67,11,84.21
CELL_28485,Erythrocyte,73.13,9,80.11
CELL_35324,Myocyte,55.6,34,79.11
CELL_43981,Erythrocyte,82.2,37,58.19
CELL_64004,Erythrocyte,58.51,37,89.57
CELL_51971,Stem Cell,40.56,16,74.93
CELL_43107,Neuron,42.86,47,54.07
CELL_43156,Erythrocyte,6.68,5,77.81
CELL_82065,Neuron,59.81,40,78.74
CELL_37983,Erythrocyte,80.27,27,53.77
CELL_81796,Neuron,111.11,26,96.1
CELL_56355,Stem Cell,60.49,5,92.52
CELL_77668,Stem Cell,39.9,14,70.53
CELL_13983,Leukocyte,50.84,50,86.56
CELL_98662,Myocyte,33.31,41,60.98
CELL_57536,Stem Cell,67.87,9,63.93
CELL_21345,Stem Cell,82.39,49,78.81
CELL_11718,Myocyte,103.27,13,72.22
CELL_59029,Stem Cell,42.95,45,96.3
CELL_81384,Erythrocyte,118.46,6,82.54
CELL_66847,Leukocyte,118.19,37,84.2
CELL_41009,Epithelial,55.61,45,64.0
CELL_42551,Erythrocyte,75.83,10,79.01
CELL_20754,Epithelial,65.13,8,89.43
CELL_63330,Fibroblast,65.32,6,90.8
CELL_96276,Myocyte,114.95,46,52.32
CELL_96998,Leukocyte,80.23,32,60.54
CELL_59082,Fibroblast,41.89,21,93.22
CELL_89152,Epithelial,42.91,28,80.36
CELL_14905,Erythrocyte,23.06,26,89.36
CELL_28946,Erythrocyte,33.92,30,92.06
CELL_52698,Neuron,111.55,48,90.05
CELL_96078,Erythrocyte,18.41,18,87.79
CELL_26709,Fibroblast,64.93,7,50.4
CELL_52124,Leukocyte,68.26,15,65.97
CELL_98818,Myocyte,28.33,7,81.11
CELL_65505,Stem Cell,54.67,42,66.7
CELL_61367,Neuron,45.9,13,92.08
CELL_89462,Neuron,44.61,39,61.41
CELL_29007,Myocyte,118.26,43,92.11
CELL_17243,Neuron,8.38,49,94.38
CELL_26723,Myocyte,109.79,20,74.6
CELL_87546,Stem Cell,105.59,24,51.02
CELL_27149,Fibroblast,112.36,46,94.85
CELL_58352,Fibroblast,57.34,49,51.88
CELL_80557,Stem Cell,70.22,8,81.13
CELL_77112,Erythrocyte,9.83,7,61.55
CELL_86504,Neuron,23.54,28,67.58
CELL_58628,Epithelial,32.38,43,73.48
CELL_42662,Epithelial,72.0,10,92.97
CELL_89229,Stem Cell,107.52,40,98.47
CELL_87189,Fibroblast,30.42,8,50.45
CELL_57845,Epithelial,40.49,45,81.47
CELL_65657,Fibroblast,63.2,39,79.15
CELL_12047,Myocyte,58.57,10,74.05
CELL_45955,Myocyte,41.0,45,95.02
CELL_82413,Stem Cell,62.53,20,61.98
CELL_78047,Stem Cell,23.54,17,60.15
CELL_39317,Epithelial,55.34,33,70.46
CELL_54243,Erythrocyte,21.52,22,94.99
CELL_34841,Epithelial,90.24,19,78.26
CELL_25590,Fibroblast,22.68,5,64.24
CELL_81804,Neuron,78.92,10,81.33
CELL_55465,Fibroblast,7.62,31,51.47
CELL_82324,Leukocyte,5.51,17,89.91
CELL_51389,Leukocyte,105.42,27,81.27
CELL_98708,Stem Cell,58.48,15,96.69
CELL_85737,Epithelial,49.98,42,78.91
CELL_97664,Fibroblast,9.97,9,65.21
CELL_77801,Myocyte,91.23,32,65.94
CELL_76873,Epithelial,68.19,11,50.14
CELL_12237,Epithelial,36.66,33,60.7
CELL_76883,Neuron,83.38,19,72.89
CELL_48263,Myocyte,75.85,34,61.15
CELL_78932,Erythrocyte,45.47,9,71.36
CELL_54926,Fibroblast,86.14,29,96.24
CELL_97908,Fibroblast,50.4,13,61.23
CELL_75904,Neuron,44.47,47,99.49
CELL_96099,Stem Cell,45.07,17,99.35
CELL_58383,Myocyte,63.81,33,75.19
CELL_13544,Neuron,75.13,32,61.23
CELL_14214,Myocyte,25.29,14,75.32
CELL_93598,Myocyte,9.68,34,60.59
CELL_21346,Stem Cell,12.56,22,69.69
CELL_37402,Neuron,75.0,24,90.96
CELL_10740,Fibroblast,49.1,38,63.19
CELL_66072,Leukocyte,16.57,22,73.4
CELL_51702,Fibroblast,70.03,45,84.1
CELL_48375,Fibroblast,55.12,11,62.9
CELL_27488,Leukocyte,27.53,29,60.63
CELL_45044,Myocyte,22.44,38,52.85
CELL_13103,Stem Cell,9.13,16,86.47
CELL_41070,Neuron,22.94,5,94.58
CELL_95153,Erythrocyte,54.66,32,64.3
CELL_55464,Stem Cell,13.43,27,56.66
CELL_13661,Erythrocyte,11.37,13,68.14
CELL_27536,Leukocyte,38.79,13,61.97
CELL_91663,Stem Cell,47.94,16,54.17
CELL_26157,Neuron,76.44,23,76.97
CELL_40915,Neuron,117.13,31,56.28
CELL_21200,Stem Cell,86.38,38,79.67
CELL_76029,Myocyte,29.31,28,60.1
CELL_98586,Neuron,72.79,25,61.87
CELL_84423,Neuron,6.77,32,50.82
CELL_48912,Neuron,24.87,18,71.9
CELL_81757,Epithelial,26.05,9,71.83
CELL_42490,Stem Cell,85.6,48,51.8
CELL_80851,Leukocyte,78.36,34,72.49
CELL_78957,Leukocyte,66.86,22,60.83
CELL_91987,Epithelial,26.54,31,79.48
CELL_34756,Erythrocyte,103.63,21,51.85
CELL_42262,Erythrocyte,29.89,43,79.16
CELL_23152,Leukocyte,76.29,41,65.68
CELL_57561,Leukocyte,90.99,49,68.75
CELL_87590,Myocyte,49.15,15,68.6
CELL_75825,Myocyte,19.05,45,94.99
CELL_76781,Fibroblast,14.76,37,56.28
CELL_72736,Myocyte,46.18,50,57.25
CELL_71867,Neuron,6.08,43,55.34
CELL_56636,Leukocyte,67.71,29,73.37
CELL_61678,Stem Cell,11.22,8,82.03
CELL_35426,Leukocyte,70.44,44,56.25
CELL_97321,Myocyte,91.51,48,52.69
CELL_52542,Neuron,65.24,9,50.94
CELL_26620,Neuron,63.61,32,95.87
CELL_47551,Fibroblast,18.24,16,98.42
CELL_24065,Epithelial,58.85,39,63.71
CELL_48953,Epithelial,87.66,9,87.76
CELL_52016,Fibroblast,10.4,26,50.53
CELL_11581,Fibroblast,113.56,33,93.64
CELL_21717,Neuron,103.83,16,86.91
CELL_49771,Stem Cell,40.3,44,53.66
CELL_19662,Epithelial,115.01,15,58.21
CELL_76712,Myocyte,5.04,25,53.7
CELL_65283,Fibroblast,110.21,39,78.25
CELL_71945,Leukocyte,23.97,39,87.54
CELL_84156,Neuron,61.15,33,61.24
CELL_96232,Stem Cell,10.81,9,57.68
CELL_50773,Fibroblast,30.65,30,97.26
CELL_37767,Myocyte,66.33,48,83.15
CELL_27021,Stem Cell,16.01,29,76.45
CELL_94212,Fibroblast,20.48,28,83.35
CELL_94656,Leukocyte,46.34,35,90.61
CELL_94678,Epithelial,74.21,42,53.93
CELL_18244,Fibroblast,71.43,33,50.33
CELL_99131,Epithelial,24.43,16,71.42
CELL_27643,Stem Cell,88.27,46,77.79
CELL_55586,Leukocyte,79.47,12,90.18
CELL_77951,Leukocyte,87.32,46,89.22
CELL_44005,Neuron,24.74,31,89.18
CELL_69307,Stem Cell,34.21,42,53.4
CELL_51297,Leukocyte,71.44,28,65.89
CELL_63541,Epithelial,58.54,21,80.5
CELL_19008,Stem Cell,28.2,36,80.45
CELL_33271,Epithelial,112.84,26,81.32
CELL_83108,Stem Cell,51.65,21,55.31
CELL_30001,Stem Cell,81.89,35,66.09
CELL_58470,Leukocyte,109.7,30,66.14
CELL_39075,Epithelial,97.26,29,63.78
CELL_91057,Epithelial,39.44,23,52.71
CELL_91408,Erythrocyte,53.85,43,85.36
CELL_72576,Erythrocyte,54.41,47,61.43
CELL_86846,Fibroblast,104.99,36,81.38
CELL_69440,Stem Cell,33.92,49,98.14
CELL_16573,Neuron,89.56,41,79.89
CELL_59888,Myocyte,32.56,34,52.55
CELL_77806,Neuron,72.65,21,96.93
CELL_35053,Fibroblast,52.39,18,66.3
CELL_54716,Neuron,31.15,14,92.67
CELL_42204,Myocyte,78.13,5,70.84
CELL_64289,Erythrocyte,61.94,45,68.35
CELL_99654,Erythrocyte,119.67,8,80.91
CELL_88443,Stem Cell,8.51,26,89.27
CELL_97421,Neuron,32.98,26,93.85
CELL_95985,Myocyte,27.22,14,71.53
CELL_58837,Neuron,102.05,22,92.47
CELL_61355,Neuron,41.8,24,87.07
CELL_11389,Erythrocyte,40.82,50,72.34
CELL_64109,Stem Cell,102.81,38,50.47
CELL_27439,Erythrocyte,67.98,44,73.77
CELL_95675,Neuron,111.7,25,67.3
CELL_71875,Stem Cell,58.15,42,82.79
CELL_96745,Erythrocyte,54.48,16,55.54
CELL_48903,Fibroblast,75.5,23,84.15
CELL_35435,Myocyte,75.2,35,66.01
CELL_65810,Leukocyte,111.24,33,66.52
CELL_64092,Myocyte,42.92,12,62.97
CELL_46309,Leukocyte,87.77,13,81.79
CELL_30409,Erythrocyte,13.3,38,61.9
CELL_79689,Leukocyte,107.88,14,78.7
CELL_30123,Fibroblast,65.89,44,68.45
CELL_80397,Fibroblast,92.75,19,67.08
CELL_69869,Myocyte,9.56,10,57.36
CELL_89306,Leukocyte,76.52,17,80.84
CELL_68086,Myocyte,95.88,5,93.61
CELL_73819,Myocyte,19.11,50,96.19
CELL_43492,Myocyte,86.56,47,83.85
CELL_98031,Stem Cell,36.38,25,85.32
CELL_59844,Leukocyte,91.13,42,51.31
CELL_39484,Erythrocyte,54.6,39,99.02
CELL_17981,Epithelial,85.29,37,73.1
CELL_51291,Fibroblast,113.73,45,75.49
CELL_68760,Epithelial,106.25,36,84.44
CELL_88454,Epithelial,46.3,30,79.49
CELL_64199,Erythrocyte,101.39,31,95.65
CELL_69580,Erythrocyte,99.44,37,95.51
CELL_43918,Neuron,28.07,5,95.02
CELL_50515,Neuron,39.18,44,56.72
CELL_79752,Fibroblast,12.81,24,98.28
CELL_55165,Neuron,102.4,49,90.9
CELL_86042,Epithelial,77.71,20,93.27
CELL_44456,Erythrocyte,28.84,38,55.83
CELL_89499,Fibroblast,66.33,24,82.07
CELL_48282,Epithelial,7.03,16,52.0
CELL_38472,Neuron,42.77,12,56.85
CELL_61168,Stem Cell,70.64,34,55.17
CELL_39704,Erythrocyte,80.73,21,75.01
CELL_73768,Leukocyte,12.62,11,86.04
CELL_67528,Myocyte,63.37,38,65.3
CELL_70898,Epithelial,39.46,30,67.86
CELL_58127,Neuron,78.42,11,56.77
CELL_91564,Neuron,64.46,6,67.6
CELL_41515,Myocyte,109.82,45,66.36
CELL_43614,Neuron,49.85,34,75.18
CELL_60832,Neuron,23.37,48,98.69
CELL_11962,Myocyte,97.33,26,99.38
CELL_18864,Stem Cell,49.0,43,71.46
CELL_61380,Fibroblast,20.72,8,86.95
CELL_70197,Myocyte,27.94,16,59.62
CELL_56165,Fibroblast,6.84,11,94.05
CELL_52791,Leukocyte,10.71,7,53.66
CELL_50544,Epithelial,76.79,10,77.75
CELL_36696,Epithelial,91.95,5,85.25
CELL_66353,Erythrocyte,100.36,21,70.7
CELL_61668,Erythrocyte,84.67,12,70.45
CELL_96497,Stem Cell,18.65,50,81.7
CELL_42054,Stem Cell,25.64,19,67.57
CELL_37702,Erythrocyte,47.64,41,79.38
CELL_20615,Fibroblast,8.95,37,60.36
CELL_27158,Leukocyte,96.03,44,82.94
CELL_70342,Leukocyte,107.73,20,65.19
CELL_32635,Fibroblast,80.93,32,62.79
CELL_97734,Leukocyte,68.1,6,60.28
CELL_30518,Stem Cell,45.67,46,69.83
CELL_40934,Erythrocyte,97.02,30,89.59
CELL_55305,Stem Cell,20.83,34,85.18
CELL_57203,Erythrocyte,44.95,24,78.43
CELL_62013,Fibroblast,53.37,20,53.31
CELL_98563,Epithelial,35.44,13,65.18
CELL_93555,Stem Cell,68.63,19,89.0
CELL_41830,Epithelial,70.31,42,96.57
CELL_51666,Leukocyte,109.59,12,73.19
CELL_81528,Stem Cell,61.81,35,56.94
CELL_62975,Neuron,62.23,29,89.21
CELL_32543,Fibroblast,113.04,10,80.47
CELL_14898,Epithelial,117.86,30,67.11
CELL_80364,Myocyte,32.97,40,96.21
CELL_83715,Erythrocyte,36.35,19,77.2
CELL_91850,Fibroblast,19.56,18,75.63
CELL_76205,Epithelial,80.64,23,54.54
CELL_19563,Stem Cell,60.81,40,99.29
CELL_26857,Fibroblast,89.12,10,62.28
CELL_35223,Neuron,55.61,43,83.06
CELL_38704,Neuron,112.46,49,85.95
CELL_45209,Erythrocyte,62.63,20,90.22
CELL_60772,Erythrocyte,114.29,42,81.61
CELL_88763,Stem Cell,13.23,45,81.12
CELL_69569,Epithelial,117.77,50,68.16
CELL_38686,Erythrocyte,62.97,15,90.55
CELL_58570,Epithelial,78.45,31,60.2
CELL_40541,Fibroblast,33.39,9,95.77
CELL_34255,Neuron,12.19,24,62.85
CELL_93375,Epithelial,24.35,11,74.97
CELL_78125,Leukocyte,113.44,23,80.44
CELL_23563,Neuron,90.45,49,64.17
CELL_65599,Fibroblast,103.8,48,58.87
CELL_75789,Neuron,70.28,46,95.63
CELL_50191,Neuron,42.89,42,88.41
CELL_56237,Fibroblast,43.23,48,52.66
CELL_60217,Erythrocyte,16.78,26,67.09
CELL_91558,Epithelial,60.28,5,67.57
CELL_71524,Fibroblast,87.59,34,92.83
CELL_29911,Stem Cell,109.7,12,69.49
CELL_70678,Neuron,59.91,16,69.57
CELL_67896,Myocyte,91.65,19,89.68
CELL_86098,Leukocyte,83.32,32,52.0
CELL_31511,Leukocyte,79.7,20,56.16
CELL_29142,Fibroblast,54.42,21,75.78
CELL_25207,Myocyte,18.3,13,83.17
CELL_70096,Erythrocyte,14.34,23,90.67
CELL_14226,Epithelial,116.25,35,50.41
CELL_45415,Myocyte,73.86,30,83.48
CELL_51350,Leukocyte,46.77,15,83.42
CELL_69229,Erythrocyte,11.77,36,57.92
CELL_14846,Leukocyte,50.96,20,83.11
CELL_47973,Neuron,108.8,47,54.71
CELL_93926,Erythrocyte,119.47,15,96.45
CELL_14031,Neuron,82.7,20,79.05
CELL_91433,Epithelial,33.08,28,54.71
CELL_73993,Myocyte,55.58,42,50.1
CELL_19462,Myocyte,22.11,11,77.71
CELL_82752,Leukocyte,85.23,7,86.97
CELL_62050,Epithelial,39.22,38,87.54
CELL_35494,Stem Cell,83.1,40,62.01
CELL_59801,Neuron,28.12,5,70.85
CELL_92148,Stem Cell,62.14,13,78.94
CELL_79936,Erythrocyte,41.11,24,59.62
CELL_25638,Neuron,97.89,37,77.33
CELL_51593,Erythrocyte,100.36,27,91.65
CELL_45207,Leukocyte,30.87,9,82.95
CELL_56606,Stem Cell,110.39,20,95.03
CELL_71886,Myocyte,43.83,16,50.17
CELL_18153,Stem Cell,30.65,20,82.08
CELL_10975,Epithelial,73.4,45,93.4
CELL_81363,Neuron,48.47,15,96.22
CELL_18081,Fibroblast,110.72,23,55.67
CELL_18583,Epithelial,101.22,8,69.35
CELL_60711,Stem Cell,62.47,10,86.02
CELL_76788,Epithelial,76.8,14,72.24
CELL_35738,Neuron,96.5,43,62.27
CELL_24765,Erythrocyte,78.62,16,96.37
CELL_99046,Stem Cell,93.06,42,61.79
CELL_73037,Neuron,20.27,18,98.55
CELL_59781,Epithelial,23.72,25,91.02
CELL_94977,Neuron,98.71,26,91.73
CELL_83563,Erythrocyte,20.4,39,81.85
CELL_16939,Leukocyte,6.91,27,50.5
CELL_64645,Stem Cell,73.62,12,92.1
CELL_60166,Leukocyte,16.74,28,96.56
CELL_86457,Myocyte,102.94,16,97.91
CELL_70577,Neuron,82.65,18,81.91
CELL_20705,Epithelial,111.13,41,55.03
CELL_45968,Fibroblast,96.4,12,97.0
CELL_52818,Leukocyte,95.28,27,94.02
CELL_23749,Myocyte,57.0,36,80.52
CELL_27837,Neuron,71.3,45,85.78
CELL_90090,Stem Cell,93.11,40,54.55
CELL_61936,Stem Cell,77.17,32,55.19
CELL_71417,Fibroblast,19.99,39,82.3
CELL_18540,Stem Cell,10.63,23,95.7
CELL_91294,Neuron,72.07,40,99.51
CELL_76351,Erythrocyte,67.61,33,68.84
CELL_25960,Erythrocyte,46.21,43,97.93
CELL_81676,Erythrocyte,30.17,36,85.06
CELL_96970,Erythrocyte,34.42,33,58.22
CELL_46544,Leukocyte,117.29,30,55.17
CELL_31630,Stem Cell,22.64,36,96.97
CELL_83941,Myocyte,15.46,18,58.1
CELL_81682,Fibroblast,113.84,39,73.76
CELL_36684,Neuron,36.22,8,75.92
CELL_63474,Erythrocyte,97.47,16,95.15
CELL_47478,Myocyte,69.06,14,71.63
CELL_58003,Stem Cell,63.13,23,79.15
CELL_19604,Neuron,109.43,46,55.71
CELL_56432,Neuron,92.14,39,59.7
CELL_16617,Erythrocyte,14.02,42,68.51
CELL_73369,Stem Cell,18.29,45,72.41
CELL_73741,Fibroblast,91.38,21,81.31
CELL_36742,Leukocyte,50.32,31,98.55
CELL_58122,Leukocyte,5.11,46,84.37
CELL_85515,Epithelial,54.19,44,78.17
CELL_28135,Leukocyte,16.34,40,94.86
CELL_73925,Leukocyte,111.66,28,86.74
CELL_95816,Leukocyte,54.93,23,92.97
CELL_48328,Myocyte,82.74,17,87.17
CELL_80792,Myocyte,57.04,6,83.1
CELL_49903,Epithelial,63.91,32,86.9
CELL_58677,Erythrocyte,6.66,43,93.12
CELL_76743,Leukocyte,89.4,50,60.95
CELL_11875,Stem Cell,105.23,26,60.35
CELL_10497,Erythrocyte,37.0,29,64.19
CELL_75596,Myocyte,61.98,50,96.04
CELL_39777,Neuron,116.12,18,76.36
CELL_21693,Myocyte,79.31,16,94.83
CELL_16852,Leukocyte,112.05,5,67.95
CELL_32019,Neuron,71.84,31,74.45
CELL_20171,Myocyte,21.48,38,77.91
CELL_42465,Neuron,29.4,17,68.25
CELL_94575,Leukocyte,24.59,31,75.01
CELL_87793,Stem Cell,55.78,43,60.92
CELL_76860,Epithelial,28.94,29,66.0
CELL_86213,Leukocyte,62.6,5,52.02
CELL_51123,Myocyte,106.64,35,90.61
CELL_12150,Myocyte,46.63,32,63.59
CELL_28431,Fibroblast,110.92,38,92.3
CELL_65832,Epithelial,94.57,24,95.68
CELL_43292,Myocyte,119.13,33,89.44
CELL_61098,Fibroblast,62.17,44,99.12
CELL_91751,Leukocyte,15.22,41,94.48
CELL_99907,Myocyte,10.23,44,96.92
CELL_41745,Erythrocyte,86.39,5,73.09
CELL_13427,Stem Cell,103.38,13,76.8
CELL_26136,Neuron,21.4,42,91.24
CELL_36175,Epithelial,106.91,47,95.3
CELL_19966,Fibroblast,52.15,34,58.62
CELL_66518,Erythrocyte,67.33,20,73.52
CELL_75515,Stem Cell,27.61,7,83.74
CELL_21221,Fibroblast,81.58,43,71.16
CELL_57761,Erythrocyte,110.49,42,62.65
CELL_91212,Leukocyte,71.23,30,94.79
CELL_93191,Neuron,59.83,28,74.85
CELL_35674,Stem Cell,93.62,36,89.16
CELL_83875,Fibroblast,50.67,21,52.78
CELL_96398,Fibroblast,90.67,46,50.01
CELL_27435,Erythrocyte,30.76,6,60.08
CELL_40171,Erythrocyte,62.27,32,57.82
CELL_26819,Stem Cell,11.06,16,96.31
CELL_31555,Epithelial,82.63,38,89.6
CELL_68101,Epithelial,17.13,29,66.75
CELL_99446,Myocyte,100.53,43,81.75
CELL_78490,Myocyte,68.97,21,89.91
CELL_75013,Fibroblast,68.25,36,73.14
CELL_56574,Stem Cell,32.68,10,97.74
CELL_44947,Myocyte,86.92,24,59.6
CELL_11857,Myocyte,100.51,18,81.51
CELL_94577,Myocyte,41.16,31,86.46
CELL_59720,Stem Cell,80.69,39,93.98
CELL_18484,Stem Cell,90.39,10,98.62
CELL_46168,Neuron,113.59,47,92.43
CELL_64814,Neuron,33.77,37,96.37
CELL_93505,Leukocyte,22.37,5,80.02
CELL_45398,Neuron,79.12,5,88.88
CELL_43198,Fibroblast,24.3,25,89.51
CELL_52184,Stem Cell,89.5,17,95.79
CELL_90134,Leukocyte,96.59,40,68.72
CELL_73902,Erythrocyte,8.71,48,98.88
CELL_83279,Leukocyte,14.93,13,67.72
CELL_72310,Leukocyte,21.56,8,90.05
CELL_73830,Neuron,39.13,14,52.2
CELL_91936,Erythrocyte,26.96,24,91.43
CELL_15830,Stem Cell,73.79,33,92.29
CELL_80889,Stem Cell,112.39,33,89.93
CELL_53627,Epithelial,83.97,38,59.89
CELL_50207,Fibroblast,111.22,41,87.03
CELL_11916,Neuron,109.54,29,72.45
CELL_37731,Neuron,63.54,48,65.56
CELL_36284,Epithelial,35.27,19,57.89
CELL_22572,Myocyte,74.25,42,93.25
CELL_56784,Neuron,36.29,24,69.77
CELL_61150,Leukocyte,84.95,45,76.82
CELL_12992,Epithelial,73.27,17,71.39
CELL_61592,Leukocyte,92.96,6,99.38
CELL_19483,Stem Cell,114.75,12,54.85
CELL_52691,Myocyte,53.75,35,57.71
CELL_71108,Myocyte,47.17,11,73.35
CELL_93198,Stem Cell,24.01,34,61.43
CELL_19637,Fibroblast,11.97,12,56.6
CELL_90566,Epithelial,96.0,17,90.22
CELL_45395,Stem Cell,93.63,41,92.52
CELL_20364,Epithelial,17.57,36,99.44
CELL_40873,Leukocyte,46.34,45,80.55
CELL_13921,Fibroblast,42.43,27,86.93
CELL_65524,Epithelial,112.73,31,62.25
CELL_27950,Neuron,97.17,48,66.84
CELL_55242,Erythrocyte,19.52,38,89.91
CELL_77502,Stem Cell,31.42,42,79.12
CELL_26696,Erythrocyte,16.34,40,62.21
CELL_88219,Stem Cell,46.29,30,64.26
CELL_11989,Epithelial,46.88,44,53.02
CELL_47578,Fibroblast,24.63,20,51.85
CELL_97907,Stem Cell,111.85,6,73.94
CELL_86624,Myocyte,35.18,17,72.26
CELL_11732,Myocyte,25.73,19,71.49
CELL_25447,Epithelial,34.48,21,63.09
CELL_53673,Neuron,104.48,8,63.99
CELL_46111,Erythrocyte,28.71,22,83.37
CELL_56014,Leukocyte,35.69,34,91.69
CELL_25232,Myocyte,63.77,23,74.46
CELL_99277,Stem Cell,95.48,15,84.3
CELL_93521,Stem Cell,31.28,25,51.07
CELL_41624,Epithelial,46.45,18,59.11
CELL_75392,Stem Cell,86.41,22,80.38
CELL_46479,Leukocyte,41.43,24,89.89
CELL_73623,Stem Cell,89.57,40,54.59
CELL_90770,Neuron,79.33,42,73.26
CELL_74473,Neuron,57.17,26,99.23
CELL_66241,Epithelial,95.06,14,52.32
CELL_16183,Erythrocyte,82.09,21,80.9
CELL_37650,Epithelial,37.84,17,64.36
CELL_14884,Neuron,45.27,47,52.54
CELL_27894,Myocyte,98.04,22,67.7
CELL_27425,Erythrocyte,21.52,42,57.23
CELL_51641,Neuron,16.21,38,92.91
CELL_87428,Fibroblast,59.24,41,91.81
CELL_26138,Stem Cell,37.02,50,98.7
CELL_38697,Erythrocyte,73.51,50,86.42
CELL_14654,Fibroblast,69.69,14,90.79
CELL_15592,Erythrocyte,23.03,38,61.89
CELL_11031,Stem Cell,112.33,33,61.63
CELL_99945,Myocyte,73.93,28,68.24
CELL_87265,Stem Cell,15.3,22,53.03
CELL_49756,Leukocyte,63.77,10,73.97
CELL_18925,Stem Cell,36.95,47,94.89
CELL_24306,Stem Cell,13.4,28,58.85
CELL_79785,Erythrocyte,25.22,8,75.23
CELL_81800,Leukocyte,74.44,38,86.9
CELL_35130,Fibroblast,89.76,30,74.57
CELL_21884,Epithelial,105.45,41,66.63
CELL_71488,Erythrocyte,116.84,27,95.3
CELL_43716,Neuron,26.0,40,59.31
CELL_57424,Neuron,33.05,11,53.58
CELL_38575,Neuron,111.1,7,52.13
CELL_33081,Fibroblast,72.51,35,67.75
CELL_12804,Stem Cell,45.47,14,50.23
CELL_10117,Fibroblast,37.48,10,89.25
CELL_75302,Stem Cell,24.69,13,82.16
CELL_75205,Erythrocyte,15.04,46,61.76
CELL_15275,Epithelial,18.29,27,53.51
CELL_49237,Stem Cell,79.78,19,51.36
CELL_65785,Leukocyte,87.49,44,80.99
CELL_39915,Epithelial,47.93,32,55.06
CELL_22665,Leukocyte,89.41,16,84.71
CELL_98334,Fibroblast,11.41,10,55.04
CELL_21900,Neuron,34.79,22,87.74
CELL_51400,Myocyte,12.25,29,95.19
CELL_87540,Leukocyte,59.36,38,67.3
CELL_93542,Stem Cell,54.92,45,70.39
CELL_45824,Erythrocyte,59.63,36,54.15
CELL_46517,Stem Cell,23.76,17,85.5
CELL_26951,Epithelial,8.41,37,69.42
CELL_29080,Stem Cell,107.14,41,96.01
CELL_71662,Leukocyte,107.9,16,74.78
CELL_13840,Myocyte,46.14,10,69.71
CELL_59326,Neuron,32.37,48,58.02
CELL_24467,Neuron,44.7,11,74.49
CELL_16042,Stem Cell,24.73,27,70.72
CELL_37480,Fibroblast,76.3,29,84.7
CELL_96523,Neuron,10.29,49,58.57
CELL_44403,Neuron,64.49,32,85.25
CELL_24651,Myocyte,111.53,31,52.82
CELL_53404,Leukocyte,97.32,16,77.19
CELL_36966,Myocyte,88.36,31,55.23
CELL_67038,Epithelial,89.73,37,72.79
CELL_85519,Neuron,82.54,26,97.05
CELL_23948,Fibroblast,57.93,28,55.99
CELL_28741,Neuron,76.82,12,55.2
CELL_29850,Neuron,23.78,13,76.37
CELL_11267,Fibroblast,105.24,38,98.32
CELL_12975,Erythrocyte,16.38,31,82.96
CELL_18013,Leukocyte,30.58,48,53.9
CELL_29264,Epithelial,78.53,45,81.65
CELL_50713,Stem Cell,74.84,23,75.72
CELL_15130,Neuron,91.91,38,52.89
CELL_68222,Stem Cell,114.56,48,70.27
CELL_65616,Leukocyte,17.25,44,86.66
CELL_31677,Epithelial,35.33,17,76.12
CELL_62810,Leukocyte,9.19,41,63.56
CELL_59418,Myocyte,116.67,13,87.46
CELL_69884,Myocyte,103.12,7,98.02
CELL_36594,Erythrocyte,39.84,33,50.56
CELL_60724,Epithelial,19.72,16,59.93
CELL_76197,Fibroblast,105.99,11,79.85
CELL_69618,Myocyte,6.73,13,56.89
CELL_88805,Myocyte,101.58,26,82.79
CELL_14715,Neuron,22.55,50,81.88
CELL_22189,Neuron,67.56,23,87.08
CELL_76447,Erythrocyte,32.85,25,57.44
CELL_97079,Fibroblast,61.9,15,75.01
CELL_86772,Epithelial,11.6,47,54.89
CELL_83752,Myocyte,75.7,10,62.32
CELL_86926,Myocyte,28.04,37,66.84
CELL_27872,Erythrocyte,61.41,16,53.77
CELL_80870,Fibroblast,28.98,33,62.14
CELL_78762,Fibroblast,19.7,48,96.38
CELL_27110,Stem Cell,47.75,26,72.5
CELL_19222,Neuron,23.86,32,54.06
CELL_79037,Stem Cell,57.76,49,71.65
CELL_53310,Myocyte,10.55,13,93.24
CELL_83464,Erythrocyte,117.11,24,85.6
CELL_52578,Stem Cell,6.13,29,87.65
CELL_98430,Leukocyte,58.02,42,78.08
CELL_79579,Myocyte,91.83,12,51.96
CELL_37081,Stem Cell,30.86,30,64.57
CELL_55748,Leukocyte,46.39,47,63.66
CELL_49102,Leukocyte,101.4,46,98.49
CELL_58525,Myocyte,119.22,7,75.16
CELL_78207,Neuron,116.95,18,91.12
CELL_97597,Leukocyte,110.98,16,84.46
CELL_95065,Leukocyte,99.17,49,59.1
CELL_93124,Stem Cell,25.41,41,67.32
CELL_89403,Epithelial,70.13,19,73.93
CELL_20165,Epithelial,69.53,36,81.57
CELL_55031,Neuron,57.76,28,67.59
CELL_36299,Myocyte,62.87,13,84.88
CELL_92156,Stem Cell,112.38,34,96.58
CELL_72559,Stem Cell,50.15,41,99.75
CELL_76232,Neuron,83.45,33,50.4
CELL_68613,Leukocyte,77.1,16,81.43
CELL_48835,Myocyte,86.8,34,74.77
CELL_71535,Neuron,68.28,30,53.89
CELL_31581,Erythrocyte,86.15,34,90.76
CELL_80350,Myocyte,97.56,28,78.9
CELL_72847,Neuron,63.04,18,56.39
CELL_20863,Fibroblast,49.51,39,57.02
CELL_46081,Myocyte,83.31,30,84.16
CELL_98335,Epithelial,9.13,24,65.78
CELL_51320,Leukocyte,79.01,17,68.43
CELL_31323,Fibroblast,87.98,36,52.83
CELL_41237,Myocyte,25.89,49,72.09
CELL_23015,Erythrocyte,66.21,17,63.5
CELL_92709,Neuron,35.27,29,95.15
CELL_11572,Leukocyte,18.42,42,65.2
CELL_14769,Stem Cell,5.26,12,69.75
CELL_67822,Neuron,47.54,8,91.94
CELL_42916,Epithelial,65.07,47,98.37
CELL_68796,Leukocyte,19.75,38,91.18
CELL_86215,Fibroblast,54.25,5,72.89
CELL_65579,Epithelial,104.57,49,60.18
CELL_25349,Epithelial,94.29,8,87.21
CELL_84681,Myocyte,105.86,21,68.59
CELL_95982,Neuron,5.5,32,80.89
CELL_78112,Myocyte,14.16,29,71.98
CELL_89057,Epithelial,34.46,18,70.81
CELL_67141,Leukocyte,60.32,7,61.86
CELL_93322,Epithelial,44.61,32,66.75
CELL_41085,Leukocyte,119.37,48,88.4
CELL_65517,Leukocyte,109.8,42,78.0
CELL_94831,Stem Cell,90.43,50,63.69
CELL_23651,Neuron,24.42,34,82.18
CELL_20552,Stem Cell,43.35,24,81.41
CELL_56674,Stem Cell,77.6,10,95.63
CELL_20906,Neuron,34.56,41,59.78
CELL_62698,Leukocyte,41.19,35,93.01
CELL_40818,Stem Cell,70.61,30,79.13
CELL_75902,Myocyte,77.69,36,98.33
CELL_99253,Neuron,108.62,37,87.95
CELL_85678,Stem Cell,38.78,27,56.23
CELL_68507,Myocyte,53.37,9,97.84
CELL_50462,Leukocyte,103.81,7,80.55
CELL_13519,Epithelial,36.21,21,55.55
CELL_30396,Epithelial,54.67,19,84.1
CELL_61690,Erythrocyte,22.75,26,93.26
CELL_30124,Myocyte,107.92,41,52.19
CELL_20373,Neuron,53.01,6,55.49
CELL_36970,Erythrocyte,32.46,44,64.68
CELL_36249,Myocyte,39.39,28,77.94
CELL_58540,Leukocyte,117.55,19,79.34
CELL_81214,Stem Cell,67.67,11,56.62
CELL_38812,Fibroblast,90.98,13,55.32
CELL_52799,Myocyte,19.74,43,91.1
CELL_94357,Epithelial,103.31,25,50.77
CELL_78996,Leukocyte,97.4,36,59.09
CELL_21768,Stem Cell,102.9,7,66.17
CELL_34227,Stem Cell,31.56,5,61.05
CELL_88004,Fibroblast,86.85,45,53.96
CELL_99624,Myocyte,87.92,5,81.54
CELL_85412,Epithelial,105.54,13,78.75
CELL_31111,Myocyte,79.28,35,91.12
CELL_72935,Fibroblast,71.32,48,87.54
CELL_11397,Erythrocyte,33.4,6,62.06
CELL_71045,Myocyte,87.5,12,62.77
CELL_81098,Epithelial,59.06,37,70.4
CELL_18018,Neuron,24.41,7,89.5
CELL_35298,Fibroblast,75.98,35,50.97
CELL_97651,Stem Cell,23.93,21,55.99
CELL_67872,Erythrocyte,118.2,10,80.1
CELL_48080,Stem Cell,57.1,20,93.21
CELL_54831,Fibroblast,96.02,24,90.51
CELL_58429,Myocyte,42.5,49,73.58
CELL_56872,Fibroblast,81.22,13,99.33
CELL_80530,Neuron,46.15,25,93.22
CELL_59979,Neuron,40.87,30,81.11
CELL_33074,Myocyte,65.89,36,82.37
CELL_92909,Erythrocyte,97.42,24,70.7
CELL_83982,Leukocyte,15.67,19,52.61
CELL_26602,Erythrocyte,83.02,10,91.64
CELL_95657,Epithelial,24.05,5,89.25
CELL_25794,Neuron,62.14,12,67.58
CELL_53031,Erythrocyte,106.83,46,50.89
CELL_66660,Leukocyte,95.11,19,70.61
CELL_39173,Myocyte,14.14,9,69.05
CELL_22261,Myocyte,82.66,39,91.94
CELL_90584,Fibroblast,91.98,22,96.17
CELL_94353,Neuron,56.8,6,62.26
CELL_92336,Fibroblast,98.15,34,61.93
CELL_36259,Neuron,58.18,16,70.29
CELL_53121,Erythrocyte,13.1,19,60.09
CELL_50794,Myocyte,22.2,6,91.21
CELL_99602,Neuron,35.02,34,70.54
CELL_91382,Leukocyte,24.53,48,76.61
CELL_40698,Leukocyte,36.59,22,52.69
CELL_82980,Leukocyte,20.72,41,96.71
CELL_67210,Erythrocyte,117.07,18,77.44
CELL_93478,Erythrocyte,16.31,34,69.46
CELL_79076,Myocyte,112.95,24,53.51
CELL_38809,Stem Cell,66.68,44,55.15
CELL_17164,Myocyte,37.18,16,74.89
CELL_52671,Neuron,9.77,38,67.21
CELL_84322,Fibroblast,10.52,47,97.63
CELL_85743,Erythrocyte,55.09,50,51.47
CELL_41871,Erythrocyte,92.89,21,90.49
CELL_59567,Neuron,91.87,40,68.09
CELL_97858,Neuron,41.99,23,76.47
CELL_46481,Fibroblast,76.34,15,98.9
CELL_85650,Leukocyte,87.41,34,67.13
CELL_51251,Erythrocyte,98.27,20,62.16
CELL_52995,Leukocyte,41.25,34,85.57
CELL_37941,Neuron,82.62,26,69.96
CELL_73588,Erythrocyte,111.86,6,66.25
CELL_52771,Leukocyte,41.19,24,75.37
CELL_47453,Fibroblast,30.12,16,87.62
CELL_34897,Leukocyte,65.61,20,68.72
CELL_80795,Myocyte,49.24,5,69.19
CELL_45680,Fibroblast,48.4,31,54.47
CELL_52818,Epithelial,43.51,26,91.9
CELL_45928,Neuron,100.1,19,89.1
CELL_36985,Neuron,95.79,30,64.27
CELL_94336,Epithelial,11.56,6,67.71
CELL_84858,Erythrocyte,50.93,23,77.7
CELL_20078,Epithelial,36.33,33,78.79
CELL_67073,Leukocyte,102.63,30,79.43
CELL_46130,Myocyte,110.67,18,67.59
CELL_90728,Myocyte,75.27,43,82.45
CELL_36189,Stem Cell,75.28,41,80.12
CELL_47578,Fibroblast,37.18,40,92.37
CELL_57901,Myocyte,111.6,15,53.79
CELL_19065,Epithelial,89.22,37,72.35
CELL_88599,Myocyte,14.62,25,60.27
CELL_21276,Leukocyte,15.26,21,80.79
CELL_30338,Stem Cell,46.96,34,63.34
CELL_95618,Erythrocyte,42.58,42,53.12
CELL_63458,Stem Cell,21.23,40,85.93
CELL_39815,Fibroblast,9.93,31,64.1
CELL_86393,Epithelial,64.08,33,66.13
CELL_46919,Leukocyte,9.93,44,63.19
CELL_48140,Stem Cell,114.29,14,56.28
CELL_26107,Erythrocyte,7.76,38,59.6
CELL_60265,Erythrocyte,12.02,15,82.04
CELL_96277,Leukocyte,60.2,13,81.16
CELL_37213,Myocyte,78.96,9,58.36
CELL_50024,Neuron,76.91,13,89.08
CELL_90931,Fibroblast,113.87,40,71.6
CELL_41342,Erythrocyte,39.56,11,85.76
CELL_87886,Stem Cell,36.51,18,54.08
CELL_77011,Fibroblast,53.3,49,55.09
CELL_78837,Epithelial,108.49,25,51.09
CELL_28947,Fibroblast,20.34,14,96.82
CELL_38353,Myocyte,106.18,31,95.65
CELL_54964,Fibroblast,32.18,20,86.64
CELL_25494,Erythrocyte,12.53,50,91.52
CELL_41798,Fibroblast,106.64,26,56.71
CELL_29556,Leukocyte,89.42,37,84.55
CELL_40938,Stem Cell,27.67,39,97.7
CELL_52364,Epithelial,118.09,41,59.82
CELL_54137,Stem Cell,109.24,48,61.85
CELL_44710,Leukocyte,63.22,18,51.4
CELL_34314,Erythrocyte,39.22,6,84.71
CELL_73801,Fibroblast,12.64,25,99.58
CELL_53124,Stem Cell,31.74,15,78.23
CELL_20491,Epithelial,28.03,49,77.2
CELL_91196,Epithelial,106.52,34,82.19
CELL_73181,Neuron,24.86,35,62.34
CELL_39831,Erythrocyte,31.47,11,54.34
CELL_34240,Stem Cell,8.67,50,63.96
CELL_27488,Stem Cell,35.51,22,87.33
CELL_80235,Fibroblast,25.02,30,86.49
CELL_35104,Epithelial,82.1,29,60.33
CELL_13171,Stem Cell,103.37,44,95.46
CELL_74596,Myocyte,115.56,24,78.16
CELL_36772,Epithelial,41.06,48,75.98
CELL_53748,Erythrocyte,58.07,35,51.42
CELL_45040,Leukocyte,101.42,20,57.42
CELL_26309,Leukocyte,26.18,37,75.99
CELL_26106,Erythrocyte,110.99,41,64.9
CELL_25227,Epithelial,14.87,32,91.51
CELL_72395,Myocyte,85.47,35,97.65
CELL_32044,Fibroblast,101.3,42,77.91
CELL_11041,Neuron,96.2,25,75.86
CELL_77520,Neuron,68.24,34,88.0
CELL_81310,Myocyte,80.32,29,61.55
CELL_80560,Erythrocyte,21.78,5,68.02
CELL_72761,Stem Cell,88.86,7,54.31
CELL_55059,Epithelial,85.56,31,94.89
CELL_91796,Epithelial,89.52,10,92.24
CELL_83132,Fibroblast,8.61,13,58.58
CELL_28648,Epithelial,86.07,44,60.27
CELL_55490,Stem Cell,22.53,28,99.98
CELL_50986,Stem Cell,27.61,38,74.5
CELL_90423,Neuron,110.0,42,57.68
CELL_42239,Stem Cell,75.99,10,55.33
CELL_18277,Myocyte,53.05,37,81.16
CELL_51728,Epithelial,51.81,9,74.92
CELL_13681,Stem Cell,9.46,43,81.97
CELL_76374,Stem Cell,44.58,7,54.78
CELL_48339,Myocyte,5.62,17,79.67
CELL_31079,Myocyte,5.38,5,93.21
CELL_14163,Myocyte,7.2,36,80.0
CELL_84800,Epithelial,108.53,45,56.26
CELL_16028,Fibroblast,81.69,15,56.69
CELL_67909,Leukocyte,38.67,10,73.65
CELL_77523,Erythrocyte,112.06,36,53.73
CELL_81969,Fibroblast,16.79,42,68.12
CELL_69471,Epithelial,61.09,38,61.14
CELL_62309,Myocyte,18.93,45,73.98
CELL_27524,Erythrocyte,86.22,9,93.39
CELL_95606,Neuron,112.09,24,52.94
CELL_30265,Epithelial,103.41,36,68.18
CELL_49818,Myocyte,91.09,12,88.15
CELL_90454,Epithelial,91.46,47,67.21
CELL_23895,Erythrocyte,106.93,32,83.32
CELL_78805,Myocyte,80.81,27,71.59
CELL_59933,Myocyte,102.45,16,92.37
CELL_18567,Neuron,116.49,23,89.27
CELL_10874,Myocyte,82.32,18,79.5
CELL_24068,Erythrocyte,92.57,21,79.48
CELL_89436,Erythrocyte,53.57,46,93.93
CELL_95596,Stem Cell,112.5,35,63.79
CELL_51113,Stem Cell,35.5,21,72.04
CELL_46542,Leukocyte,18.63,33,67.45
CELL_63172,Leukocyte,85.0,32,93.63
CELL_72910,Neuron,109.25,49,66.54
CELL_23360,Fibroblast,30.3,38,63.76
CELL_73664,Myocyte,52.28,11,89.77
CELL_46698,Stem Cell,5.59,48,80.24
CELL_36583,Leukocyte,61.22,45,97.88
CELL_52655,Stem Cell,46.34,45,97.78
CELL_53733,Leukocyte,60.52,30,74.6
CELL_24138,Epithelial,5.81,11,70.49
CELL_50749,Epithelial,54.09,23,87.53
CELL_20379,Leukocyte,40.51,20,58.77
CELL_45959,Erythrocyte,53.37,32,65.96
CELL_93784,Leukocyte,16.79,36,62.88
CELL_26459,Neuron,101.06,22,84.44
CELL_21624,Neuron,19.89,29,81.1
CELL_31572,Erythrocyte,36.19,44,50.14
CELL_81702,Neuron,45.17,35,93.32
CELL_66336,Neuron,53.52,14,51.94
CELL_75671,Neuron,44.48,23,93.62
CELL_98691,Fibroblast,114.88,21,65.54
CELL_44837,Neuron,111.26,49,79.12
CELL_85845,Epithelial,100.53,38,93.06
CELL_16178,Fibroblast,59.52,15,53.1
CELL_93324,Neuron,39.46,23,91.63
CELL_83933,Myocyte,111.84,48,62.84
CELL_39971,Stem Cell,62.72,11,92.63
CELL_66149,Neuron,17.06,26,89.23
CELL_54885,Stem Cell,15.02,49,95.7
CELL_98219,Erythrocyte,74.84,40,87.55
CELL_13973,Stem Cell,100.33,48,93.55
CELL_42613,Stem Cell,16.04,26,78.47
CELL_82545,Fibroblast,65.61,15,62.9
CELL_55818,Neuron,90.61,45,65.28
CELL_82305,Erythrocyte,69.56,46,73.6
CELL_20472,Leukocyte,74.34,17,79.18
CELL_66613,Leukocyte,116.39,13,64.63
CELL_55722,Fibroblast,13.17,44,67.09
CELL_39044,Erythrocyte,81.35,26,82.0
CELL_58006,Stem Cell,81.73,40,97.51
CELL_28594,Fibroblast,68.93,46,85.18
CELL_42991,Stem Cell,18.53,27,74.29
CELL_29600,Stem Cell,49.73,10,88.39
CELL_24216,Myocyte,62.69,36,81.28
CELL_22155,Epithelial,39.73,39,92.67
CELL_78042,Epithelial,33.74,34,80.25
CELL_59736,Stem Cell,62.56,18,50.57
CELL_63246,Fibroblast,96.03,42,52.04
CELL_14239,Epithelial,99.81,36,99.8
CELL_39474,Myocyte,25.92,13,56.65
CELL_61215,Fibroblast,110.56,26,82.61
CELL_38793,Neuron,6.7,31,54.5
CELL_83402,Myocyte,27.43,36,58.4
CELL_57364,Leukocyte,7.13,9,97.71
CELL_75316,Fibroblast,62.51,5,98.31
CELL_22309,Neuron,57.31,39,69.42
CELL_71278,Neuron,93.33,24,89.51
CELL_96494,Fibroblast,42.86,47,98.29
CELL_63153,Erythrocyte,52.7,44,59.47
CELL_24055,Myocyte,52.68,16,99.27
CELL_19069,Erythrocyte,42.55,26,62.43
CELL_94885,Myocyte,79.25,42,75.73
CELL_40991,Neuron,76.65,34,87.45
CELL_74928,Erythrocyte,5.33,33,99.9
CELL_96906,Stem Cell,89.82,14,70.35
CELL_12769,Neuron,43.73,35,74.35
CELL_97328,Erythrocyte,113.81,7,79.25
CELL_86421,Epithelial,48.43,17,74.19
CELL_15151,Neuron,20.38,50,68.12
CELL_62500,Erythrocyte,48.39,50,58.1
CELL_11765,Fibroblast,70.0,15,50.32
CELL_41387,Erythrocyte,100.72,24,70.1
CELL_35099,Epithelial,48.73,40,70.08
CELL_61297,Fibroblast,98.32,33,61.15
CELL_38735,Fibroblast,40.19,43,61.0
CELL_54105,Fibroblast,48.95,26,74.35
CELL_45247,Stem Cell,56.09,21,50.99
CELL_17101,Neuron,64.52,44,77.47
CELL_57782,Myocyte,21.66,21,70.71
CELL_91152,Leukocyte,98.28,50,98.57
CELL_51567,Epithelial,77.4,38,50.73
CELL_98972,Neuron,45.73,25,50.43
CELL_92361,Leukocyte,87.7,36,80.02
CELL_50834,Epithelial,100.44,14,81.53
CELL_33761,Leukocyte,109.68,13,67.65
CELL_40046,Stem Cell,57.07,50,55.55
CELL_18264,Leukocyte,73.45,31,93.12
CELL_68715,Leukocyte,23.89,46,73.87
CELL_50253,Leukocyte,17.3,45,77.14
CELL_79391,Neuron,81.27,50,81.63
CELL_26799,Neuron,29.94,34,86.82
CELL_18089,Erythrocyte,98.83,16,54.63
CELL_43240,Neuron,99.06,34,96.74
CELL_96390,Myocyte,109.72,24,56.36
