cell_id,cell_type,diameter_um,organelle_count,viability_pct
CELL_87801,Myocyte,26.77,5,53.46
CELL_91665,Myocyte,95.16,21,71.28
CELL_54587,Neuron,29.59,46,95.78
CELL_56390,Erythrocyte,116.33,45,74.11
CELL_76791,Neuron,66.08,48,81.38
CELL_67376,Neuron,69.3,48,81.06
CELL_35516,Leukocyte,92.42,36,62.31
CELL_41936,Stem Cell,28.94,38,66.72
CELL_37066,Stem Cell,102.41,41,75.06
CELL_28007,Neuron,93.9,46,91.34
CELL_22383,Neuron,40.26,23,60.31
CELL_74284,Myocyte,25.94,28,78.17
CELL_94358,Leukocyte,66.21,32,81.9
CELL_85760,Erythrocyte,79.8,6,86.23
CELL_79468,Epithelial,115.74,8,76.35
CELL_33881,Stem Cell,42.89,5,86.11
CELL_14964,Stem Cell,65.43,45,90.26
CELL_79101,Myocyte,9.03,21,91.9
CELL_43217,Stem Cell,106.98,7,67.95
CELL_62356,Neuron,105.63,37,80.78
CELL_78388,Stem Cell,75.62,23,79.91
CELL_11111,Neuron,19.96,22,50.51
CELL_80497,Neuron,91.83,25,60.05
CELL_70753,Fibroblast,60.59,37,96.52
CELL_37297,Fibroblast,92.09,5,97.61
CELL_60127,Leukocyte,71.28,38,75.54
CELL_50300,Epithelial,8.37,44,98.43
CELL_52627,Stem Cell,66.57,8,91.95
CELL_56088,Leukocyte,67.09,49,94.33
CELL_53460,Erythrocyte,18.74,29,59.12
CELL_63908,Myocyte,44.11,33,61.67
CELL_42658,Stem Cell,60.28,10,94.33
CELL_86396,Leukocyte,26.78,19,87.08
CELL_98554,Neuron,27.01,19,94.22
CELL_83847,Leukocyte,113.14,34,57.61
CELL_33771,Myocyte,76.35,27,98.34
CELL_55833,Leukocyte,88.82,42,69.15
CELL_11632,Stem Cell,27.87,18,84.71
CELL_79329,Epithelial,65.41,44,99.22
CELL_82763,Fibroblast,45.59,47,64.02
CELL_37345,Myocyte,100.05,13,70.4
CELL_16990,Fibroblast,113.86,42,71.39
CELL_86760,Epithelial,94.87,11,86.26
CELL_63642,Fibroblast,91.82,26,50.21
CELL_64871,Neuron,113.22,12,73.41
CELL_84253,Fibroblast,110.06,14,51.36
CELL_71659,Stem Cell,118.88,29,68.42
CELL_81134,Myocyte,12.7,32,73.01
CELL_83513,Myocyte,12.43,27,72.48
CELL_19541,Epithelial,57.62,48,87.98
CELL_53958,Stem Cell,56.44,9,99.41
CELL_11458,Epithelial,8.4,7,83.36
CELL_33173,Fibroblast,118.49,43,92.83
CELL_60485,Myocyte,71.61,37,90.79
CELL_38984,Myocyte,81.73,10,86.24
CELL_47228,Myocyte,76.95,20,71.6
CELL_95571,Myocyte,95.67,46,78.18
CELL_25299,Erythrocyte,77.16,40,76.69
CELL_91412,Leukocyte,76.04,13,87.12
CELL_68382,Epithelial,66.79,46,63.53
CELL_49334,Stem Cell,83.01,9,59.07
CELL_91100,Erythrocyte,58.45,40,87.55
CELL_62485,Stem Cell,35.68,29,78.01
CELL_16905,Leukocyte,63.07,7,61.4
CELL_12622,Fibroblast,73.13,46,76.15
CELL_44179,Epithelial,80.11,25,84.9
CELL_50463,Erythrocyte,91.0,46,74.49
CELL_92279,Fibroblast,16.01,49,89.32
CELL_25831,Myocyte,63.48,5,89.1
CELL_21690,Epithelial,12.79,47,67.32
CELL_75281,Neuron,46.72,32,69.32
CELL_63857,Myocyte,24.26,14,73.89
CELL_59438,Fibroblast,21.77,44,70.69
CELL_81777,Neuron,66.63,7,85.85
CELL_32813,Neuron,39.92,46,94.31
CELL_75817,Leukocyte,38.44,49,67.59
CELL_19965,Fibroblast,108.73,27,68.5
CELL_93665,Epithelial,68.37,10,87.81
CELL_77428,Stem Cell,93.13,47,73.11
CELL_24382,Epithelial,103.43,6,92.06
CELL_78309,Stem Cell,51.15,32,68.86
CELL_23754,Stem Cell,58.71,43,50.53
CELL_38179,Epithelial,101.69,17,96.8
CELL_64423,Fibroblast,76.66,45,75.07
CELL_76512,Leukocyte,69.46,32,56.87
CELL_20470,Leukocyte,22.21,7,71.44
CELL_11053,Neuron,103.81,13,51.52
CELL_42258,Fibroblast,64.17,44,92.68
CELL_31545,Myocyte,119.23,36,71.53
CELL_82456,Neuron,61.65,21,59.79
CELL_51480,Fibroblast,47.47,19,98.56
CELL_25863,Epithelial,41.64,31,59.43
CELL_15164,Leukocyte,42.42,30,66.21
CELL_31285,Stem Cell,12.86,46,62.82
CELL_43549,Myocyte,68.79,42,76.47
CELL_57903,Myocyte,115.2,14,79.93
CELL_41435,Leukocyte,97.87,48,60.14
CELL_90832,Fibroblast,34.32,10,76.46
CELL_69951,Epithelial,62.22,6,99.33
CELL_58948,Erythrocyte,90.53,34,52.54
CELL_27724,Epithelial,16.51,45,77.63
CELL_20585,Myocyte,118.87,49,78.33
CELL_30618,Myocyte,77.46,47,72.94
CELL_16377,Neuron,111.39,43,51.04
CELL_68858,Neuron,66.37,33,79.12
CELL_15897,Leukocyte,65.18,47,60.23
CELL_66593,Myocyte,106.58,39,77.66
CELL_10592,Fibroblast,86.53,24,91.77
CELL_84701,Myocyte,21.36,45,84.86
CELL_10166,Erythrocyte,64.19,24,53.92
CELL_12935,Leukocyte,32.09,42,98.36
CELL_54462,Epithelial,109.28,44,68.95
CELL_93790,Myocyte,83.48,8,66.5
CELL_92377,Erythrocyte,57.2,24,73.97
CELL_18746,Stem Cell,61.46,13,72.61
CELL_63118,Myocyte,34.05,39,77.03
CELL_67386,Epithelial,10.59,50,51.31
CELL_76124,Neuron,75.22,50,67.43
CELL_13624,Erythrocyte,49.02,12,61.0
CELL_87051,Epithelial,8.03,16,89.1
CELL_73326,Leukocyte,59.39,27,65.37
CELL_46268,Leukocyte,32.49,8,79.18
CELL_97393,Myocyte,70.51,33,63.04
CELL_55441,Stem Cell,46.01,30,92.76
CELL_58236,Myocyte,31.38,23,82.72
CELL_93154,Epithelial,10.73,8,74.69
CELL_25147,Stem Cell,74.57,26,70.55
CELL_81139,Fibroblast,12.22,6,50.02
CELL_69709,Epithelial,50.37,9,91.87
CELL_14408,Myocyte,12.87,45,53.78
CELL_28459,Erythrocyte,43.87,7,99.67
CELL_42494,Leukocyte,75.15,20,82.25
CELL_48467,Leukocyte,15.78,49,77.78
CELL_43423,Erythrocyte,106.91,46,54.21
CELL_17053,Fibroblast,113.57,32,76.68
CELL_27857,Myocyte,20.46,13,59.38
CELL_73636,Stem Cell,35.67,18,71.09
CELL_89546,Epithelial,34.18,30,92.98
CELL_60765,Neuron,66.79,31,73.35
CELL_86269,Fibroblast,26.39,43,67.67
CELL_87300,Stem Cell,77.92,10,58.73
CELL_52265,Leukocyte,14.47,42,65.5
CELL_50589,Epithelial,68.88,30,60.86
CELL_43470,Myocyte,105.23,38,86.1
CELL_93742,Epithelial,104.21,11,68.4
CELL_75821,Myocyte,68.23,14,60.25
CELL_28827,Erythrocyte,36.78,15,51.2
CELL_84506,Erythrocyte,39.77,28,58.04
CELL_77665,Fibroblast,31.13,7,51.28
CELL_64891,Neuron,63.99,28,96.38
CELL_98056,Fibroblast,68.22,7,74.04
CELL_34957,Erythrocyte,79.06,36,78.64
CELL_94626,Myocyte,108.31,49,64.8
CELL_84635,Neuron,54.32,36,51.22
CELL_36959,Fibroblast,60.47,26,63.66
CELL_26326,Fibroblast,107.53,38,73.55
CELL_93821,Stem Cell,25.84,27,80.99
CELL_92528,Epithelial,107.07,18,63.06
CELL_28868,Erythrocyte,106.4,8,90.34
CELL_17604,Erythrocyte,68.9,28,92.47
CELL_12060,Epithelial,95.9,18,76.62
CELL_62657,Fibroblast,63.99,48,83.88
CELL_30786,Epithelial,30.59,26,61.1
CELL_59162,Myocyte,69.36,28,67.95
CELL_32435,Myocyte,96.39,28,89.0
CELL_10712,Erythrocyte,111.53,14,88.71
CELL_30491,Epithelial,57.5,23,58.72
CELL_67116,Myocyte,6.12,50,83.53
CELL_90195,Stem Cell,15.18,18,78.24
CELL_37613,Epithelial,105.83,35,61.46
CELL_94421,Leukocyte,102.69,34,79.59
CELL_96686,Leukocyte,56.76,10,93.72
CELL_70409,Stem Cell,113.73,7,85.81
CELL_83704,Epithelial,15.86,15,72.77
CELL_94628,Epithelial,62.33,15,74.04
CELL_62161,Neuron,63.13,42,74.18
CELL_39417,Erythrocyte,53.24,6,58.29
CELL_63553,Fibroblast,39.77,20,78.15
CELL_98408,Myocyte,19.84,34,84.35
CELL_67461,Epithelial,21.78,16,97.58
CELL_66739,Myocyte,114.95,10,83.07
CELL_14546,Neuron,23.07,19,87.89
CELL_84752,Neuron,73.25,9,91.12
CELL_26523,Fibroblast,108.83,25,50.99
CELL_47815,Neuron,71.6,41,88.45
CELL_34232,Stem Cell,43.51,11,79.07
CELL_73265,Erythrocyte,57.39,45,88.32
CELL_51390,Epithelial,25.94,15,65.5
CELL_34876,Erythrocyte,60.31,41,82.01
CELL_30269,Neuron,9.38,23,55.33
CELL_86735,Stem Cell,69.16,18,63.9
CELL_54342,Epithelial,60.79,35,95.08
CELL_51958,Myocyte,58.41,47,80.1
CELL_54811,Myocyte,88.87,26,64.19
CELL_64093,Epithelial,21.05,11,98.06
CELL_24908,Neuron,109.37,35,52.93
CELL_88810,Myocyte,90.7,26,90.66
CELL_28189,Fibroblast,76.18,39,92.29
CELL_59105,Neuron,9.02,30,94.33
CELL_39379,Leukocyte,99.88,5,62.56
CELL_21001,Myocyte,112.92,18,84.83
CELL_16096,Myocyte,24.42,14,64.51
CELL_33815,Erythrocyte,26.55,6,73.13
CELL_34769,Leukocyte,34.93,27,90.51
CELL_93047,Leukocyte,22.1,46,61.02
CELL_31888,Fibroblast,117.69,24,79.87
CELL_25263,Neuron,8.88,22,72.01
CELL_14711,Epithelial,96.4,10,77.62
CELL_50114,Neuron,79.94,27,84.67
CELL_80952,Fibroblast,8.73,45,66.94
CELL_75545,Myocyte,50.29,10,67.66
CELL_12213,Myocyte,8.34,48,75.0
CELL_12469,Stem Cell,88.79,29,80.54
CELL_33560,Erythrocyte,110.94,39,62.38
CELL_61461,Fibroblast,85.2,10,60.49
CELL_59335,Myocyte,89.43,30,64.38
CELL_30721,Leukocyte,25.14,21,51.61
CELL_25818,Leukocyte,101.31,24,77.31
CELL_56762,Myocyte,99.08,25,81.47
CELL_88872,Erythrocyte,94.06,7,96.23
CELL_48398,Erythrocyte,93.56,31,81.76
CELL_63276,Leukocyte,92.2,32,74.02
CELL_33127,Epithelial,16.37,40,61.06
CELL_93365,Epithelial,70.79,7,61.94
CELL_55921,Myocyte,5.79,30,80.41
CELL_52656,Neuron,115.16,9,66.52
CELL_13711,Fibroblast,80.04,37,95.01
CELL_79122,Neuron,100.05,42,55.61
CELL_38069,Fibroblast,8.97,15,75.02
CELL_27260,Epithelial,21.2,49,99.23
CELL_88200,Epithelial,15.37,42,62.86
CELL_50203,Myocyte,29.99,26,54.19
CELL_82167,Erythrocyte,61.81,13,62.9
CELL_56079,Stem Cell,27.62,13,99.67
CELL_35047,Leukocyte,25.42,22,64.91
CELL_66982,Epithelial,87.12,33,77.0
CELL_52323,Fibroblast,108.46,21,53.37
CELL_87634,Myocyte,105.63,40,55.52
CELL_96803,Fibroblast,100.9,16,51.24
CELL_15410,Leukocyte,58.51,40,55.8
CELL_75305,Epithelial,85.29,29,80.24
CELL_59357,Leukocyte,50.93,29,91.74
CELL_47058,Fibroblast,11.61,30,59.75
CELL_33375,Epithelial,108.66,49,96.34
CELL_76359,Stem Cell,44.36,9,82.49
CELL_79674,Stem Cell,11.44,22,50.08
CELL_33957,Erythrocyte,72.01,18,69.89
CELL_69192,Stem Cell,100.95,39,83.83
CELL_82175,Leukocyte,96.55,17,51.16
CELL_29045,Myocyte,30.21,38,96.18
CELL_99947,Erythrocyte,51.22,9,63.07
CELL_47230,Erythrocyte,87.08,44,96.75
CELL_63920,Fibroblast,110.29,20,55.8
CELL_83861,Erythrocyte,60.07,26,96.5
CELL_53825,Neuron,89.08,38,73.55
CELL_59936,Stem Cell,63.24,15,67.27
CELL_75284,Stem Cell,59.58,23,64.7
CELL_98779,Neuron,107.17,7,57.97
CELL_62230,Stem Cell,84.62,12,76.49
CELL_21212,Erythrocyte,84.39,34,98.91
CELL_43827,Erythrocyte,24.09,50,70.37
CELL_92495,Erythrocyte,69.83,45,58.07
CELL_69275,Epithelial,34.6,40,95.35
CELL_83885,Stem Cell,7.64,30,59.04
CELL_70206,Stem Cell,67.74,24,66.94
CELL_99947,Myocyte,117.57,7,77.09
CELL_82274,Leukocyte,37.18,27,87.73
CELL_41872,Neuron,45.62,43,64.08
CELL_99172,Fibroblast,43.54,48,75.63
CELL_74426,Epithelial,61.09,20,63.92
CELL_98127,Myocyte,15.55,11,87.69
CELL_13856,Stem Cell,90.37,31,68.76
CELL_58076,Fibroblast,8.1,49,97.82
CELL_66518,Myocyte,111.25,43,93.99
CELL_67562,Stem Cell,26.11,16,87.13
CELL_84690,Fibroblast,110.05,38,55.57
CELL_77010,Myocyte,44.42,50,92.21
CELL_92918,Stem Cell,29.65,6,62.85
CELL_17259,Neuron,45.08,30,84.59
CELL_91364,Erythrocyte,18.52,18,57.73
CELL_84484,Fibroblast,109.7,21,92.49
CELL_44475,Stem Cell,103.3,33,82.99
CELL_74272,Epithelial,52.82,16,73.2
CELL_41437,Leukocyte,76.4,25,77.62
CELL_37114,Fibroblast,116.05,27,67.35
CELL_69821,Epithelial,85.68,45,62.39
CELL_81385,Leukocyte,64.77,5,54.52
CELL_79035,Myocyte,64.23,50,86.87
CELL_36931,Erythrocyte,56.14,35,55.13
CELL_14614,Erythrocyte,23.01,35,70.81
CELL_50183,Neuron,90.02,10,57.56
CELL_46434,Neuron,73.72,23,66.17
CELL_43482,Erythrocyte,9.17,21,96.13
CELL_96996,Myocyte,40.05,17,53.87
CELL_75059,Stem Cell,23.85,15,70.35
CELL_53412,Fibroblast,23.84,10,50.58
CELL_73140,Stem Cell,92.38,33,58.38
CELL_51530,Stem Cell,30.12,13,53.48
CELL_11190,Fibroblast,72.67,49,77.69
CELL_51943,Stem Cell,101.82,33,85.11
CELL_10474,Epithelial,64.6,10,66.28
CELL_55507,Stem Cell,28.35,15,72.69
CELL_38299,Stem Cell,6.45,50,83.47
CELL_66377,Leukocyte,48.46,19,62.63
CELL_52055,Stem Cell,41.92,13,75.01
CELL_44628,Neuron,75.18,13,94.0
CELL_15748,Fibroblast,20.93,29,94.39
CELL_20786,Myocyte,105.95,45,53.71
CELL_61282,Neuron,14.9,38,99.77
CELL_19902,Myocyte,82.41,13,74.46
CELL_66805,Erythrocyte,75.91,31,97.87
CELL_15988,Neuron,64.15,46,57.2
CELL_75138,Epithelial,82.79,50,83.56
CELL_55624,Neuron,18.59,7,79.41
CELL_63719,Neuron,117.72,18,79.76
CELL_88659,Epithelial,66.14,43,57.51
CELL_54104,Stem Cell,70.44,12,81.46
CELL_10100,Erythrocyte,24.19,48,77.42
CELL_88368,Erythrocyte,70.95,40,70.61
CELL_85518,Stem Cell,77.27,26,62.89
CELL_12450,Stem Cell,80.01,26,77.27
CELL_98621,Epithelial,89.52,12,57.61
CELL_54311,Epithelial,43.6,12,84.85
CELL_31351,Neuron,71.53,45,90.84
CELL_22268,Leukocyte,60.2,9,83.78
CELL_73628,Leukocyte,82.55,33,90.39
CELL_26818,Erythrocyte,31.69,50,63.97
CELL_47237,Neuron,12.24,11,56.13
CELL_61462,Leukocyte,49.08,35,74.44
CELL_75989,Epithelial,49.11,6,79.69
CELL_33883,Myocyte,115.36,34,76.97
CELL_56661,Stem Cell,114.46,35,67.92
CELL_25583,Fibroblast,119.19,42,92.74
CELL_72091,Stem Cell,40.3,12,64.24
CELL_66006,Fibroblast,50.2,31,56.14
CELL_93295,Leukocyte,81.3,28,90.15
CELL_45622,Erythrocyte,114.04,43,54.92
CELL_50325,Leukocyte,24.48,7,61.41
CELL_15832,Fibroblast,63.72,44,94.24
CELL_95060,Fibroblast,40.45,10,65.98
CELL_39561,Erythrocyte,45.2,27,82.61
CELL_48304,Stem Cell,60.63,22,80.35
CELL_54474,Erythrocyte,76.82,35,92.48
CELL_27219,Erythrocyte,117.9,13,83.1
CELL_41905,Leukocyte,21.37,42,53.25
CELL_11011,Stem Cell,16.99,35,76.45
CELL_63318,Leukocyte,38.01,17,73.19
CELL_19118,Stem Cell,8.51,44,53.95
CELL_45561,Epithelial,45.06,34,87.21
CELL_10700,Epithelial,102.72,17,75.52
CELL_48193,Epithelial,53.64,12,73.5
CELL_51043,Epithelial,10.94,27,56.37
CELL_59622,Myocyte,44.39,36,74.91
CELL_26538,Epithelial,8.31,14,90.9
CELL_10633,Leukocyte,43.74,7,92.37
CELL_81076,Neuron,102.89,7,56.59
CELL_25185,Myocyte,11.07,5,87.17
CELL_60249,Neuron,118.63,43,80.53
CELL_94641,Myocyte,37.96,21,85.81
CELL_60884,Neuron,117.34,15,63.73
CELL_71776,Leukocyte,50.48,5,86.74
CELL_86644,Leukocyte,90.21,38,81.32
CELL_77792,Neuron,51.87,18,95.98
CELL_46605,Epithelial,52.38,23,62.02
CELL_44104,Leukocyte,19.68,21,83.28
CELL_87955,Epithelial,106.33,14,60.7
CELL_51631,Epithelial,6.03,10,58.71
CELL_42059,Erythrocyte,68.98,14,97.27
CELL_14554,Leukocyte,56.45,24,52.48
CELL_49935,Leukocyte,35.92,49,68.79
CELL_57503,Fibroblast,31.07,31,59.97
CELL_54082,Stem Cell,47.35,29,62.4
CELL_68000,Leukocyte,90.04,22,79.67
CELL_42926,Fibroblast,53.14,47,81.38
CELL_52260,Fibroblast,114.53,21,80.62
CELL_49332,Fibroblast,9.0,37,97.72
CELL_46681,Stem Cell,79.31,15,84.72
CELL_35272,Erythrocyte,102.92,23,76.32
CELL_34829,Fibroblast,117.49,35,81.04
CELL_34640,Neuron,9.0,22,86.09
CELL_19846,Epithelial,77.39,16,67.28
CELL_25466,Neuron,65.37,24,52.31
CELL_42089,Stem Cell,38.7,26,95.92
CELL_16628,Leukocyte,12.27,48,86.93
CELL_82981,Leukocyte,109.81,15,99.96
CELL_67730,Stem Cell,115.66,29,74.88
CELL_57315,Fibroblast,8.55,28,87.3
CELL_25749,Myocyte,106.55,11,85.84
CELL_97362,Myocyte,30.79,7,85.59
CELL_81986,Stem Cell,17.48,24,51.27
CELL_99445,Fibroblast,109.75,35,53.12
CELL_44251,Erythrocyte,56.95,25,62.49
CELL_28149,Myocyte,66.11,16,61.31
CELL_56627,Myocyte,45.84,30,88.67
CELL_69766,Fibroblast,97.18,12,67.53
CELL_79283,Stem Cell,103.12,36,76.01
CELL_56133,Leukocyte,115.66,40,96.93
CELL_44161,Leukocyte,43.49,5,64.92
CELL_32145,Neuron,109.62,14,97.61
CELL_84763,Stem Cell,78.73,8,91.33
CELL_91499,Leukocyte,13.99,31,87.25
CELL_25483,Fibroblast,47.45,35,56.03
CELL_85321,Epithelial,65.11,38,72.35
CELL_24625,Myocyte,79.86,46,99.52
CELL_34713,Myocyte,80.94,6,59.43
CELL_40275,Erythrocyte,92.74,49,70.38
CELL_19282,Myocyte,13.78,19,69.08
CELL_13985,Neuron,50.24,23,83.18
CELL_89754,Leukocyte,115.03,24,76.62
CELL_21779,Stem Cell,8.16,28,88.52
CELL_67916,Fibroblast,102.69,12,52.13
CELL_36100,Myocyte,19.67,20,55.37
CELL_86734,Erythrocyte,23.01,23,67.16
CELL_82851,Erythrocyte,32.1,29,59.87
CELL_45804,Neuron,70.36,22,58.41
CELL_65034,Erythrocyte,51.68,24,52.38
CELL_41138,Fibroblast,58.57,44,83.7
CELL_67515,Erythrocyte,118.08,18,90.02
CELL_63564,Myocyte,6.97,34,65.49
CELL_53609,Erythrocyte,112.14,39,57.58
CELL_33758,Stem Cell,19.81,29,65.84
CELL_57577,Epithelial,112.78,20,85.15
CELL_92454,Leukocyte,90.84,19,90.87
CELL_20881,Epithelial,55.61,20,75.2
CELL_10293,Epithelial,109.7,17,77.44
CELL_61621,Neuron,17.89,48,86.78
CELL_42260,Myocyte,28.06,35,63.64
CELL_88857,Fibroblast,78.65,7,70.11
CELL_16733,Neuron,97.34,36,89.51
CELL_94612,Leukocyte,53.74,19,64.68
CELL_73068,Leukocyte,63.25,16,50.99
CELL_68150,Stem Cell,38.93,7,90.77
CELL_95619,Myocyte,8.39,43,52.42
CELL_52281,Neuron,60.0,50,84.21
CELL_67448,Epithelial,117.59,46,76.07
CELL_69652,Epithelial,85.65,31,88.08
CELL_75468,Fibroblast,100.65,25,58.48
CELL_97888,Stem Cell,12.26,33,95.17
CELL_26191,Fibroblast,59.45,21,82.48
CELL_75173,Erythrocyte,32.21,49,65.23
CELL_33959,Leukocyte,100.85,5,93.94
CELL_43928,Epithelial,18.08,13,65.82
CELL_43652,Stem Cell,69.67,46,73.26
CELL_44929,Myocyte,85.34,14,75.57
CELL_83020,Myocyte,18.58,14,76.83
CELL_27553,Neuron,81.3,27,71.05
CELL_88842,Stem Cell,71.83,9,94.18
CELL_71686,Fibroblast,44.43,46,59.32
CELL_42970,Stem Cell,102.09,31,76.55
CELL_55606,Epithelial,93.0,27,79.78
CELL_75790,Stem Cell,76.17,17,69.11
CELL_79974,Leukocyte,18.13,42,63.62
CELL_97352,Neuron,79.38,49,89.92
CELL_67414,Neuron,101.58,31,86.71
CELL_44927,Myocyte,94.15,34,86.09
CELL_52954,Leukocyte,40.54,6,71.38
CELL_11223,Epithelial,112.4,24,95.19
CELL_52877,Myocyte,32.67,45,58.77
CELL_37023,Stem Cell,86.58,5,72.93
CELL_73264,Fibroblast,103.35,29,69.87
CELL_47007,Leukocyte,49.06,16,65.52
CELL_98766,Leukocyte,98.35,8,64.7
CELL_91581,Leukocyte,48.03,28,79.61
CELL_59576,Myocyte,40.96,23,86.88
CELL_74746,Stem Cell,82.81,30,61.0
CELL_12141,Epithelial,28.5,40,80.74
CELL_52306,Neuron,26.49,46,98.78
CELL_59200,Erythrocyte,88.02,40,87.07
CELL_86788,Fibroblast,85.15,40,85.5
CELL_47416,Neuron,90.24,19,95.39
CELL_59549,Erythrocyte,18.99,44,82.93
CELL_46102,Erythrocyte,115.93,44,67.94
CELL_55712,Fibroblast,66.9,27,99.97
CELL_56166,Neuron,24.26,11,62.01
CELL_61052,Myocyte,54.12,15,80.76
CELL_37696,Stem Cell,24.28,39,60.11
CELL_70909,Myocyte,15.87,33,68.26
CELL_87631,Neuron,14.89,45,76.9
CELL_95093,Neuron,28.3,25,87.59
CELL_94823,Stem Cell,40.29,21,50.86
CELL_11130,Erythrocyte,32.25,47,94.04
CELL_41960,Stem Cell,61.39,23,99.98
CELL_35923,Fibroblast,60.79,33,90.96
CELL_39031,Fibroblast,29.71,12,75.6
CELL_22223,Erythrocyte,81.56,40,85.48
CELL_83318,Epithelial,95.99,24,67.23
CELL_85841,Myocyte,17.26,9,95.44
CELL_15792,Leukocyte,56.44,15,80.12
CELL_85689,Erythrocyte,113.0,22,95.25
CELL_42543,Myocyte,58.2,41,51.7
CELL_21012,Erythrocyte,12.81,15,54.53
CELL_28670,Leukocyte,49.54,10,78.23
CELL_69662,Fibroblast,28.26,43,67.78
CELL_39970,Epithelial,91.2,12,89.73
CELL_93783,Neuron,57.29,39,69.26
CELL_98709,Fibroblast,34.65,19,56.99
CELL_17196,Stem Cell,57.22,26,79.35
CELL_90717,Leukocyte,14.76,22,75.41
CELL_30948,Leukocyte,92.55,9,59.67
CELL_35647,Fibroblast,37.6,23,86.16
CELL_37670,Erythrocyte,115.06,38,83.3
CELL_97454,Erythrocyte,100.15,26,79.6
CELL_61271,Stem Cell,91.73,46,58.31
CELL_15868,Epithelial,87.1,6,81.61
CELL_45970,Myocyte,51.93,26,84.55
CELL_62381,Myocyte,46.18,27,84.99
CELL_89452,Fibroblast,5.57,19,61.48
CELL_90910,Stem Cell,81.93,34,63.82
CELL_96623,Leukocyte,116.73,44,72.74
CELL_47368,Fibroblast,39.25,46,68.73
CELL_89823,Fibroblast,57.23,39,88.54
CELL_96864,Leukocyte,23.61,23,54.97
CELL_19069,Epithelial,81.54,7,61.85
CELL_71724,Stem Cell,37.99,18,73.2
CELL_38821,Epithelial,19.19,22,54.71
CELL_76202,Stem Cell,69.73,42,50.19
CELL_55469,Leukocyte,65.92,26,52.21
CELL_39368,Erythrocyte,6.78,28,75.62
CELL_33730,Myocyte,98.66,20,78.98
CELL_13824,Erythrocyte,55.33,38,85.41
CELL_64539,Neuron,35.51,25,63.44
CELL_45834,Stem Cell,13.15,19,71.23
CELL_27611,Epithelial,47.18,15,73.16
CELL_41195,Neuron,39.81,43,50.45
CELL_51016,Myocyte,110.93,49,90.57
CELL_12322,Erythrocyte,8.09,20,97.4
CELL_96375,Stem Cell,103.1,17,75.61
CELL_14462,Fibroblast,28.34,49,59.89
CELL_92182,Myocyte,32.02,22,93.7
CELL_78632,Erythrocyte,31.78,5,95.51
CELL_23614,Stem Cell,64.8,25,59.1
CELL_18791,Epithelial,79.97,10,85.11
CELL_66111,Neuron,81.1,25,91.36
CELL_65394,Leukocyte,73.52,11,53.92
CELL_94553,Stem Cell,67.52,12,63.56
CELL_56085,Epithelial,32.78,27,59.37
CELL_26256,Epithelial,12.98,47,95.74
CELL_59370,Epithelial,90.15,15,54.95
CELL_30344,Myocyte,89.94,20,81.94
CELL_10786,Erythrocyte,36.64,33,59.97
CELL_45861,Fibroblast,39.12,12,68.69
CELL_88869,Myocyte,5.94,49,98.58
CELL_43734,Fibroblast,27.28,25,58.08
CELL_15312,Epithelial,101.64,9,55.35
CELL_70659,Leukocyte,90.35,19,61.8
CELL_64638,Myocyte,103.13,20,90.24
CELL_81601,Myocyte,86.36,13,77.74
CELL_18294,Erythrocyte,80.65,50,77.64
CELL_47950,Myocyte,76.17,40,61.06
CELL_56146,Neuron,46.87,29,75.0
CELL_50163,Neuron,55.93,48,76.7
CELL_75452,Neuron,13.89,45,55.61
CELL_79833,Myocyte,74.4,11,87.12
CELL_60079,Fibroblast,79.09,15,58.8
CELL_55551,Stem Cell,63.59,28,51.74
CELL_36485,Leukocyte,118.8,12,86.32
CELL_15647,Leukocyte,92.97,8,87.6
CELL_13648,Neuron,104.02,34,50.02
CELL_76277,Myocyte,45.94,10,71.21
CELL_53091,Fibroblast,9.55,18,91.53
CELL_84926,Neuron,95.74,10,89.46
CELL_93681,Fibroblast,104.66,22,77.49
CELL_45996,Erythrocyte,42.73,29,52.45
CELL_25736,Fibroblast,20.86,40,99.75
CELL_72106,Myocyte,52.59,18,96.69
CELL_21545,Leukocyte,15.95,37,75.12
CELL_44122,Stem Cell,85.07,47,71.48
CELL_78326,Epithelial,75.26,40,71.13
CELL_10466,Erythrocyte,35.17,15,59.34
CELL_72507,Erythrocyte,52.2,46,53.18
CELL_65425,Myocyte,22.4,40,69.15
CELL_47046,Myocyte,7.03,26,56.17
CELL_43265,Neuron,90.59,30,98.98
CELL_48752,Fibroblast,105.84,41,61.39
CELL_42342,Leukocyte,48.2,49,67.72
CELL_93915,Erythrocyte,36.47,41,82.28
CELL_92396,Erythrocyte,18.43,14,55.81
CELL_96064,Fibroblast,43.12,50,60.18
CELL_36744,Myocyte,38.38,36,99.31
CELL_41273,Stem Cell,107.48,15,88.26
CELL_47425,Myocyte,98.47,20,90.89
CELL_80059,Neuron,101.02,43,80.99
CELL_21731,Leukocyte,10.8,33,58.97
CELL_90310,Erythrocyte,88.16,26,96.43
CELL_74717,Myocyte,89.39,48,64.25
CELL_74408,Fibroblast,56.19,39,86.71
CELL_10011,Erythrocyte,93.42,32,74.94
CELL_57918,Fibroblast,82.62,46,78.56
CELL_93931,Epithelial,84.33,36,85.77
CELL_87827,Leukocyte,86.43,45,72.63
CELL_11523,Fibroblast,82.21,43,98.31
CELL_91230,Myocyte,95.45,44,76.52
CELL_65175,Leukocyte,75.75,22,87.39
CELL_71296,Myocyte,106.21,13,92.01
CELL_68705,Erythrocyte,98.38,7,87.15
CELL_29670,Leukocyte,89.49,33,85.84
CELL_62700,Stem Cell,66.51,12,84.16
CELL_23638,Leukocyte,85.8,48,90.78
CELL_58131,Leukocyte,59.82,21,71.85
CELL_67571,Leukocyte,70.9,27,51.45
CELL_21622,Fibroblast,10.31,43,74.51
CELL_41245,Leukocyte,102.94,18,63.96
CELL_20348,Myocyte,52.65,36,87.5
CELL_28045,Neuron,48.96,17,57.58
CELL_73110,Erythrocyte,28.76,46,61.15
CELL_61033,Erythrocyte,30.86,23,80.42
CELL_15242,Fibroblast,5.47,30,73.96
CELL_90327,Epithelial,23.01,16,75.75
CELL_84410,Fibroblast,22.59,18,53.25
CELL_16392,Fibroblast,27.08,49,81.38
CELL_31174,Myocyte,109.85,35,65.24
CELL_98432,Erythrocyte,25.62,37,53.6
CELL_52326,Myocyte,25.79,12,58.62
CELL_74546,Myocyte,92.0,26,88.69
CELL_40191,Epithelial,23.88,39,71.1
CELL_68994,Fibroblast,53.22,34,85.29
CELL_29081,Fibroblast,95.97,34,71.48
CELL_16813,Stem Cell,61.03,34,78.78
CELL_20115,Fibroblast,12.84,16,88.44
CELL_20853,Neuron,9.86,15,65.06
CELL_54326,Erythrocyte,84.87,30,92.78
CELL_99274,Leukocyte,100.47,26,70.6
CELL_48787,Erythrocyte,108.01,12,96.05
CELL_38453,Leukocyte,63.98,48,76.51
CELL_13294,Erythrocyte,21.88,48,51.96
CELL_40242,Fibroblast,56.73,30,87.1
CELL_34219,Stem Cell,66.4,41,55.22
CELL_90398,Stem Cell,80.55,35,98.83
CELL_41114,Erythrocyte,35.38,45,97.01
CELL_16428,Leukocyte,67.91,40,51.02
CELL_12524,Erythrocyte,46.77,11,67.79
CELL_50598,Fibroblast,7.59,45,52.45
CELL_39393,Epithelial,49.98,6,62.23
CELL_21309,Fibroblast,103.41,39,70.7
CELL_99952,Leukocyte,31.42,32,89.89
CELL_22116,Neuron,98.94,44,93.0
CELL_67092,Epithelial,93.79,26,89.95
CELL_63671,Neuron,28.21,43,74.3
CELL_98387,Neuron,60.67,33,93.17
CELL_70292,Fibroblast,114.64,48,77.13
CELL_68567,Myocyte,38.79,25,74.28
CELL_59780,Erythrocyte,34.78,18,54.33
CELL_37398,Epithelial,83.4,13,88.38
CELL_58702,Epithelial,88.45,28,57.22
CELL_69691,Erythrocyte,89.88,12,93.21
CELL_78288,Fibroblast,50.37,45,75.24
CELL_86464,Neuron,67.72,43,74.4
CELL_32154,Leukocyte,23.91,14,56.33
CELL_39621,Epithelial,27.11,13,88.84
CELL_88298,Stem Cell,88.99,41,74.76
CELL_77873,Leukocyte,63.47,45,53.84
CELL_40898,Erythrocyte,19.12,31,55.25
CELL_33668,Myocyte,57.97,6,85.47
CELL_98047,Myocyte,44.74,18,80.06
CELL_75395,Neuron,58.91,11,89.1
CELL_44757,Stem Cell,39.26,18,73.62
CELL_97076,Stem Cell,25.97,12,50.43
CELL_48528,Erythrocyte,27.3,32,66.04
CELL_17886,Fibroblast,110.68,5,61.35
CELL_84046,Stem Cell,91.04,27,52.84
CELL_83067,Myocyte,87.24,48,83.46
CELL_16407,Erythrocyte,61.05,29,54.67
CELL_61306,Erythrocyte,10.96,7,98.79
CELL_79815,Erythrocyte,50.43,21,86.44
CELL_34374,Stem Cell,98.33,44,92.93
CELL_48929,Stem Cell,66.12,23,97.45
CELL_79076,Fibroblast,75.29,11,91.05
CELL_75548,Erythrocyte,119.14,22,78.03
CELL_64245,Neuron,96.17,30,95.15
CELL_39570,Leukocyte,82.36,27,94.61
CELL_91469,Stem Cell,96.59,17,50.77
CELL_82606,Epithelial,20.88,7,52.52
CELL_76953,Neuron,45.44,5,90.27
CELL_49062,Stem Cell,48.75,32,62.34
CELL_95797,Neuron,37.18,35,70.4
CELL_49029,Epithelial,111.6,37,56.87
CELL_87280,Stem Cell,47.21,19,79.07
CELL_81536,Stem Cell,94.29,36,85.83
CELL_97655,Epithelial,88.19,27,85.63
CELL_43999,Leukocyte,112.1,10,95.81
CELL_76427,Erythrocyte,104.99,46,77.24
CELL_85652,Epithelial,32.68,49,68.55
CELL_92192,Stem Cell,113.08,16,58.66
CELL_84865,Epithelial,67.35,11,57.58
CELL_77421,Neuron,94.54,33,55.76
CELL_43505,Epithelial,18.35,19,85.41
CELL_73793,Fibroblast,58.53,23,71.06
CELL_85800,Neuron,23.43,16,71.6
CELL_38616,Erythrocyte,101.56,32,60.8
CELL_95516,Leukocyte,108.81,30,69.75
CELL_48922,Stem Cell,88.52,38,80.07
CELL_56811,Epithelial,63.79,12,87.61
CELL_35395,Stem Cell,99.78,15,72.31
CELL_15928,Myocyte,96.32,44,78.69
CELL_89538,Epithelial,30.69,16,61.02
CELL_58241,Neuron,20.7,20,58.06
CELL_90173,Erythrocyte,109.15,30,89.93
CELL_95276,Erythrocyte,64.06,30,87.66
CELL_95129,Epithelial,68.82,44,66.69
CELL_82537,Stem Cell,28.43,19,84.53
CELL_94122,Erythrocyte,114.6,39,90.92
CELL_47847,Epithelial,9.35,35,83.78
CELL_78958,Erythrocyte,31.68,9,92.61
CELL_51710,Neuron,11.4,37,91.17
CELL_87543,Epithelial,97.89,27,93.05
CELL_83384,Leukocyte,12.21,30,67.63
CELL_50667,Neuron,107.79,50,85.32
CELL_73691,Erythrocyte,88.63,31,83.0
CELL_16911,Epithelial,66.18,39,53.31
CELL_19758,Myocyte,62.95,34,79.94
CELL_85484,Neuron,27.51,9,59.7
CELL_62457,Neuron,55.75,48,93.62
CELL_55761,Epithelial,116.84,44,61.15
CELL_28112,Myocyte,13.06,38,51.25
CELL_47219,Stem Cell,22.26,23,51.53
CELL_82270,Myocyte,84.21,12,54.49
CELL_18798,Erythrocyte,77.03,37,74.64
CELL_31410,Leukocyte,104.18,40,64.36
CELL_37167,Neuron,55.79,42,84.56
CELL_73885,Myocyte,51.09,7,74.79
CELL_49560,Leukocyte,78.54,23,58.33
CELL_37700,Erythrocyte,70.85,41,92.81
CELL_91838,Stem Cell,57.39,13,82.23
CELL_41356,Leukocyte,88.13,28,57.12
CELL_94399,Myocyte,7.91,47,53.92
CELL_38222,Epithelial,29.84,40,57.43
CELL_47541,Neuron,96.08,12,91.34
CELL_56939,Myocyte,24.57,8,80.12
CELL_80823,Fibroblast,41.93,19,99.47
CELL_41177,Fibroblast,108.04,46,96.7
CELL_80203,Fibroblast,39.41,31,83.1
CELL_81272,Erythrocyte,8.42,37,75.38
CELL_52177,Stem Cell,101.65,48,96.88
CELL_84931,Neuron,95.3,43,61.1
CELL_56001,Myocyte,85.95,44,89.24
CELL_20786,Leukocyte,87.89,13,97.92
CELL_46146,Epithelial,26.16,14,61.45
CELL_17066,Epithelial,110.59,42,72.6
CELL_40477,Fibroblast,110.41,41,92.38
CELL_69035,Myocyte,25.84,40,82.26
CELL_70627,Leukocyte,77.38,41,61.17
CELL_71365,Myocyte,19.9,42,94.53
CELL_92909,Fibroblast,14.63,11,64.83
CELL_18629,Epithelial,58.2,12,64.06
CELL_64432,Erythrocyte,69.04,48,83.17
CELL_78731,Myocyte,14.4,39,78.93
CELL_14211,Stem Cell,101.63,42,69.65
CELL_45547,Myocyte,8.38,27,90.8
CELL_52721,Erythrocyte,51.61,23,70.17
CELL_57584,Neuron,76.94,13,81.73
CELL_49334,Myocyte,69.17,16,51.81
CELL_62037,Fibroblast,30.27,25,77.73
CELL_22627,Stem Cell,6.4,18,72.58
CELL_88664,Epithelial,6.97,37,86.14
CELL_62547,Epithelial,60.08,24,88.43
CELL_66832,Neuron,43.16,26,81.11
CELL_93708,Neuron,42.02,18,61.67
CELL_93682,Leukocyte,94.16,15,94.17
CELL_57139,Leukocyte,55.24,19,82.1
CELL_17664,Leukocyte,88.3,10,78.6
CELL_85452,Fibroblast,114.12,12,79.42
CELL_63204,Epithelial,111.92,11,76.2
CELL_69674,Neuron,17.25,46,75.68
CELL_27602,Fibroblast,118.22,44,97.38
CELL_87410,Stem Cell,96.05,46,77.58
CELL_83101,Fibroblast,18.26,48,73.46
CELL_49463,Neuron,5.96,48,84.4
CELL_83662,Erythrocyte,15.83,49,55.27
CELL_78543,Stem Cell,16.25,20,75.08
CELL_31960,Fibroblast,47.86,13,51.81
CELL_88264,Erythrocyte,38.86,9,66.16
CELL_51776,Erythrocyte,111.56,48,67.2
CELL_64549,Fibroblast,119.57,11,57.87
CELL_94430,Myocyte,74.49,11,54.82
CELL_66564,Neuron,110.81,42,79.23
CELL_91254,Fibroblast,39.34,24,64.37
CELL_20031,Epithelial,89.46,50,54.01
CELL_91123,Epithelial,106.05,22,96.08
CELL_51172,Erythrocyte,62.27,8,71.31
CELL_58663,Epithelial,73.82,37,96.61
CELL_73089,Leukocyte,76.22,32,50.16
CELL_28305,Stem Cell,20.0,47,68.63
CELL_20125,Neuron,72.41,8,91.66
CELL_74241,Fibroblast,35.56,33,85.1
CELL_26807,Epithelial,63.42,44,83.04
CELL_36112,Neuron,48.89,10,91.16
CELL_48144,Erythrocyte,88.1,35,77.19
CELL_42256,Fibroblast,51.52,12,65.82
CELL_79471,Epithelial,5.11,22,55.19
CELL_45779,Neuron,17.8,16,57.66
CELL_94209,Leukocyte,69.49,16,70.66
CELL_34550,Leukocyte,109.07,44,82.14
CELL_41074,Neuron,70.3,37,61.93
CELL_54935,Leukocyte,90.5,9,92.38
CELL_17314,Myocyte,30.63,41,75.71
CELL_32363,Epithelial,113.27,45,74.4
CELL_94592,Stem Cell,73.18,41,55.39
CELL_14486,Myocyte,54.21,6,72.13
CELL_15002,Leukocyte,69.25,32,77.3
CELL_51007,Myocyte,65.96,8,57.9
CELL_76956,Stem Cell,84.26,8,68.06
CELL_62852,Fibroblast,12.64,32,70.86
CELL_47609,Fibroblast,70.28,44,62.11
CELL_90168,Epithelial,105.17,42,84.05
CELL_20730,Epithelial,49.42,38,57.01
CELL_56366,Fibroblast,62.05,9,78.37
CELL_70695,Erythrocyte,61.12,8,98.57
CELL_77494,Neuron,73.53,31,65.14
CELL_36161,Epithelial,40.97,31,50.22
CELL_21884,Epithelial,57.18,10,81.82
CELL_41174,Leukocyte,112.83,17,99.03
CELL_26706,Fibroblast,113.41,40,59.51
CELL_56788,Fibroblast,53.47,45,90.65
CELL_78903,Myocyte,71.45,29,96.61
CELL_18653,Neuron,80.0,35,97.31
CELL_38596,Erythrocyte,80.93,9,57.24
CELL_80801,Myocyte,15.38,36,77.17
CELL_81684,Stem Cell,82.64,24,60.59
CELL_35623,Leukocyte,52.61,14,56.35
CELL_64787,Leukocyte,118.72,23,50.6
CELL_97948,Fibroblast,54.05,16,65.79
CELL_69447,Myocyte,87.95,35,98.34
CELL_76557,Leukocyte,84.67,25,78.48
CELL_53723,Myocyte,8.9,34,82.97
CELL_72095,Stem Cell,31.57,11,71.68
CELL_26628,Erythrocyte,40.78,27,73.34
CELL_24414,Myocyte,6.27,15,90.73
CELL_17343,Epithelial,105.38,20,71.78
CELL_78980,Stem Cell,34.65,18,52.06
CELL_59442,Stem Cell,86.71,17,82.37
CELL_86151,Stem Cell,85.11,8,87.56
CELL_69942,Leukocyte,60.48,24,73.87
CELL_47597,Fibroblast,45.02,29,67.13
CELL_65777,Neuron,89.46,47,65.24
CELL_20012,Epithelial,84.17,44,52.7
CELL_86332,Epithelial,5.38,9,74.46
CELL_49494,Leukocyte,53.61,5,71.42
CELL_90878,Neuron,100.83,29,71.15
CELL_84130,Neuron,21.57,21,91.41
CELL_86229,Neuron,77.64,26,53.63
CELL_54009,Neuron,58.77,17,68.67
CELL_26071,Myocyte,49.06,44,95.29
CELL_80806,Epithelial,43.45,44,93.38
CELL_23910,Myocyte,54.62,41,51.39
CELL_59453,Myocyte,7.14,45,51.93
CELL_36262,Stem Cell,94.06,43,91.55
CELL_12850,Neuron,21.95,28,58.29
CELL_29556,Epithelial,106.74,10,87.71
CELL_39121,Epithelial,75.76,19,70.27
CELL_53951,Leukocyte,74.15,34,80.3
CELL_36720,Stem Cell,87.04,45,73.18
CELL_47122,Neuron,26.12,14,84.38
CELL_46712,Erythrocyte,99.39,10,99.66
CELL_31775,Neuron,16.3,25,94.76
CELL_71482,Epithelial,80.47,47,79.47
CELL_78066,Myocyte,72.77,36,93.52
CELL_35188,Leukocyte,35.38,13,58.81
CELL_50457,Epithelial,77.79,49,78.58
CELL_61682,Fibroblast,101.48,34,57.38
CELL_23305,Leukocyte,118.79,44,57.74
CELL_84434,Fibroblast,84.28,12,99.51
CELL_56399,Fibroblast,92.25,19,75.65
CELL_48862,Epithelial,11.14,46,67.22
CELL_26345,Epithelial,72.12,31,78.28
CELL_82727,Fibroblast,108.96,50,62.59
CELL_78355,Epithelial,33.76,33,52.45
CELL_29248,Neuron,119.43,26,86.61
CELL_62644,Neuron,11.21,12,75.16
CELL_37237,Epithelial,40.63,7,68.66
CELL_39211,Stem Cell,48.37,49,97.5
CELL_88981,Epithelial,118.62,9,51.05
CELL_86292,Myocyte,49.73,44,52.91
CELL_22580,Erythrocyte,73.5,18,53.05
CELL_48062,Myocyte,37.38,25,94.93
CELL_61583,Leukocyte,50.0,20,98.35
CELL_25704,Epithelial,12.06,15,66.66
CELL_14469,Myocyte,81.9,27,59.9
CELL_59615,Neuron,111.73,32,54.77
CELL_54687,Fibroblast,34.49,6,97.27
CELL_23328,Neuron,34.03,33,60.97
CELL_11508,Fibroblast,51.29,41,68.4
CELL_44011,Epithelial,101.15,21,82.1
CELL_53764,Leukocyte,106.56,45,99.83
CELL_68619,Stem Cell,46.2,46,86.79
CELL_89038,Stem Cell,68.09,37,97.16
CELL_73468,Leukocyte,62.06,45,82.04
CELL_82984,Epithelial,43.78,30,63.01
CELL_70675,Myocyte,91.51,8,69.83
CELL_93924,Fibroblast,54.32,48,79.2
CELL_65813,Neuron,17.61,15,96.6
CELL_71314,Fibroblast,77.79,12,96.55
CELL_46450,Myocyte,113.78,8,56.32
CELL_87313,Epithelial,46.15,19,73.05
CELL_43117,Myocyte,71.0,19,99.67
CELL_95981,Neuron,80.95,14,71.83
CELL_14982,Stem Cell,6.01,42,90.35
CELL_22241,Leukocyte,74.21,41,88.74
CELL_26989,Myocyte,27.25,28,62.63
CELL_83242,Erythrocyte,48.73,31,97.84
CELL_58334,Neuron,108.82,37,52.91
CELL_91681,Erythrocyte,49.45,26,64.63
CELL_64109,Myocyte,44.73,38,78.63
CELL_26431,Leukocyte,34.12,47,61.29
CELL_47329,Neuron,41.35,23,90.74
CELL_16238,Neuron,87.38,50,69.04
CELL_69941,Neuron,9.04,27,69.25
CELL_51888,Epithelial,10.82,24,95.04
CELL_66546,Myocyte,53.8,6,58.35
CELL_24550,Stem Cell,98.62,6,87.17
CELL_73171,Erythrocyte,55.04,43,55.51
CELL_80705,Epithelial,33.03,6,98.85
CELL_12107,Leukocyte,110.46,13,82.81
CELL_59482,Erythrocyte,24.22,13,63.31
CELL_10544,Stem Cell,41.87,19,70.94
CELL_30252,Neuron,72.4,15,52.65
CELL_12681,Neuron,67.77,31,84.11
CELL_28315,Fibroblast,59.41,36,56.99
CELL_47987,Myocyte,30.5,33,93.97
CELL_59231,Leukocyte,115.69,41,83.14
CELL_87735,Fibroblast,106.5,25,56.44
CELL_90988,Erythrocyte,18.06,39,91.65
CELL_15854,Neuron,40.09,44,69.39
CELL_44903,Fibroblast,49.08,43,71.71
CELL_49746,Stem Cell,76.39,20,92.67
CELL_49638,Epithelial,28.38,21,89.01
CELL_30516,Myocyte,37.79,24,53.86
CELL_12715,Myocyte,92.81,16,69.05
CELL_70808,Erythrocyte,58.07,32,74.87
CELL_12241,Epithelial,40.1,25,56.21
CELL_17574,Leukocyte,87.2,20,60.7
CELL_46929,Leukocyte,33.57,45,68.91
CELL_29362,Fibroblast,83.09,42,53.24
CELL_70252,Neuron,31.8,35,87.53
CELL_46862,Epithelial,60.42,5,76.49
CELL_48313,Erythrocyte,6.95,28,85.15
CELL_87949,Fibroblast,8.81,32,55.55
CELL_40530,Epithelial,90.56,49,63.5
CELL_37255,Myocyte,30.42,20,92.22
CELL_71214,Epithelial,49.46,12,78.35
CELL_69362,Erythrocyte,102.93,38,73.01
CELL_42838,Myocyte,27.7,18,72.22
CELL_71127,Epithelial,89.71,22,95.34
CELL_99786,Myocyte,113.1,6,99.01
CELL_12316,Myocyte,36.32,45,72.39
CELL_97131,Neuron,84.08,14,52.95
CELL_43157,Epithelial,59.99,22,91.86
CELL_82503,Fibroblast,87.59,18,98.36
CELL_63191,Epithelial,85.16,29,68.41
CELL_39216,Erythrocyte,78.98,11,95.64
CELL_48962,Neuron,110.92,21,83.88
CELL_79429,Erythrocyte,106.5,37,90.11
CELL_60301,Epithelial,63.1,28,81.5
CELL_83370,Myocyte,97.85,8,93.93
CELL_14390,Leukocyte,79.49,47,58.42
CELL_38043,Epithelial,113.57,29,74.62
CELL_71561,Stem Cell,60.93,45,68.39
CELL_15295,Epithelial,73.82,25,71.2
CELL_39936,Erythrocyte,5.39,33,94.78
CELL_82530,Neuron,116.77,12,80.35
CELL_73527,Leukocyte,90.13,13,91.03
CELL_63180,Leukocyte,89.13,34,51.88
CELL_26240,Erythrocyte,55.31,19,75.44
CELL_89175,Myocyte,73.79,6,91.77
CELL_62174,Stem Cell,88.03,10,96.31
CELL_55047,Fibroblast,44.2,40,97.31
CELL_75128,Epithelial,91.68,19,64.15
CELL_97749,Neuron,42.93,42,74.06
CELL_45166,Erythrocyte,27.47,27,97.95
CELL_10736,Fibroblast,75.95,8,58.41
CELL_47984,Myocyte,86.92,44,96.76
CELL_81681,Fibroblast,15.13,50,69.9
CELL_61742,Erythrocyte,71.74,26,79.25
CELL_31789,Neuron,22.82,24,55.14
CELL_40605,Myocyte,67.97,26,62.04
CELL_84174,Neuron,46.36,14,76.87
CELL_35938,Stem Cell,9.63,44,70.89
CELL_10886,Epithelial,37.36,7,98.94
CELL_62931,Neuron,39.51,49,72.02
CELL_20992,Fibroblast,79.88,50,50.55
CELL_13345,Stem Cell,31.24,31,56.99
CELL_79029,Erythrocyte,95.56,29,83.83
CELL_10549,Stem Cell,17.9,31,54.45
CELL_37845,Leukocyte,42.4,28,82.85
CELL_58256,Stem Cell,74.64,35,66.68
CELL_88801,Fibroblast,70.66,45,62.52
CELL_68611,Myocyte,44.76,16,93.73
CELL_52204,Fibroblast,118.78,47,57.23
CELL_49061,Leukocyte,17.27,26,90.13
CELL_16591,Neuron,9.35,5,62.43
CELL_54803,Leukocyte,93.49,17,74.59
CELL_71367,Neuron,116.38,42,98.62
CELL_41591,Leukocyte,79.44,34,91.4
CELL_10950,Stem Cell,59.39,50,57.11
CELL_21600,Stem Cell,29.0,8,81.49
CELL_12860,Neuron,51.88,43,86.89
CELL_16757,Leukocyte,14.91,29,87.52
CELL_41562,Stem Cell,64.55,10,57.69
CELL_47273,Erythrocyte,115.69,47,76.17
CELL_16346,Myocyte,48.79,37,65.04
CELL_76075,Leukocyte,15.61,35,71.9
CELL_55682,Stem Cell,65.48,17,78.74
CELL_96658,Neuron,17.07,28,85.99
CELL_54369,Fibroblast,65.95,19,85.09
CELL_51183,Erythrocyte,77.24,38,51.77
CELL_98687,Myocyte,82.31,50,87.69
CELL_38309,Neuron,48.07,41,54.13
CELL_29602,Fibroblast,23.57,11,64.31
CELL_44779,Erythrocyte,22.2,14,64.6
CELL_62832,Stem Cell,73.79,23,95.9
CELL_66248,Leukocyte,24.77,18,97.68
CELL_55059,Erythrocyte,105.71,27,76.58
CELL_90541,Neuron,41.69,30,70.51
CELL_21794,Epithelial,66.93,19,65.41
CELL_88666,Myocyte,11.04,23,53.17
CELL_79045,Stem Cell,30.99,45,56.45
CELL_94391,Leukocyte,85.16,12,59.06
CELL_86938,Fibroblast,119.05,46,91.13
CELL_51951,Fibroblast,14.27,16,58.99
CELL_46391,Fibroblast,87.74,29,62.71
CELL_88875,Stem Cell,90.49,29,84.91
CELL_18604,Epithelial,109.97,21,60.9
CELL_62019,Erythrocyte,109.37,28,65.53
CELL_89593,Stem Cell,57.08,39,64.51
CELL_95078,Leukocyte,48.97,30,88.62
CELL_45744,Fibroblast,110.47,25,56.33
CELL_79607,Epithelial,79.34,40,79.27
CELL_62755,Leukocyte,7.9,24,95.18
CELL_48771,Neuron,41.79,15,77.76
CELL_37646,Leukocyte,34.2,10,94.23
CELL_78241,Leukocyte,50.9,36,73.0
CELL_15688,Myocyte,31.55,28,80.15
CELL_30418,Neuron,54.36,42,70.29
CELL_33374,Leukocyte,70.99,34,91.6
CELL_96333,Myocyte,44.94,47,77.22
CELL_93884,Stem Cell,39.79,14,96.93
CELL_72497,Stem Cell,21.8,16,92.07
CELL_44961,Neuron,59.98,9,59.65
CELL_93146,Epithelial,73.83,13,68.29
CELL_83887,Stem Cell,45.54,48,90.82
CELL_71952,Fibroblast,53.69,9,57.43
CELL_78842,Leukocyte,91.3,44,97.64
CELL_32595,Epithelial,95.02,26,89.14
CELL_26978,Stem Cell,78.14,20,96.68
CELL_32392,Leukocyte,92.46,28,61.85
CELL_37035,Neuron,97.27,25,55.43
CELL_63494,Fibroblast,56.68,25,86.54
CELL_91716,Myocyte,112.94,50,76.71
CELL_20361,Epithelial,78.14,10,57.5
CELL_14669,Stem Cell,51.53,9,68.16
CELL_27903,Fibroblast,8.14,40,82.95
CELL_53028,Leukocyte,96.72,33,76.46
CELL_41383,Stem Cell,25.49,39,81.35
CELL_82830,Erythrocyte,83.89,45,60.85
CELL_49643,Epithelial,60.03,12,74.24
CELL_78330,Stem Cell,68.73,50,61.33
CELL_79845,Neuron,23.46,27,70.21
CELL_88279,Myocyte,22.7,44,66.18
CELL_18089,Epithelial,57.14,6,51.13
CELL_35705,Erythrocyte,73.35,44,55.12
CELL_47821,Fibroblast,48.0,42,83.57
CELL_44639,Neuron,32.07,25,76.1
CELL_74138,Leukocyte,10.94,21,97.47
CELL_44212,Neuron,110.5,37,74.37
CELL_63854,Leukocyte,60.68,46,52.38
CELL_13938,Erythrocyte,93.97,9,55.18
CELL_39188,Neuron,48.85,33,66.43
CELL_17758,Epithelial,42.21,18,60.86
CELL_14828,Erythrocyte,17.88,19,93.61
CELL_39836,Epithelial,101.22,33,74.91
CELL_94106,Neuron,12.3,46,51.89
CELL_19249,Epithelial,25.07,46,75.33
CELL_76910,Myocyte,65.9,17,79.02
CELL_44715,Stem Cell,76.74,26,57.89
CELL_43751,Fibroblast,32.89,31,75.01
CELL_92275,Neuron,78.29,9,51.43
CELL_24372,Leukocyte,107.62,22,54.0
CELL_11843,Fibroblast,103.28,28,59.73
CELL_45194,Stem Cell,49.49,32,72.82
CELL_13502,Stem Cell,75.12,29,65.87
CELL_60132,Epithelial,23.17,31,77.11
CELL_31612,Myocyte,31.09,49,62.68
CELL_94787,Leukocyte,72.68,18,59.37
CELL_63363,Fibroblast,57.51,41,57.56
CELL_62585,Fibroblast,115.17,18,67.16
CELL_13386,Myocyte,50.54,14,90.61
CELL_77426,Neuron,107.64,34,92.02
CELL_24390,Myocyte,57.05,29,68.38
CELL_64143,Epithelial,27.76,25,90.67
CELL_75345,Fibroblast,63.44,8,98.25
CELL_26841,Leukocyte,108.91,21,96.31
CELL_71246,Neuron,22.28,44,93.53
CELL_68917,Epithelial,81.22,25,83.98
CELL_25073,Erythrocyte,28.14,11,65.62
CELL_30030,Neuron,73.16,20,93.91
CELL_44152,Epithelial,9.99,49,57.61
CELL_45639,Stem Cell,107.13,35,74.05
CELL_40391,Fibroblast,27.01,49,89.91
CELL_96841,Myocyte,70.48,31,98.58
CELL_48192,Fibroblast,110.53,16,74.56
CELL_75331,Epithelial,97.2,41,89.88
CELL_60581,Myocyte,35.73,50,68.0
CELL_48958,Fibroblast,65.94,45,57.81
CELL_79600,Myocyte,117.4,35,50.91
CELL_23218,Epithelial,80.86,13,50.24
CELL_51605,Fibroblast,94.56,37,70.22
CELL_39114,Fibroblast,15.87,5,96.87
CELL_19831,Myocyte,88.6,16,74.12
CELL_88782,Leukocyte,91.56,48,74.98
CELL_81473,Stem Cell,101.96,29,85.58
CELL_50991,Neuron,25.05,50,72.12
CELL_88410,Myocyte,118.49,26,55.63
CELL_82443,Fibroblast,110.75,28,54.29
CELL_10755,Leukocyte,69.8,5,81.53
CELL_69290,Stem Cell,116.87,7,59.5
CELL_46256,Fibroblast,33.71,37,73.97
CELL_91261,Leukocyte,57.58,23,57.98
CELL_71400,Myocyte,83.32,17,90.83
CELL_58511,Stem Cell,55.58,46,91.38
CELL_23453,Stem Cell,12.39,17,98.96
CELL_68409,Myocyte,40.54,41,97.63
CELL_68103,Epithelial,25.96,20,87.8
CELL_75546,Neuron,5.39,45,55.81
CELL_40578,Erythrocyte,68.38,34,86.32
CELL_75159,Leukocyte,110.12,17,66.29
CELL_77685,Myocyte,16.92,11,67.32
CELL_31002,Erythrocyte,14.36,48,66.98
CELL_61922,Neuron,6.52,24,76.52
CELL_45803,Myocyte,108.62,33,68.77
CELL_65044,Epithelial,31.68,49,73.21
CELL_69152,Leukocyte,52.9,47,74.07
CELL_31561,Leukocyte,48.07,42,75.54
CELL_37327,Epithelial,6.27,34,75.69
CELL_44377,Epithelial,115.35,31,65.68
CELL_93262,Leukocyte,35.32,47,57.93
CELL_72959,Erythrocyte,48.07,7,53.09
CELL_86282,Neuron,104.9,32,74.36
CELL_25334,Stem Cell,24.79,13,65.79
CELL_97046,Leukocyte,71.48,31,59.0
CELL_91600,Epithelial,110.7,24,63.36
CELL_31988,Erythrocyte,91.14,48,69.73
CELL_73864,Neuron,25.01,22,70.37
CELL_23361,Epithelial,38.3,32,95.05
CELL_78527,Fibroblast,22.35,30,54.86
CELL_51940,Stem Cell,87.07,18,87.38
CELL_13235,Leukocyte,8.09,15,58.45
CELL_82707,Neuron,119.94,37,54.87
CELL_34485,Neuron,24.55,41,56.48
CELL_72466,Stem Cell,113.74,35,97.62
CELL_73597,Neuron,86.19,17,92.38
CELL_38203,Stem Cell,88.58,15,58.71
CELL_31574,Leukocyte,93.07,27,95.87
CELL_76278,Leukocyte,17.91,5,66.63
CELL_59048,Fibroblast,17.28,22,93.84
CELL_15496,Stem Cell,105.03,35,63.06
CELL_91137,Leukocyte,106.91,29,63.58
CELL_78013,Erythrocyte,60.8,7,94.28
CELL_45530,Erythrocyte,46.64,25,92.95
CELL_86731,Epithelial,89.91,36,86.88
CELL_36183,Myocyte,45.68,18,67.99
CELL_80067,Fibroblast,44.96,42,97.99
CELL_43187,Fibroblast,113.63,13,74.78
CELL_21751,Epithelial,37.45,6,56.54
CELL_33716,Fibroblast,97.62,12,69.44
CELL_69644,Stem Cell,5.25,27,88.03
CELL_32344,Leukocyte,5.07,50,61.56
CELL_65048,Erythrocyte,6.02,23,88.11
CELL_26438,Myocyte,17.63,31,62.0
CELL_80671,Erythrocyte,77.72,19,57.15
CELL_17057,Myocyte,84.6,48,64.09
CELL_54234,Stem Cell,78.19,16,93.66
CELL_18382,Leukocyte,107.11,7,76.92
CELL_62354,Myocyte,85.27,6,52.78
CELL_98504,Fibroblast,19.36,47,80.54
CELL_92637,Leukocyte,11.17,42,58.81
CELL_14267,Myocyte,32.43,43,94.97
CELL_83979,Leukocyte,84.16,22,87.63
CELL_20136,Erythrocyte,102.3,18,54.09
CELL_94639,Stem Cell,25.98,47,96.41
CELL_99678,Leukocyte,93.0,13,53.66
CELL_59775,Leukocyte,44.48,15,77.31
CELL_89703,Fibroblast,64.51,8,98.69
CELL_78606,Neuron,101.95,15,83.7
CELL_67887,Myocyte,89.83,41,96.33
CELL_50294,Erythrocyte,6.92,47,50.72
CELL_42202,Epithelial,30.5,48,74.32
CELL_49339,Epithelial,56.8,34,53.59
CELL_20801,Erythrocyte,51.9,28,74.73
CELL_72639,Leukocyte,109.3,39,61.44
CELL_69257,Myocyte,108.52,13,69.54
CELL_66495,Stem Cell,42.04,48,70.92
CELL_52728,Fibroblast,114.04,29,78.59
CELL_96628,Stem Cell,70.69,39,86.9
CELL_70827,Epithelial,33.6,20,80.22
CELL_62396,Stem Cell,117.81,50,85.19
CELL_81972,Epithelial,44.91,43,80.9
CELL_50443,Erythrocyte,85.13,5,52.78
CELL_83417,Erythrocyte,100.94,21,89.91
CELL_96802,Neuron,104.74,13,86.46
CELL_31792,Fibroblast,57.3,8,82.17
CELL_96565,Neuron,95.12,21,91.79
CELL_82825,Stem Cell,113.44,8,74.75
CELL_71385,Neuron,87.25,17,70.55
CELL_67761,Epithelial,83.29,42,96.63
CELL_70290,Leukocyte,85.14,48,72.24
CELL_40779,Erythrocyte,61.69,11,88.14
CELL_19891,Erythrocyte,103.55,18,50.65
CELL_77271,Stem Cell,66.73,11,97.06
CELL_88643,Fibroblast,103.27,7,74.05
CELL_99887,Leukocyte,38.28,5,82.05
CELL_71902,Leukocyte,53.29,39,57.51
CELL_45731,Stem Cell,65.14,34,81.15
CELL_66071,Leukocyte,70.37,30,70.28
CELL_41416,Leukocyte,9.4,7,84.03
CELL_29450,Fibroblast,61.41,12,94.08
CELL_26563,Leukocyte,81.96,28,99.95
CELL_36248,Stem Cell,74.36,30,88.53
CELL_64353,Fibroblast,51.12,25,84.38
CELL_11600,Neuron,7.23,39,52.9
CELL_74950,Fibroblast,57.78,16,79.96
CELL_65857,Stem Cell,89.53,14,61.13
CELL_28964,Myocyte,96.68,35,75.45
CELL_19266,Stem Cell,7.01,50,74.01
CELL_68325,Myocyte,107.0,48,93.73
CELL_22012,Neuron,93.75,45,79.73
CELL_48276,Stem Cell,117.12,37,61.58
CELL_33305,Fibroblast,53.83,12,76.96
CELL_75338,Fibroblast,73.41,9,66.49
CELL_26159,Erythrocyte,24.49,37,62.34
CELL_45140,Fibroblast,90.53,50,81.14
CELL_59912,Fibroblast,16.97,9,86.44
CELL_28646,Fibroblast,83.36,23,83.79
CELL_87833,Neuron,112.13,31,55.46
CELL_58861,Neuron,36.06,26,97.59
CELL_99125,Leukocyte,78.32,20,76.94
CELL_72838,Stem Cell,93.19,41,95.32
CELL_28074,Neuron,94.48,37,69.72
CELL_46300,Epithelial,24.94,22,96.53
CELL_10504,Epithelial,8.54,34,62.44
CELL_27033,Epithelial,82.74,37,90.28
CELL_40287,Neuron,100.69,19,92.65
CELL_68887,Neuron,25.16,41,86.08
CELL_89455,Myocyte,76.71,34,77.13
CELL_61001,Erythrocyte,50.58,34,51.74
CELL_24232,Myocyte,85.4,39,68.07
CELL_38655,Epithelial,22.9,24,58.65
CELL_60586,Erythrocyte,17.64,35,74.74
CELL_69387,Epithelial,38.25,44,93.49
CELL_75741,Leukocyte,84.73,50,85.54
CELL_22648,Fibroblast,37.26,43,86.57
CELL_78383,Epithelial,79.49,6,68.48
CELL_98694,Erythrocyte,18.08,19,78.23
CELL_91420,Leukocyte,47.19,20,99.64
CELL_37819,Neuron,41.36,14,61.14
CELL_32116,Leukocyte,67.67,9,88.43
CELL_35454,Neuron,65.66,28,55.31
CELL_18291,Erythrocyte,100.88,17,98.03
CELL_96547,Leukocyte,81.42,44,90.51
CELL_80098,Fibroblast,71.39,48,92.95
CELL_55918,Leukocyte,43.74,33,89.92
CELL_76682,Myocyte,67.74,46,53.78
CELL_33169,Fibroblast,111.42,41,95.1
CELL_81551,Leukocyte,39.94,25,61.53
CELL_49044,Stem Cell,18.09,24,95.73
CELL_66277,Epithelial,86.17,7,77.5
CELL_80556,Myocyte,94.44,12,92.06
CELL_56770,Epithelial,97.7,29,54.23
CELL_71321,Neuron,41.57,10,63.41
CELL_96123,Leukocyte,6.03,20,53.93
CELL_54642,Neuron,66.13,7,76.67
CELL_80646,Neuron,5.8,20,98.67
CELL_61365,Leukocyte,15.38,27,60.65
CELL_55990,Fibroblast,49.11,22,56.36
CELL_85843,Erythrocyte,40.67,47,89.85
CELL_20241,Stem Cell,65.63,38,91.25
CELL_69065,Epithelial,68.74,8,90.85
CELL_84748,Erythrocyte,61.15,13,89.88
CELL_55423,Epithelial,6.1,20,78.49
CELL_54434,Stem Cell,8.32,21,98.66
CELL_17519,Stem Cell,29.61,37,57.31
CELL_84853,Leukocyte,37.76,19,75.11
CELL_21158,Leukocyte,91.08,34,63.95
CELL_21170,Epithelial,85.2,15,83.97
CELL_46160,Epithelial,115.54,24,63.29
CELL_10752,Epithelial,38.39,13,77.24
CELL_19163,Fibroblast,107.47,7,82.03
CELL_54850,Myocyte,59.1,15,97.61
CELL_35382,Stem Cell,110.2,32,97.58
CELL_90003,Leukocyte,14.31,31,82.88
CELL_71738,Erythrocyte,118.46,41,72.48
CELL_28264,Myocyte,85.69,17,97.61
CELL_79185,Leukocyte,31.62,39,59.52
CELL_37202,Erythrocyte,34.85,19,57.45
CELL_74813,Stem Cell,7.81,31,98.16
CELL_37597,Stem Cell,62.13,34,89.43
CELL_90563,Erythrocyte,105.28,27,51.97
CELL_98918,Erythrocyte,119.06,30,51.24
CELL_61802,Neuron,38.74,19,65.06
CELL_16566,Fibroblast,48.89,5,51.23
CELL_51366,Epithelial,35.91,13,57.07
CELL_31925,Leukocyte,92.73,9,73.33
CELL_52141,Epithelial,94.09,34,73.78
CELL_23508,Stem Cell,68.54,22,55.04
CELL_77855,Neuron,64.35,32,78.88
CELL_13224,Erythrocyte,78.79,44,93.8
CELL_22107,Epithelial,17.37,42,91.5
CELL_83024,Stem Cell,65.41,13,82.56
CELL_36798,Leukocyte,88.4,21,88.38
CELL_70019,Fibroblast,34.15,46,82.49
CELL_52879,Stem Cell,64.4,40,52.47
CELL_95335,Myocyte,6.72,48,58.05
CELL_21983,Fibroblast,61.87,44,67.03
CELL_45106,Neuron,53.53,7,51.09
CELL_71407,Leukocyte,24.58,7,90.77
CELL_42048,Stem Cell,98.67,20,61.41
CELL_13084,Leukocyte,19.66,24,56.29
CELL_94128,Fibroblast,104.63,35,78.85
CELL_29094,Erythrocyte,8.77,50,77.33
CELL_57174,Stem Cell,97.55,46,67.08
CELL_48664,Neuron,42.87,35,52.31
CELL_29757,Stem Cell,94.1,22,58.75
CELL_13996,Leukocyte,69.22,32,96.1
CELL_74807,Erythrocyte,26.3,38,68.9
CELL_59527,Fibroblast,117.15,24,56.74
CELL_15551,Epithelial,102.58,34,65.28
CELL_64712,Epithelial,53.89,10,61.86
CELL_10506,Stem Cell,35.5,47,93.27
CELL_85829,Stem Cell,117.56,30,81.44
CELL_10583,Neuron,13.8,35,69.0
CELL_80458,Myocyte,58.62,29,65.52
CELL_43462,Erythrocyte,98.27,15,62.6
CELL_55629,Erythrocyte,24.9,18,55.57
CELL_14343,Fibroblast,76.41,34,75.2
CELL_71108,Neuron,115.64,43,86.15
CELL_89776,Myocyte,27.06,10,70.25
CELL_37244,Erythrocyte,90.98,42,60.96
CELL_68417,Fibroblast,32.15,18,80.65
CELL_55187,Stem Cell,41.45,29,82.26
CELL_25794,Fibroblast,79.91,40,52.59
CELL_58177,Leukocyte,100.87,11,96.08
CELL_13101,Leukocyte,61.85,46,89.24
CELL_20863,Fibroblast,102.22,36,95.22
CELL_28360,Myocyte,85.91,5,83.73
CELL_29602,Erythrocyte,109.66,50,72.35
CELL_18655,Stem Cell,108.87,28,94.31
CELL_89113,Myocyte,28.19,13,74.1
CELL_73763,Stem Cell,6.42,49,51.78
CELL_67859,Erythrocyte,16.59,5,87.05
CELL_61435,Leukocyte,83.96,10,59.76
CELL_69387,Leukocyte,89.78,21,90.44
CELL_67677,Erythrocyte,86.28,30,98.02
CELL_94075,Erythrocyte,60.98,10,72.87
CELL_80029,Leukocyte,90.37,48,63.16
CELL_18464,Myocyte,41.54,41,64.22
CELL_14041,Stem Cell,23.95,41,74.47
CELL_34076,Epithelial,89.66,43,89.76
CELL_48601,Stem Cell,107.92,21,51.29
CELL_36262,Myocyte,45.82,5,66.74
CELL_84485,Myocyte,53.84,7,96.63
CELL_72331,Erythrocyte,7.13,7,88.63
CELL_55930,Myocyte,15.47,9,62.66
CELL_43108,Erythrocyte,16.11,50,50.68
CELL_32871,Stem Cell,85.84,38,85.11
CELL_64738,Fibroblast,103.8,6,84.74
CELL_24295,Neuron,116.36,12,79.86
CELL_79784,Myocyte,89.34,20,69.05
CELL_71916,Epithelial,42.08,43,65.69
CELL_69087,Stem Cell,111.09,47,55.02
CELL_64171,Leukocyte,107.13,26,64.82
CELL_26082,Leukocyte,119.75,10,50.91
CELL_65621,Neuron,91.71,25,84.2
CELL_80173,Erythrocyte,46.46,43,71.53
CELL_10557,Neuron,81.06,48,57.66
CELL_50992,Epithelial,43.73,21,70.3
CELL_10937,Fibroblast,43.43,18,94.66
CELL_14105,Epithelial,103.13,45,53.24
CELL_98890,Neuron,80.78,22,58.41
CELL_95869,Leukocyte,13.48,34,67.86
CELL_91299,Neuron,94.78,39,52.43
CELL_29598,Erythrocyte,19.42,38,65.99
CELL_75557,Stem Cell,79.71,43,56.7
CELL_18449,Myocyte,50.65,16,84.11
CELL_96073,Leukocyte,34.59,40,74.48
CELL_59490,Neuron,12.57,50,73.02
CELL_28267,Fibroblast,22.87,24,87.94
CELL_23008,Myocyte,108.81,23,63.29
