sequence_id,sequence,length,gc_content,source_organism
SEQ_896590,GAGCTAATTCCAGACGACAACGCATGCTGCCGTATGGTGAGAAAAGTGGTTCTTTAACTTTTGCCCGCGGGTACAACGGAGGGAGGAATTAGTTTCGTCAGTCGTGTTAATATTCTACTAACGCTCTTGGTACATTTCTAATAACTGTACGTGAAATCAAAGCGCAAAAGATCCTTGATACTTATCGCCCATTTGGACATCGCCATGTGACAAGTTAATAAATGGTGAAGCCTCGAGAGTCTATCTTTGAGCCCTAAGCATATCACCCCATCAGCTGTCCAGGAGCCAGAACAATTCTGGGGTACGCCACATACTATTAGTCATCGCGCTCGCAGCGCAGGGTGTTCTGCCAACTTAATGAAACGGCTGCGTTCACCGTGACCATTGCCTGGATACCTACCCACGGTAAATCGTTGAGTCTGACTTTCAGTGCTTGTGACTGCTCGATCTTACTTGTTTAAGGCGTGCGTCTTTCCCGGATCAACAAAGCGCGATCAGATAACGCCGCGAAGTAATACATCCATAACGGGGATGTGCCAATATTTGGGCTCTAAGTGAAGTCTAAATGCTCCAAGCGACAAAATCACAAGAAGGGGTATGCACAGGCCCACGTTTCGGGCGCCTTCAAAATGACGCGACGGCGCAGTTAAACCAATTATTGATTCGCCCGACCACACCGTTAAAACTGCTCTCAAAGTCTCATGAGCGTGTTGGGGGTGTGGTCTCGGT,729,48.15,Caenorhabditis elegans
SEQ_713382,GTCTCTAGGCGGCTACACAGTCACCTTTTTCTTGCATCTTCCGGACCAGGTTCCTACGATGAGGAAGTCTTCGCTATGAGACTGATCCTGTGAATATTCCTCCTAAAGCCATGGCAGATCCTGGACCCGTAATTACCATCCCGGAAATTCTTAGTGACAAGCCCCCCGGCCAAACACACAGTTGCTGCTATTGAGGACTCCCTTCCCTATCGAGGCTTCGAAGGATATTATTCTTCGGTGCACCGTGGTTTTAGTGTTAAGGTCATAATCGGGGGTTATGTAATTTACTCCATTTTGATCGAACGCGGCCTACCTACCAGCCCCATAGGCGTGTCCGAATGATGTATTGATGGGCCAGACAGACGTACATCTACGCGGGACATCAGGTTTTTCGAGGCATACCCATAGTTGGGAATGGTTCGCCGGGTCGATGGTCGAGAGGAATGACAGGCATTGTGTATCGGTATGTGTTGTCTGGTGACTTGGTGTGGAGGGCTCGCGTACGGGACTTATTGAGTGGTGCGAACTTCCTAGTCTGGACTAAGGCAGACGGCGATTGAAGCCTACACTGGGGCAATGCTATGATCAAGAACAGCGTAGTGCACGATGGCCACCCGGAAAAAGCCATCAGCTAGACGATGGCTGAGTAAATCGGTTCGGATCGGCGAGGACAAACTACTAGAATGTGCCTAAAACGTACCATGATGACGGCGAGGCCAGAAGTCGTGCTCATTCGTAGAATGATAATCTTTCAAGCTGACATAGCCGATCTTACCTCAGTATGGGCTCCGAGGAAGCCGCCTAAAATAGCTAGCGTTGGGTCTCCACGAGACGCACAAAGAGGAGTCGATCGGGCTACCAGCTCGTAGTAACGGACGCACAGCCCGACAGCACGCCTGGGACTAGTCTGCTTGCGTGCGACGTAGTAACATACTGGTGAAGTTTGCGGCCCCGAAGGCGCGTATGAGCTCGCAGTTTAGGCCACGTGCGGTTCTCTAAACCCTAAACGCACCAGAACACACAGCGTACCCATATACTTACGACCAGTATCGGAGCCTTCTCGCATAGAGCCCCTGAGCCCTTCTCGGGAACGCTG,1096,52.37,Mus musculus
SEQ_618931,GACTTGCCTGACTCGTTAGATGATTGGTTTGGTCCCGAAAGCGGAAGCCCTCTTGTAGCTTCTTGCACTACAGCTACCAACGTTAGAACACTCAACAAGTCAAGTATAATTACTAGTTTCCAAGTTATGATCCGCTCCACGTGGGATACACAAATGGGAGTGGGGCTATCACCAGCTTGAGTCAAAAATTAGGCCGAACTTCACGACTTTAGCAGGAATACCCTAGACCACTAAAAGCGATTTGGCTGGAGCGCAGTCTACCGGTAGCTGCGCTCACTTGGGGGGCGCCCCGATGTGCTTCACCCCAACATCCTATAAAAAAGCGACCGGAATTCTTGCAAATGATACTAGCTCGATCCTAGGCTCACCGGGCATCGATAGGCGCCTCTTGAATGTGGCAACCTAAACGCAGGCAAAATCATTCTCGGTTGCCGACCCCGAGAATAAGCATCTATTGCAGTCGAACATGTTAACTGCATAGATGCTCCAACCTCGTATAAGTTAACTGGAGCTACGCACGAGCTAGCGATTCTCCGCGCGCCTTATTCGGGCCATATCCTATGAACTCTATGACGCTCAAACGCCGGTCAGTCATCCCGGTCTAAAGAACCTAAGGGTGCTGGCGGTTCTGACCGCTTCCCCGCTAAACTGGAAGTCACCTAGCGTACCAGGATGAAGAATGTGGATGTTCTACGTGACGGGGGAACCGAGCGGGAGGCTCGAAAGATGTATACTGGGGGTACCAGCGATGTAGACAGGAGATTGCTCTGGGGTGCACATATGGACTTACCCCCCACCAGATGAATAGCGGTGAACTACTTGAGATACTGTA,832,50.72,Saccharomyces cerevisiae
SEQ_234409,AGACCATGATGTGCTGGGTTGACGAATAAGTGCTTCAGTCCCATAAAAACCTCTTAGCTGTAGCCAGTATGCTTGTCCTCTGATACAATCTTCTCCGCCACTCTATGGATTCAATGGGTACAATGATACAAACCCCCCTACATCATGATTACAAGGATGTACTCGGGTCCGGCCTAGCCTTCGAGGCCTTTCCGCAAAAGATTTTCTGACTTCTGGCCTCCTCGGGTGATAATCGTTGATACGAAGGCCCGGTCTCTAGATCGCTCACGTAACCTAGTGGTGCCTGAAAGAGGGAGGACTGTCATCTGTTATTGGTTAGACCCCTCCCTCGTATTCACTGCCTGCATCGTCTGTCTGCTTACAGCATGCACTTCAATTGCGGCTACTCTGACTTATGACTGCTACCTTCTGACCCGCAGCTCCGAAGTTATAACGCGTCGAATGATATCCCACTGTGAGGAAGTTGCGGAATATTAGAAAACATGCGGTATAAAGAGGGTTATCGGTACAGTCTTAGGGGTACTTGCTTTGGATGATCCATCAAAGAATCAATGTCACACGGAACACAATCCAGCTATTGGCCTGTCACAATAACGACACAGATCTGGGACCGCCCTCCCCCCATTATGTTTGGTTCATAGGAGGCGCAGCAGTGACATCAGAGTCCTGGGATTACGGGATCTGATGATAAGCGTAACCCTAGTGACAGTTAAACTCCTTGGTGCGAGCGATTAAACTGCACGCGCGGATCAGGTACACGCTGAAACGGGCATTGTCATAACAACCCTTTCGGTGGTCGATTGCAATGAGGATGCTGCCTACTTTGTTACCATGGATGTGAGAGTAAGCTCCATGACGCATTCTCATATGCGTCTCAAGTATGCAGAGCTTTGTTGATTTTTAAGCAATAGATGCTTTCGTTTTGCAAAGAGACCGGTGTGAATGATACCCACGCTCGAGCTAGAAATCAAATCCGCTTGAGCAGCGCGTTTCCCCCTGTCGGTCGAGCCGGCCTCCCGCTGCGCTGAAGTCTTAACGGCACATTCGAGATCTGCGATCACAAATGTAGCTACGGTGGCTGGGATAGGGAGTATGGTGGCCTTGTACGGGGCTCGAATCGTACATTATCATCCTTAGTGGGTGCCGACAGTCGGTAGCAACGGACGCCTGCACGCTCCATCAGAATGTATTTCATACTCGACCGGTGCACCTGGATCCCGAAAAAGTTACGTCAGGTCAAAATGGTATCAATAGGACGTCCGGTCCAAACGGACTTCTCGTAAAAAAGGACCGGTTATACGCGGAGAGGATGCATCCGGGGAAACCCTCTGCGACTGCAAGCACTTACTGCCTCCTCATTAATTTCTGGTTGTCAGACGCCTGATCGTTTGCCAACGATTTGGTACGCATCGCGGAGCTAGACTGACTTATGACGGTTTATACATGGATCACAGGTTGAAATAGCATGGTCCAAGGAATCCCATGTGGGTTAAGTTCATCTCTATCTCAGCGGTCACATTGCCTTAATGTAACCTTCATACAGAGGCCTATCCTATTCAGACAATGCCGCCTACTTTTCTGCGGATCGTACTCCGGCCGCCAGCC,1605,49.47,Saccharomyces cerevisiae
SEQ_627533,TCTAATTCAAAGGGCTGCTTTCATGCCTGGAATACTCCGGTCGTAATTATAGCAGCATTGTACGCAGCCCGGCTCGTCTATCGTAATAGAGACCCGGTGTGGCGTACGCCGAAATGTGTCACCCGACTCACCTCTCGGCCGGCCCTTTCCGCCCACCAGCATGTATGGCCGCACTGGTGCAGGACGTTCATCCCGCAGAAGGTGAATATACTCGCGTAAGAGCGGCGGTCCAAATGTGAGAACAGTCGGCGGTCCTGATGATGGTACTCGACCATCATGTAGGGCATACCGACATGTGACCGGATTCCGCAGGCCTCGATTCTTGCCGATAAGTGAGAAGATTCGGCAGAATTGCCATGGTCCTGTCTCAGTGTACTAACACAATTACTCAGGGGCACAGAGGCAACCCTTTGAACCGGTATACACAAACTCTAATTTGCCGTTTAGCACCTTGAATGGAGCCAATTTCAATGGATCTAGATTATCTTGTATGGCGCTCCACGTTCCGTTAAGCTGCCAATTCAATCCTTGAAGTCCTGCGACACTCAGCTGACCGATAGTCCTTGCTGAACTGAGAATTCACGGTCCAGTTCCTTCCCTATGGGTGTCATAGCATGGATGCGCTAGTGGCGCAATCATGGGTCAGCACA,650,51.85,Homo sapiens
SEQ_298353,ACCGAATCCAAACCGGATAGATACATGCGTCAAGCTATCACGACAAAATAAGCACCCGCGGAGTAACCATTAGTTGCTCTCGCTGTGTATTCACATTGGGACCACAAAGGGAAGGGGGTTAAGCTGTAACCCTAGAATCCAATAGACCGTCAAGCGCTTCGAACCGCCTTGTGACATGGCAAAGAAAGAAGCGGGAGAGGAACTATATGCGCTTTTCACTTGATCATTTAATCCATCTTTTTAGTACGCGTGACGCTCTCACCCCCCTAAGTTTGATTCCTCAACCTGCCTTCACTTTATTAGGTGTCTGTATCTCGTGCCAGAGGGACAGGGCAGCCCAGTTCGCTACGCTTAGAGTTCCGTGGTATCTCCAGCCCAAACTTATCCTTTCTCCTTGTTAGGGTTGGTTACTAATCTACACCCACCTCAATTCGGACCGTACAGCTGTCGTTTGTACATATTGGACAATGACCAAGCATGTAGGCTAACGTTTGAAGGAGGAAGAACACCCACAGTATACTTATTTAAAGTTCAAGCTACCCTTAGCATACAGTCAGCTCCCCTCAGCCGCCGTAAAATTCCGCCTAACAGAGGAGCGTTGTGCCGGACGTAGGCGGTGCTCGTCACTGGATATCGCTGTATAGTGTCGCTCATTGACAGTCCTCAAACGGAGGTTCTCTTCGAAGCGGCGGACTGTAATCCTATGCACAAATAACGCAAAACTGCGTGGACGTGGTGTGCTTCCTAGGCCATCTACCACGCTCCATGTTTATTCTACGACTGACAGTATTGGGCTGCTATGGGATGCTAGGAGCACTGTTAGGGCAGGGTCCACAATAAGCAGGTCAGCGCCCGCTATGCAGAAGCTCAGGCGATATACCTAAGCTCATATGCGCCGAACAAAACCACCCACATTCCTAAGGAACATAACCCTAGTAGTTAAACGCAATACAAACTTAACCCGCACCACACAGCAGTAATTAGCCACTGGGGAGACTATAAGTTAATCAGATCATTATTGCTTCATCCAAGGTTCTCTCCGACATCCACAAGACTCATTCGGTCGGATTCCTTCCTGTAACCATACACAGAAGTAACGACGGGAAAAACTACACCCTTCCCAATCATGAGCATTCTCATTGAACAGCGCTGGGAGTTTGTACCTATTGTGCTGCTCAATGAACGCACTCTAATTACGTCCGGCGATCTTGCGAGACCCCTGATCTGGATTCGCTTGGGGGCATTTTAGCAGGACGACGCCGCCACTTGA,1270,48.66,Caenorhabditis elegans
SEQ_261738,CGCCGAGGATCCCTGCATGTATGATCTCCGAGAAGCCGTGCGTTAGAATTGAAAGGAACATGTCGGGGGGGGTAAAAGTAAATCCTTATGTGCCCCTATCCCGTGCACGGTCCTTGATTCACTTGTGGTTCTAGCAAGCAGTGTCGCGCTATTGGTGCTTAAGCTGGAGTTCTAAAGAAGAAATATTTACTGGGGGTACAACACATTCATCCCACTAAAGTGGTCGGCCTTGATATTTAATCTACGCCTATCGGCACATTCCGGATATCAAGTAACTCGACCAAGACGTAATAAGGTACTTCGGGTGCAAGAATCTAGCGGTGGACATGCCCCGTCCTTATTTCCAGTGCGCACGCAATATCGACTGGCTGATGCTCCATCAGATTCACACGACTGCGTGCCAGAACGGCAATATGAGCTGAGCTTGTGGTCCAAGGGAAGGAATCAACGTCCCAATTACGGTCCGAGTACTACACAGACAATTATACGCCTTAGTTATGGTGAGGGGCTGATTGGAAGCAGAGATATTCCGCGCTGTTAGGACTGCCTACAAATGTGCGTAAGAACGCCTATATAGTTTGAATACAAGTGACGTCACCGATAAATTTTATATAGCCTTGGTGAGATTCGCTATAATTTTTTCTGTTAGCTCTCAGATAGCAAGACTAGCAGATCTAAACATCTAGCGACGACGTTATGAGCGGCCTGCCACTAGGTAACAAGTAGTTTTTAAGATCATTATCTCGGGTAATACGAAAATGATAATAGTGCGTGAAGTAGCTGTGAGAAGCAAACCGCCAGTGGGCGGGCGATTGGCGCATAATGGACGCTAGGTATGCGAAAACACCAGTGACCTTATGCGCCCGCGCCCTCGCGCACGTCGGTCACTTGAGAGACAGGCACGGCAAAACTCTACTGTGGCAGGCGTATAGTTCGCATAAAAACACGACTTCCCGGGTATCTCCAAGCCTCGCCAAGCATGTCCCTGCACTATTCACC,999,48.35,Arabidopsis thaliana
SEQ_975472,GCGTGTGGACGATTGGGAATCGCGTGTATATAAGGAGCGTGAGGCCCTCTTGAGTCAGCCTTTCCGAAGCAGATTTGATGTCAATTGCGCGGGGGCTCTTAGCGTGCCCAGGACCCGTAGACCCACGAGTGCCCTAAGCGCTCTGAAGGGAGGAGAGTTCGGCTCCTGATCACTGTTTCGACGATCAACACTGTTGTAGGTCACCGCGGAGGGTTAGACTTTTTGAGTGATATCCGGTAACGCATGCACTAAAGTCGCTGGTAGACTGTACAGATCCGATCCAGGTAGGCGGATCACAGCAAGTAGGGCTTCCGACTGCTTGGTCGACACAGTGTAGTAAATGCAGTGACATTGAGCGGTGCATCGGACGCGCCTAAAGATGCCGATATCTCGAGCGTGGCAGGGTCGCTAGACCATATTTGATTGAGCTCAAGAGGTTTCTCAAGAGTACCGGTTGACGTGATATCTGGCTCGAAAATAGCGTAACACCCTGATCGTTGGGTGTGATGACTGGATGGGGGCTCGATACTGCCAGCTAGGATCCAGGGCGCAGTCCTGCCCGGGTCCTATAATTTGTTTTGCGCGGGAGGGTAATTGCTGTCGCCTAACGTTACACCGATTTCAAATCGACGAACGGGTGAAATTGCGCTCGACGAAGAGCCCACTTCAACGGGAAAGTTAGGTCTAACTGCCGTACACCAAATATATACGAAACCAGGCCATGAAACGTGCTCGGCGATTCAGCTGTTGGCCGCTCTTTATGAAACAGGAGGCCGGAATTTGTACAGCCCCGGGGTTCCCATTGGCGTGTTCTAGTCACGTTTAATCAGTTTTTGTGGGTCTCGAGCACACCCTAGGATGACAGAATCGCATCGGCTACTGTGGTCTTGTAACTCAGGTTCTGCGTTAGAAATCGATTTAAGCGGACCCCGTTGGGTAAACAGACGGTTCATGCTAGACAGCCAAACGTAGTAGGCAAAACCTAGATTCGATGACCGAATTTTTGTGGGCTAAGCAGTCCGCGCAAAACCAACATCAATTGCTTATATAAGATTGGAAAGGGCGGAAATCATATAGCTCAAACGAATGTTGGGCATCGACTCGTGTGTTTAAGGTGAAGTGACTACGTGCAAGTCTGTAACAATGTTGTCTGATCTGCTGTCAATAAGCTGTGGTGAACTGGATGAAGCACTGCGGCAATCTCTATTTGGAACAGTCTCTCGGTCATATGTGCATCCCTAGTTAGTATACAACTAGAGAATTTCGATTTCGCCTCGCTGGCAGTACCGCAGACGGACCAGGTTG,1305,50.5,Saccharomyces cerevisiae
SEQ_714726,CGAATCCGCAACCAACGGGCGTTCTGCTTCATCAGGTTCTGGAATATCGGCACCGGTAAAACACTGGTAAGCGAAGCCATAGAAAATGTGTGCACCTGCCAATAAATACCGTTTAGAAGCACGCTATAAAAAGTCAGGGCAGTGATTATAGTTTCCCAAGTCTTGGCGTACAGCCTTCCACTCACTTAGACTTCTCAGCTGGTCTTTTACGTCACGGGGTTTGTCGTTCAGTCGCTCGATGTACGCTTGATCCGCACCTGATACAGGCGCCTGGAAAGATAGCGTAACGTACGCGTCATAGTCAGCGCGTTTTTCTAACAATGCCGCTGCTTGCAGCTCGGATTGGAGAAATGTCGCTACAATATGCCTTGACTGCTTCCGTTACGCAAAGTCGATCCGGGCTGTACTTTCAGTGCGATGCACACGGGCGGTAATGGCTCAAAAATAGCAGCTTAAGGGGCGGAGACCCAGATGGCAGCGCCACTAATGTTCGCGGCGCATTATCTAGGGACGCTCGTTTACTCGTCCTGAACCAATTCCAAAGGAATCCATGCTGTTCAAACTCGTTTGTTATAGATGACCTGCGTGTGCCCCTATACTCTGGTTCGATTGGAATATAGAAGGGGTGTGCGTTCGTTCGTTCCGCTGTATGTAAGTAGCTATACGCATTTCGTCGTTCCTGAGTCATACTCTGCTGTTTCAAAGAGCCGTCAGGCGCAGGTGACTTACATTGATTGAATGGTGTTACAAGAAGATGCCCACGGCACCTCCCTCAATTCCAGATGTGGACACATGTGATTCCGTCGAGGTTGACCTTGTGCAGGCCCGCAACGCACGCGAGGTCGAACGATAATCCTGCATGTGTGTAGTTGTTCCATTTGATTGAGGCAAGTAGCTGTGAGTAACTCCAATACTCGATCCAGTTATATAACAAATCCGGCAAGATGCAACGGTGCATTAGTTACGGCTTAAAATCAGGAGATTTCTCGATACCCCACAACATAATTCATCCTCTCT,1017,48.77,Arabidopsis thaliana
SEQ_957738,TTAGCGTCAGCTGATTGGCGAATGGTGCTAGTGACCTTTAAATCACTAGGAGGAAGAACAATCTATAGTTCAAACGTGTGAACAGAGCTTAAGTGCGGGAAGCACAAAGCGCTGCACCCGAGTCATTACATGTGCGTAGCGAGAAGGAGGACAAACATGTGTTAGTCGGCCCCCGACCTACTGTACTGTTTTAAGCGACACCACGCATCTACGATTCGATTAATTTTATAAACTCCTTTAACTTATATCCAAATAGTGCGAGGAAGCAGGGTAACTTGCTTGCGTCTAGCTCGATGCACCATATCCGCTCCAGACTATTCAGTAATTCCTCGTCTCCTTACTGCATCCATGAAATTTTTATCCAGCGCACAAGTCGAGAGTCGATCCAGGT,391,45.78,Caenorhabditis elegans
SEQ_157165,CGTGTAACAGTTTGCCCCGCCCTATTGGTACCCCTGACATGGTGGGAGCAGACGCTTTGCACAGCAGAAACATAGCTACATATAATTTTACAGTATACGAGAGCCTGCTCCTCATAGCGACCGCCACGTTGTTGGGGAGATTCGTATAGTCGAATCGCTAACAATGCTGTACGGCCGATATCGTTTCAATTTAACTACTTAAACTCCCAAAACCATTACGTTAGGCCCTAACATGTTTAATATCACCGGCTTTGCTGGTCATCCCGATTTAGATTTTTTCTGACCTATATTGGTTCACACACGCTACCCACTTAGATCAGGCAAAAAAACTATTAAGGCCAGGCATGGTGACAGATATGTGGTTGCGGTTGCTGTCTCCATAGAGTCTAATACGATGCACGTCGTTGGTGCGCACGCTACCCCTATGAATCGGGCAGCGCTCGCGATTCTTCTTGACACGAACTAAGCCCGGGGGTTGTAACCGGTACCCCCATCGGATCAAGCCAGGGCGGGATGTCGGGAGTTTCGCAGGCCTTCGGTCGACACGTTCGCTCTACAGCTGTTCCTGGCCCTGTGACGGGACCGGACATGAGACTTAAGATATCTTTTAACACACAGGCCACATCGGGGACTCCAATGACTTTCGTCCAAAGCTCTGTCAATATATCGGCGATTGTGAGGGCGTAGCATACGTTCGGAGTGTGGCTTTTCGTGAAGAGCTGTTGTGGCGTATTGCATTTTCTAGTCTGCCGTCTTAAATGCGAGCCTAGCCGCAAGAGTGCTAATTAAGTTCCAGATCGGCCCCTGCCGAACCGAAATCCATGCATCGATAATAGTTTTAATGATAACTCGAGCTTCGCGGTCGGGTCTAACTAGGTACATGCTCTACCTACGGCAACGATCGTAAAGTAATAGAAGGCTCCCTTAGGTCAGACACCATACTGGACCAAATTAGAAGCCCAGACAACGAAAACGGGAGGTCGTATATAACAGTCCACGTCGTATGTTCACGGGTACTAATGTACCCCGACAGTGGTGATAGGGTAGTGTCACACGCACAACTAATGTCGGCTCACGATTTCCGGGGGGGGACATTGCCTGGCCTTCACGACTAGACAAAGCGTGGTGCCCCCGCGACCGGCCTTTGCACGGAGATGGGACTCCTGGCGGGACTTGTGAAGCTTTAGGGAAGTAGGGTTACTGCCCTACGTCCACATCCTCGGAGCTATATGTGCATGGAACGCAAGGTGGTCGCTTTGCCGGGTCACCAGTGCCGGTCTGCTGAATGGCTACCAGCTATCCAGAGATCGCCGTGCCGCAAGCTATGTGCCGTGACATATATAGCTTCGAAATTTCTCTTGCTCCCGGGGTCAATTATTGCCGACCGTAAGAGTGCACGAACGTGACATAAAGGCGGTACGCACTTCGGCTGTTAGCTTCCGTCCGCGTTCTCGTCAGGCGTTATTTTTCATCAACCCGGAGCCGGCAGACTCTAATTGCGACCCGCCGGATGAACTGAATTGGAGCTTTCTCGGCATCCTAGGAAGCTCTACAGCATATAGGAAAGGAGTCTTATCAACTGCTGGGGACCCGTCGCACTTCGTCCTACGGCTCTCTTCGTCAAGGCGCCTGGGGGCCTATTACTGCATGAATCGTATGCCACTCTTGTTGAGACTCAGGATATCGCATGACTACGCTCCTAAAGTATGGAGATCCTCCTCGTAATAACGTTATCTAGCTTATGTGCACGTGCCGCTTCACGTTTACGAGAAGACAAAGCCGATTCGGGACCAGTGTGAGAATTCGGGCATATGA,1815,51.24,Saccharomyces cerevisiae
SEQ_624490,CTCCTGTCTTTTTAAGACATTGAGCAAAAACTATCGCAATAAGTCGAATTATGCAGGTTTCGATGGTGATGAGGGACGGCAACCCAATCGAGTATGGAGGTATACGCTCTCAATAAACCCTCGATTAGCTCCTCACACTTGTGAAGGCTCCTGGACTACCGGCCGTCTTCCAAGGCGTAAGTGCACAGGTCTTGAGTAGACGCTAGCAACCCCTTGGTTCCTCAAGCGGGCGGTTCTCCCAACATTTCAAGATGGTTACCGCAAAGATGTGCTGTGGTATAATATCGTGCTGTACTCACGCCTAAACACAGGATTTACCAGGGCCTCGATAGAAAACTGGTATTGGCCAAATATCTATAGCTACGCAAATTGAGGTCGAGGCTGAAGGCTTTCGCTAGCTTGTCTGGTCCCTAAGGGCGCGGTCAATCTGCCTGAAAGCAGATGAGCCTGCCAATTATCACCGTATACTATCCTTCGCGAACTACGCCAGCAAATGGGACTCTCGATATTGAGGTGCTGTGTTCCAATGAGCAGCTGCGTGGTACACAGAACCGAAGCTACGACAATATCTGTCTTGAGATCATGCCTCGGACGGACCTCACCGGATCAACAAGTGAACCAAAGTCCTGGTTCTGCACGGAGTTTACA,648,49.23,Mus musculus
SEQ_125674,CCGCCGAGGCATATTAAGTTTTGCGAATGGGCGCTGATCCGAGGGTGTACTAAGAAAGCCACGGCTCCGCGAGAATGGGATAGACACGGACACTCGTTTTAATATCCGCCTCCTTCGGCACCTAGAAGGGCCATTTGACCCTGCGTGCCAGGAAACCAACAATTCAATCAAGAATTGATGGACCCAGTAGTAAACAGAGTATTTTATCTGTTCAAAAGCAGCGCGGGGAGAGGGAGAACCGGGGCCGCGTCTCTATCCTCCTCAAGTGCTCCGCTTGCCGGTGGAGCAAGTCGATAAGTTTCGAAACGTCGCGTATCCCGCGGTAAGTCGCACCGGCAGTCCCTCGGTTGCTCTAGTTTGATAACAAGCCACCATAAGAAACTATTGAGAACTACTTAGTATTATGCCCTGGTAACTGCCGGGGGAATTGCGCTTCAGTGCCTAGCGAGCTGCGCTCCAGCGCGATCATACCTTCAATGCACCCGTGGCTTGAGTTATGCCGCGACGTATCGTGTCTGTCCCATCCGGTCGCCGCCCCCTAAGCCGCGACACGGGAAGAATGAATATGTATTGTGTAAAAGCGAATGTGCGTGTTCTGCTGCATTACGATAACGACCGAGGCGTTGCTAAAGGAGGGATCGATTTGCGAATTGCCTGAGCATCAATCGGAGGCCGCGATTTCTCCCTCAGCACCACTCTCTTCTCAAACAGTGCGTGATGGAAGTTCTAGATTCCTGACCGCTCATACGCCTTGGTGTTGCCGGACTGCTTGATCCACCTACTCGATAAACCCCCACCCTGAAGAACTCTGTTCCTATCCGCAGGCCTCGGCACTAAAGGTCCCCAGTACTGTCATAATTAACGATTAGGTATGCTGCCTAGCCCAAAGCTCATTTCCTTCTTTTCCGAAGATATCCCGCCTGTACGCGGCCGGGCTCAGCGTCGGCATACGTCTTGCCTCATTTCGACGAGATCTGGGGGTCAGGCGAGTCTACCTTTCTTCCCGCTATTTCATTGCGTAAAAAACCATCACCTTTCGTTTGGTATTAATGGTCATCGTGGTAGCATTAGTACCTTCAGACAGCGGCACTCGAAATCCGGGCTGTTAAGGCTGAGAAGTAGTTGGCACCGCGACTACATTCGGCGTGAGGAGATAGTCATTAGCCTATCCAAGGCATTGGGGAATCCAGCACTAAAGATGCTATTGTTTATTAGCATGTTCCCCTGGAGTCCCACTCATGACTTGCCTATAAAAGCTCCAGACCTGTGTCGAGTTTTGAAGCAAATTTGAGGTACCTTATTATGCCGTGAACGTCACGGGCTTGTCGGCGTTAACCCTGCATGTAGGTTTCGACACGGGTAGAATACCACTAGATGTCCCCCAGAGTTGGGTAAATTGTCCGTGGGTAGACTCCTCATAATCGAAAGCCTGCCGTAACATCCATTTGTTAAGAGGTACCAGTTATGCTTTTACAGAGCCTGTTGTCACTTGTTGACTGCTATACGATACGTGTGACGGGCGACTCAATCTCGGACGGTGCTCCGCTGTTATCACGCAGTGGTTCGCCGCTGAGGGAGGTAATGGCCAATTGTATGGTCAAGCGAGCTTACCTCAGTGGAGGAATGTCAAATACTACCAAGCTGCGAATATTGATCTTGGGTGCCAGACTTCAAAAAGAATGTTCTAAGCTGCGACACCACAGAACTCTTTATTGGATAGGGTAAGCCCGACTCTTTGTCGACTGAAAAATAAGACAATCCGGGTTCCAACAATATCCCATTTTAGAAGACCAGTTACGGTAACAGATTACAGACTCTATGATAAGGAACAGCCTAGTTTTAGGATTTATCGTTTGACTCAGGCCATACACTCCGGGAAATTATGGCCCGGAGCGCATACGCTG,1904,50.16,Arabidopsis thaliana
SEQ_444826,CCCGCAGTCCACGAGGATCGTACGCAAATTCGCTAAACCCGTAGTGACAAATTCCCCTGTATGACTCGGCACACGCTACGGAGCAGCCCTTAGGGATTGTCGTAGGTGATTTTAAAAACGCGTCTGTTTAATTCTACGATTCCGACGCGATAGCCGTCGTTCCGCTCGGACGAACGTTTGCGCGACTGTATACGCCGCTGCTTTTGACAGACTTCCTAAGTGCGGATAAAACACCAGGGCAAGTCCGACGCACAGCGAAAAGCATGGGGAATTATAGTAGCGACAAAGTTGGTCGGTTAAAGCGCGTCGATCCGATTACTACGTATATCTTCCCGGAGATACCTCCCCTTCTCGGCAAATTCTAGGTCGCACCGACGTCGAGAGACCTGTCCGCCGGGCGTATTACGTACACCCGTCCGGTCGTCCCGCGGATCTTATTACAGAGTCAGGTTGCCACGTCGCAGGGCCACTGTGTACTGTAATTATTCGAGCAGCTGTCTCCCTACTATTCTCCATCTAAGGCCCAAAACTAAGCGTCTTGGTCACACTACCCTGCCCGCAGAAACTAGGCCCCCGGAACGCAGCCAAGTTTTATGTCTTCGACTTTTGCTGCAAGCGAAGAAATGGCGCCCATGTTGACTGACGAGCTACCAAAAAACTGCGAGAAGAACCCCAGTGTGCATGAACTGTCTTCATGAAAATATCGGTTTGGTTCTCGCAGCAAATACGCGCAGGAAGGTTTACATCCAACTGTAGCTTACACGAGACCGGTACAGCAAGTAAGGCGAGTACTATGAGCGTCTTGTAGCATTACGGGAAACTAGTGAGGAAGAAGACACTTGAGACGCTAGTTCAAAACGGTGGCGTCATGCGATACAATTTGCGGAGGTTCGATAGCATCTATTCGTTGTCAAGCCAATCACATGACTTTAAAGCTACCGACCTTGCGGTAATTACGTCGAGGGCCGTTTGCCCGTTAAGGCGAATTGGTCTACAGAGCTGAGCCAAGAGACCGAATACAGGAACGCGTCCAATGGCTCAAGTCAGGCAAGAAGGGCTTTCTCCGGCGGATTCGTTGTAGCCCACGGCAGGATCCAAGCGTAGTTGTCCCCCGCGGGTCATAGTAGCGGCCCATATACGTCGTCAATCCGTGAGGTGTCATCTCACCCACCCGCTAGTGCAACCCATATAACACCTTCACAATGCTAGCCATGGAGGCCTAATTAAGCTGATGCCCTCCTAATGAGAAGGGATGGCCCTTAAGAGCTTGTCCGTGTCAACTAGGACAGCTATCTACGCCAGTACTATCGTTTACGCCTTCACAGTGGAATCCTCCATACGGGAAAGTAATATATACACAATGTGTCAGACGCGAAGATTGAACATCAATCCTGAACTATGCGCGATGTTCGCGAGGAAGATCCGGTCATGTTGTAGATTCCGACACTGCCGCCGTTGCCCGCAGGCAGTTATAAACCGAAGTACTTAAGAACTTCATGGAACCCAGACCTGATTGATTCAAAAAAAAATAGGTTATGATTAAATAGGCAACCCTCACGGGGTGCGAATTATTCG,1575,50.48,Mus musculus
SEQ_946163,CGAGGCTTTTCAATCGTCCCCTGTCGCCAGGCCCGCTAACGTAATACAAATTTTGAATGAAAAGCCCGTACTATGTCTCACTAGAAATCATCTCCACCTCGACATCAGACGGGAATGTGGCCGCGTCCAACAACCATCGATCCGCAGCCGCCAGAAGTTACGCTCGTCAGGACTGTTCACTAAACTAGCTCTGGTAGGTGAACCAGGGCAGTTGCAGATGGGCTCACGGACCGCCAAAAGACCGGGCCTGCGCCTTGGCAACTTCTCTAGGAGGGAAGGCTCACATCTCGTCATTAAGATTCTCAGGGGTGCACGAGTCTCGGCTGGCGGAAAATGGTAATAATGAAGTGAGGCGGCATGTCTACAATTCTAAGCCATTAACCCTACGTTCACCCGATGCATCACCGATTACTGATGCGCTAGCTTTAGAGCTCTAGAACGACGATGTGTGACACCTCTGCGGGACCAAGCGGTTTCGGGCGTTGGGATCGTCGAAATCGTATAACGGGGTTATCAAAAGCAAGTATCCCATAGAGCGCCCACGTACGCTACGGAATGGCGCGTGATAGCTTACACACTAAGGAATGGGAGCTAGTTAGCGTTTTGACTGACCGAACCCTTTTCCCTGTGGTGTCCGTCCTTTAGAGAGGCTGTTCGTAGATGTGTCCAGAGGTTATCATGCTATCTTAATGTCATCGGTGCCCTACAAACAGCGACAGTTAATAACATGTTGGGGAGACTCGTTGGGT,749,51.4,Saccharomyces cerevisiae
SEQ_327278,TCGCCGTTTAGACCCCTGCGGTGACTCCACCTTGACTAAGGACCAGACGTTGGACACCATTGTTAACTCGGAGAAAATACAAGTGCGTATCTGCGCCGTTGCGCTGGAGTATGCGTTGAGCTTTTATCCGTCGGAACACGTCCGCGGTGCCTGTCCGCATTCACTTGATCAACCTAATTCGAACTATATGTAAGTTCGCGGTCCAGCGAGGCGTAATGAAGCGCACACCCTTACCTTTCCGCCGAGAAACAGTATTTACTCGGCAGTTGTTGTTACCACTCAGCAAGCTGTTCTTAGGTCCTGGCATGTTGTGCCAATTTCAACGCGGGTCTTTGGAACTATTCTCATACAAGATCGAAAACTGGAAACCTTCCATGTCCACGAATGCTGGGACTGGAAGTCCCAAATTACTGCCTGCAGAAGTCTTAGTGAAAACAGCGTTCTTCGTAGTTAGTAGGGACAGCTGGACGCAGCCTTCTGGACCTCACAAATCCACGGATTAGCCTGGGAGGTCGAAATGAGAAGATTCGTGGACTCGGCGATCTACAAGGGATGATCTGTACACTCTTTCTAGCAGAGAGAACGAAAGTCTGACCGCTGCGAATATAGATGCGCTAAGCGTGTATGCGCCCGTAAGGGAAAGCGTTTACAACGTTACAGTAGGACCGTAATCGAAAGGATGAAGATTCACCCCGTTTAAGGGCCCTGAGGTTCTTATAACAAGGAAATGCCGTGGCGACTTCTGAGTTGCGAGAACCGACTAGTGTAGCATTCACAGATGATTGGTACCCGTCATTCCAGCCATAGTAAGATCGGACCGAACGCCATTTGGACGCAACCAGGTGGAGGACCAAGGCATGGTGTATAACCCTAGGCTCTTCTATCTGACTGCTCAACTTACAGAGGACGTATCCCCCAGATGGGTGGAGAACGAGGAACTGCGGATTTACCAATTAGAGTCCGGCCAGGGCGTCAGAGGAACCGACGTATCGTCGCGTTGCACTAATATTTTGCACGGGGAAGATATTCAAGCTTGGATAGAAAGTTGAGGATGCCGCATTCGCTATTGAATCGCATATATCTGGGGGCTCCCTATAGTCGTTCTTCTATCTCGTCGAATGACGGCGGTGGAAGGAGACGAGCGGAACGGATGACTATTGTTTGAATACTGAATCGGAGTCTATCTTGTCTCGGATCAGAAAGGGCGTAAACTTGACACTAGTGAGTGACTAGGGATTACGTGCGTGCGATCCTGGAGGCAAAAGTGAACTGTTGCAAGAAGGTTATGCTGATGGACTAACCCGAGCTAATATGCTCGTAGTCTTCCGTCGACTACAGATGAGAGGCAGAAAAGCTGGTCACCGCCTTTTAGGTTATAAAGTTATATCAGACGATTCTAAATAGGACGGCACATCACATTTCGCTTATGAACACTCTCAGACCAACGAGTCCCTTTGCTCTTAGATACTTGGCCGAAACAGTCATCCGTCCGGACTGGGTATGGCAAACGTCAGCGAAGAATGGATCATGTTTATAACCACAAAGACCAGAGGCAATGGGCGTAGCCGACATCATTGCGGTCCGCTGGCCGCTGCTAACGGTCGCCCAGGCCCTCATCCGCGGGGACAAAGTTTTTTACACGAATACCCTTGTCCATCTAAGGAGCCAGGCCGTGACGAGTTGCCAGTCGCGTCCCACGGACTTGTTCAGGATCGAGGT,1719,50.03,Mus musculus
SEQ_627964,CTACGGTGAATACATAATAATAGGTTATAGATCTTTGTTCCAAGCTTGCCCCTCAGATCCCTTCCCTTAAGTGCCAGCAAGTGGCCAATGGTGTGCCCACTTGGATTTATTAGCGAGGTTGCACGTCCAAATTCAGGGTTTTATTTTGTAACAGGTAGGCGCCGAGTGAGCCTAGACATCGCCGTGTCTCGCCGATGACCACCGCGCGTGAATAAACCGACATATAAATACGGGGTGTCGATCGTCTGTCGTGTCATTAGATGTTTTAACGCCGAATGTAAGGGATAGAACAATTGAAATTTCGAGGATACAGGGGGAAAGCTGATTTGAATTGTCTTCGAGGAGGTTGTGCCGTAGATATCTTTATCTGGACAATACGTGTGTTAGCTCGATGAACTGATATACACTGGTATGCAAACCCTGATTACAGATCTCCCAGAGCGGGATGGTCGGATTTTGTAACGACTAGTCGGACAGTACCCAGTGGGGCTCATGCAAATGCTGCCATGGTTGTGCGCGTTACTGGATGCTGAGGTTCCCAATAGCATGTAAAGTAAGTCTCACCTCGGGACGACTAAGTCACTCCAGCCTTCATGGGGTTACTCACTTCATCTGAACTTCCGGATCCTATCAGCAGAAATGTCTAGTAGCTGCACGTCAGTATACTCGGTCCAGCATCTACTAGAATAGCTCGGTTGAGTACAGTCTAACCGCGAGACGCCTATGGCGATGTATGTAGGCCAAGGCTATCACCACGTACGACATCTATCTGACTACTTAAAATCCCGTGTACTGAGGCTCCATGGGACTCGCA,814,47.79,Arabidopsis thaliana
SEQ_926665,TATGTTAAAAGTTATGGCCTCCAGTTAGGAACACACTCTGGAAACACCTAGGAGACGTCGGATTGTACAGTAAGTGAGCCCCTCCTTATTCACCGCTCCGCCCCTACTTCGCGCATACATACTCATCGGCGCCAGTAACGTCTATAAAGGGTGCAATACATCACTTGGGTCTCTGCTCGGCCCTGTCCCGGAACTCGATAAGCACGAACTAATGGCGGTTCGTGCGTGTGCAGTCCGACAGCTGCGTCCGCCGGAAGTTCTCACTCGTTCCCACACGTGCAGCACCACCACGTGTTACAGACCCGCGCCGTACAGTTGGATCTTATGTGAATAGAAGGCATATCCCATAAAGGGAGATTGTTCCTGTATCTCCGTCCCATGTCGTGCCTTTGTATCGAATATTGGAAAAGTCGTTCAGAACTCCATTGGAACGGACTTAAGTCTACATTAGCCTGATGGTCATGAACTTAAACTTCTGGAGTAAGTTAATGAAAAATTTCTAACCTTGGACCGAGTAAAGGCTATATCGATGTCATGCGCCAATCCGATTCCACCATTTGCTCAGATGTTACGTCCCTGGAGCGAAATTTAGGGTGACTGGTTTTCGGCAATTGGGAACTATGGTGTCGCTGACACTCTGCACCGATCTTTAGTCATCAATATCTAATCCAAAGTGCGTGCGCACTCGACCAGTACATTTCTCGCAGGACCTTGAGAAAACATAGGATTATAAGCCTCCTTCGAATGCTTTACGGCCCCAAAGAATCGTTATTACTTCCTTAGCGTGCTGCCCACTAAGTTCGGGTATCCACCGCAGGTTCCCAAGCTAAGTGATGTGTTTCTATTCAAGGCAGAACCTTCACACTTGCAAGCTAGTAGATTAAGTTACTATTAACCGCGACCCCGAACTTTTCGTTTGTCTTGAACACAGCCGGCCGCTTAGTCGTAGCCTATAGAGTAACATAATAGACGGAGCTCACGGTACGCAATTTAGCACCAAAGCCCTCTATGATGTGCGATATGAGCGAGCGCGAGAGGGAAAAAGTTGGGTGGAGATCGTACTCCGTGCATCCAATCTGCCTCGGCCACCGGGAGGGTCGATGCGAGCTTGATCGTTCATACGCGAACTTCTACCACCAGTGTGGTCGAGCCCTCTGGGACTCAAACTAGGCGGGTTGTGCGCTTTTCAGGACAGTTAGAACGTTGTAGGTGACTGGGGGGTTTTACACATTTGGTCACGATCGGTTTACAGGGCGAGGCGCACCCAATGCCCCGAGCGCACATAAAGAATCTGAACTGATCGAGCCAAATGGCAACCCCGGCAATCCATTGGCCGTGCGGACCGTTGGGCAGTTGGTACAGCGGCCTTTTATTAATTTCCACCAAACGATTGCCCTCGGGTAGCTTGAGCCTGCAGCGTACTGTAACTACATCCAGCCTATCCTTGGCTTTGACAATAGAACCTGGGAAGACTACGCTGGATACATACCTGTCAGACGACGAAAATCAACGTCCGCTTCGCCCGCGGTCTGAGCAGAGCGACCGGGTACGCTGTTAGGAGGTCAGGGATTGTAATTGCTTATGGTCGAGTGTGACACAGATATGCTTGACGTTTGTGTTGTTCCATCGGTTTGCACCGGAATTGCGTTAAAGCGTGACCCTTGTGGCCACTTCCACCGCGATAGCAACGGTGCGGTCAATTAGATAAGCGCAGCATTATTTGTCCGAACTTTAAGGCGGCACGATTACGAGCAAGTGTTTGGTTTTGAGTGGGTTTCTTTACAAAAGGAGGCAGCATTGGTTACACTAAAACCGTTTTATAACAACGCATATCCGTCCGAGAGACGCGGTGGGCGTCACTGAAGCGAACACTCAAGCATTGTACCAGCATGCCAGCATGCGGGGGCCGCTC,1912,50.21,Escherichia coli
SEQ_394486,CTACTAGCGTCCGCGGATATTTCTTCATACCCTCGACATAATCTCTGTGTATGACACGTACGAAATAGTAAGAGACCGAGCGTGTGCTTTCTTTAACAATTGTTCTCCATGATCGTACGGCCCAGCTATAGTACAAAATCTAGAGTTTATGTAAACGTGGTTTCTGCGGATGGCCGATGGTTGCTGAGAAATTACCGCCATTTATTAATACGCCTCACGGATGTTCGTGCTCGACAGTCGGTCCATATAAGCGGCCTCAATACCGCCAACTAATAGTAACTGGGTAGATAACAGATCGGCCTGAAGAGGAGCACTATGGTCGAGGGTAGGGGTAAAGAAAACGCCACGTCGCCAGCGGTATTGCCTCAAGAAGAGCCGCGGGTAGAGTCTAATCCTCCGGTTTCCTTCATCAGACTGACTATGCACCCGGGACTCGCGTAGTAAAGATAATGCTTACGGACAGGGTAAGGAGCCGCCAGCCAACCCGCCTCGAGGTTTATCGGGGGCTTCGAGCATATGTGAAGAGCACCGGCCATACTCCCTCGTCGCAAATCCTGCTTTACATTGAACGGGAGTGGTCTGTGCTCCTTGCTAAATTCTCTAGAATGGAAGCTGGAGCTGATGCTCCGAAGAGTGGGGCCTTTATAACGCGTTCCCAGCGGTAGCAGGCTACACGTGGTTCGAGTGACGCCTGGAAATATTTCCGTCCATACGTCTGGGGCACCGGTCCTGTGAGAATTCCCTAGCTTT,750,50.8,Mus musculus
SEQ_331417,CTGTCTACGTTATCGAGTCTCCGTTGGTCCCGGGTCCTGTTTCCTGTTACTCACAGGCTTAAATTCAGGTGGGTCGGTGGCTGCGCATCATAGGTGCGTCGTTTGAGACGAGAGGAAGTTTGTCAGACTTCAAATTTATCGACAGTTTCGGTAGCGGACCTTGAGAACAACTGTTTTACGGATACCATCGGAACGGAAAGATGGAGATT,209,48.8,Mus musculus
SEQ_159697,GTTGCTACGGCGCCGATAACTTGACCCAATGCCCGAATAAACAATGGCTCCTACGTAATCCGTTATTGGAGACCCACCTGACTCTTCGTCTCGGCTATCATTACAGTTCCAGAGTATCGAAAACACGACTGCGTTCACAACCCTGTCTTCGCGTATAACGCGCGGGCGTAAATTCTAAAGTGCTAGCCGTGCTCCGATTCTAGCGGAGCTAGGGCGGTTCTACCGTATCTGCCATTAATCTATTCCTATTCCTCCGTCCAGACTATTTTCCCATCGTTCGAGACCCGGTAATTATAAGGTAGAGCATTAAATGAACCTTGGAGCTACTGGCGACCACGCCCGATCCGTACTAGCTCAGCTACGAACATCAGACAAGTAGCGTCTTGACTCGGAAATAGTTGCAGCCTGCGTACCTAGCACTTACCCTTGATATTTATTGCATGGCTAAACCCAAACTGACTAACGAGCGTAGCACCTTATGCTGTACCATATGAGTTAATGTCAATAGCAATATACTTACAAAGCAGGGTCGGTCTCTCTTATGTCCGAATCGTCGTTAGGTACTTCCCTAAACTAAATCTAGTC,585,47.18,Homo sapiens
SEQ_458985,ACATTATGAACTTGCTAAAACAATATGCACTCACTCATCCGCTGGTACCTCCTCAATGAGTACCTACCTACCGATACAGTAGAGTATCCTCGGAGGACAACGGGAATGGTCCATAAAAAAGGTGCTGTGTGTGCGGGGGTGGGAGCGTAGTTTACTCCTAGGGTAGGAGACGTGATATTCCTGTTCACAAGC,192,47.92,Arabidopsis thaliana
SEQ_700621,CTCGCAACTTTCGTTTGAGAATGCCCATGTAGTCCGAAAAGCATGGTGGCGATTTGTCGAGGGTGGGGTCGTCGGTCATCCGGTTTTATTTAACGGTAGACACAGCGTAGAAGTATGAAACTTGTGGGGTTCGTACAAGGATCTTGTACCCTCCTAACGACACGGAGTTGCCCGGGAAGATCGTATGGAGGAAACAACAGCCCACCTTCTGCCACAGCATAAAGTAGGTTTTGTAGGTTCAGAACTCGGCTGCTTCAGTAGGATAGTGGAAATGTAACTGGATGATCCCAACTCCACGCGCGATACGCGGTCCAGTTCAGGCTAGAATAGCATTCATCGTAATTTGATAACCCTCAGCACACCCTCAAAGGAAGCGCCGATGACACTGTACAAACCAGGGTAACTTTATACAGCATCGTGCAGTTTCGAAGTGGCACCTGGGCGCCCCCTTGGCCACAAGTCTCTCTTTTTCCCGCTCGTCCCAGCATTCAGCGTTTGTCTTGGTGAGGGAGACACGGCCCCTGTTTGTAATTAACCGAGCTGTCGGCATGTAAAGAACTCGAATCATTATAC,573,50.09,Homo sapiens
SEQ_265391,AGGGTTCTGAGGTTTTTTAGATATTCGCGTTACGTACCGGTCTCGTGCAAGGTTATCGTACGCGGTTTCTCCCGTACATCAAGCGGCAGGACCTATGCAGGCTTCTGGTAGTGTCCGCTGTCTAGGCCCCGACGTTAGTTGAATCCAGTAATGTTCGCTTTCTAGCTAAAGGACTTGGGCCCTCCGCCGTCTTTACCTATCCTTAAATTCAGCTGCGCGGAAGAGAGCGCGCTCTCATGTTGTGCTAGTCTCGGTGACCCTTTAGTCTAGGACTCCTCACCACAGAATACGGACCATTAGACTTCAATGCGCAATGCTTCGAGATAATAT,330,50.3,Caenorhabditis elegans
SEQ_334128,TGGCAGGCCGCTTGAAACTGCCTTTTCTGTACGGCGGCTGCTGGGTAGCCTGGGCGGCCTTCTAACAGGGGGCCGCCTCGCTGAATGTCCCGGAATAACGTTCATTTTTAGAGCAGGATCCTAATCGCCTCAGATTCCCACTGGGGAATCAAACCACGGACGAATAGGAGCGGCCAACGCTGTAACCAATGGGAAGTTCCTAGCACACTTCCTCTATAATTAACGCCATTAGTGTCATAGTGACGTAGGCCAAACATGACTTCAGGTAGTGTCATTGTCTTATTGGGCTGAGTAATGGTCACTAGATACGAGTGAGGACTGACTCGGTCAGTTACGTCTTTCCGGCTCGGAGAAGAAGCAGAGTTAACCGTCAGAACTCTACGACTTTAACATGCAAGAGGTAAGGGACTTAGGGTGGGTTGCGTTAAGCAAACGAAGTCGTGTCAAACGATCGTGAAGACGATGTGGCAATAAGTTAAAATACAGACCTCTTATTCACATCATATTAGCTGTA,514,48.64,Homo sapiens
SEQ_104623,ATGATGCTTACAGGATGGAGTTCTTGCTTTGTCCAGGGGCGTCCGAAATAGCGCAGGGTGCGCACTGGTACTTATTGCCTTAACGTGATCGAGCAGTGGATGTTGTCGCGTGACCCCTGCTACTTTCACCGGAACACTTAATGCTTGCGTTCCGGCTTTACCCACCGTATCGCGTGCGATATTGCGCACGGGGTGTGTTTATCTCGGGGGCGGGTGACCCGGACTAAGGGTGTTGCCAAGCTCACAGTGAATGAACCGTATTGTAGTAGACCACAACGTTTATTATTAGGTGTAATAGAAGTGTTGATATGGAGTAGTCGCTGGGATTAAGGCTCCCTCGACTTGTGCATCCAGACGCGTATAACTAATGGATATCTCGGTCCGTACACGTTCGTAAACTATTTGCTAGGAGGGCTTACAACCCCTGACCCCATCGCCAGAACCGTTCCCTGTGTTGATAACCTTACTAGGGGCACACCCCTGAGATGGGGCGGCTTGCCGTAAAAATCTCGGTGGCGCCCTGGAAATATTGGAGACAACACCCCGGCAGAGTACGTTTAGAGTGCCATTATGCTGCACCAACACTTATAAGCTCGGATGTAGTGAGATGTAAAGAAGCGTGACTGAGTTCGACCTTTGAGGGCAGCTTCAATTGTTGGGAGGGAGTGTCCTTTAATAGCTAAGCCCCCCCTATGACCTACGAAATACTAAGCTCGAAGGCTAAGTGTCATTCAGCAGGACTGCGGATTCTAATTTTGTGTCTCGATCACAGTAGTAACCCCGTCCTCGTGGCTCCATCATCGCTTGCTCTTGGCGATAAGGATATTTACGGTGTATTCACGTCGCCCGATAGTAGCCTTCGAGCAGTATCGTGCGAAATGCTCCGGTAATTTCAGTAATTTACACCCAAAGTAATTGTATAAAGCCTCCGGCGGGGATACAGAAGGTCTCCGAATCTTGAAAGTCACCCCCTCTCCGACAACCGACGTGGCACGGAGGCCGGCCCCAACACAAATATACAGGGGAGTAGATAGTCCAGACACGGCTACTGCTGCATAGCCTGGGGAGATTAGTCACTATGGCGGCAGGCCCGTGTGTCTCAGCATTGCTTGGCAGGCACACTTGCTGATCTTTCCCC,1138,51.23,Homo sapiens
SEQ_281641,GGTTTGATTTGGATTGCGTTTTCCGGGACGAGAAGTCTATCGTGCGGATCCACAATCCGTAAGTGATAGCCTTTACTATTAATGTTTAGAGGTACTCTTCAAACTTATTTGTGGCTGGGGTTATCACGAATGTCAAAGAGGCGCTATAATAAGGAAGGTAATCAGCAGGGGCGACAGTAAAGCGCCGCATATATTCCCCTACTGGATTCTATGCCTCCAGCCAATTGGACTAAGTTCCTGTATGTAATTTGCGAGTGATTAGTAGTAGTTCGAGGAATTAATGCGCGAGTTCACGCCATTGCGATCGTACTGCCAAGGGGCCCGAGATGATAGGTGTACGTTTTGTAGCCTGTACGACTCAGAATAAGTAAAAGTGTTTAGACCTCATCGGGTTCAGACTATTAAGAGAACACGATGAGCTTAGAGCAGTTTTTGGTCCTCCGATCGAG,449,44.99,Caenorhabditis elegans
SEQ_435094,TATCTAGCGCAACTTTACAAACCTCTTCACTGCGAGGCCTAGTGAAGGTTCCCGGAGCCCTGGGCCAACTACGGTGGCCTGAATGTCGTCGGGTCAGTGTGGAAGGGGCTCATCAATATCAGCGCCCCACCGCGTGATTTCACTTGCTATCACTCGCAGAAACATA,166,54.22,Escherichia coli
SEQ_926684,CGTGAGAACTACTCGGTGGCCGCGAAGTATTGAAGTACGAGTCCATGCATGTACCATATCGCCAATACCGAGTGTCTAGAAATAGTACCCGGACCTGGCCTATGGTTTACTGCATGCCCAGTCGTACATCCAAGGCGCCTATGGAAGGAAAAGATGAGGCAAGAGCCATATCGAATGTCAGACGGTGTCTTGGGGGGCTACTGACAAAAGCTTGGCTGAATATGTATAAAGTGCAAATTCCTGGACTTTGCCCGGTGCGGTTCCATTATGTGCACAGAACCTACGGAACGGGAGTAACAAAAATCAGAATTTAACTCCACGGCCCGTTAGGGGGACCGCGAGTTGCTGGGTTCGCAATAATACCACTTGAACCTCCACTTCGGCTCGAGAACCGTCCGCGGCGGTCTGTTGTAGGTGGAGGCTCTGCGTGAGAGATCACGCATGGAGAAGTTGAGCCTGCATCGAAATTACCAGTCTAAGATGAGAGCAAAGTTTTTCTCTTTAATGGGTAGCGGTGCAGATAAGGTAAGCGCAGGCGTGCAGGGTCGTTTTGCACCTAGGGGTATTTTTACCGCAGCCACTAGGTTTCAGCACTCCTTTCCGTTATGGCACCCCATCCGGATACAGGTCGAACATGCGTCGGCAATCGACGGAAGGCTGCAGAATGTGCCGACCACACTAGGCGTTGAATTGTGTACTGTCTTTTGGTGAACCTGGGCTAACTGATCGTCAAAATTCAACTCCGGTGGTGCAATTCCCCTGAGCGCCACTATACGTATGCGGCTGCGCGTATCGAGTGCTGGATCTCCAACACCGGCACATAGGTCCTGCTAGAGTACCTCTATCCAGTGAGGAGGTTTAGTACATCGGGCCCTCCACAATTCCTGTAGTAATCGGCTTTTGTTCCTGTATAGCGGATCCACACCAGCAGGGAGCACCAATATTACACCTTGTGCACCTCTCCCGATATTGAACCAAGGGAGGTAATGGAGATTAATCATAAAGGGTTGGCATTAATGAGTGTTAGCGTCGTACAGCCTTCAACATTTGCTGCTGCGACCTGAGACCGCGAGATTGTTGGTGGATTATACGATAGCACCTGCAGCTGAGGTTAAGAGCTATGAGCTCCGTCGGAATCCCCTCAACCTCCTGGCAAACCTTCTTGTTATATAACGCAGGGATGAACAATCCTACTGCGTTTGGTTCGCTGGGCAGTCAATCTACGATTTTGCACACCACACTCTACCTTCAGCTAATGAGGTATGTTCCGAACG,1274,50.55,Mus musculus
SEQ_129458,AACACACGATCGTTGATCTTACCGGGGTAAGTTATGTGTCCACAACGAAGAGTGCGCATCCGCAGACTGGCGACGGGCGCCAATGGGAGAAAACGTAATGCTAGTGATCTAATCCGAGGCGGCGGGTAACCCGCATGTCTAGCCTTTGCCAGGATCACCATGTGTGGGTACTAATAGGAATAGAGGATACACGGTCTTTGGTCAACTATGTGCGCTGCCAACGGCATTATTCTGACGCTGTCACGATGAGGCTGGAAAAAGCACGGATGCTTGCGGATTTTCACCCGGGGTCCGGAGAGCACGGACGAAGGAATGTTGGCATCGGAGAGTCGGACCGCGAGGATATCCCTAAATACTGAGACAACCTTCCTAGGTAACCTTCACCTCCGAACGGGAGGTACGTCGCAATTTCCTCATGGTCTTCCTACCGCTCCCGTCACCTGTGATGGTTCTACTCCAAGACCCGCCAAGTCTGACGCGTCTTAAAAGCTCCTCGCCCAAGAACATACTGTCTGCCAGGCTGGATTCGCCACGGCGTTTTGAGCAACGTCGAGAGGGCACTAGGTAGTCCGCCGCCCCACATCTCACGCCAACGCCTAGTTTGTGGTATTGCCGGTACTGCATGCACCGAAAGAAATATAATTAAGTTCGGTTTACCGTTTTGCGTCCATCCACCACCTAATCCACCTTCTTATCGCTGATATTATAGCCGGCGTATCATGAGGCTCGGGACAGCGTATCGGGTGCCGTGATCGCACGATCATCCCTGGGTTTGGCGTGGTTACGGCTGCGCGAGGTTAGAGAAGTCTATATGTCACCTCGTCGTATGGTCCGGCGCCCACCTTAATAGAGTAGGTTCCAGAGCGTTAGCCTCACAACCACCGAGATGGAACCTACCAGAGGGTCTAGGACAAACCGCCCTACCCGGAATTAGAGATGTTGTCTGATCGCCCAAGTTATCAGTGGAACTCCTGCGCGCCTCTACCTCACTGAGGTAGCTTGCTGACTGTTTCAGCTGCTGCCGCTATGCCATCAGCAACCAGTATTATATCACGTTCCAGGCCGGGGTCCGAGTCTTGCCTGTACCCTTACTGCAGAAATCCATGCCTAGTAAAATACTTGCCAGTCATAAAAGCATATAATAATTAATGTCAATCTCGCAGGTCCACAAGGCGCTCTGCCTCCCGCGCAAATTTCGTGGTAAGAGGTTGCAATAACCACCACATAATGCCTTGTAATCAGACAACCTTTCCTGGAGTCATCTCTGTACGAGCCGATCAGGGGAGTCTTCACCTTGGTTGGTATATGAGTTCGCCTAGCGGGAACAGGGGAGCATCCGACTATACCTTAAGCTTGAAGAGGCGGTTATGTGTAGCCTAGAGCCACCACCCGGAGAAATTGGGGCTACGGAGATGGCTGTAAGCTAAGTGGCACGGTGTATCGTCCCCTTGCCCCGGGATTTCGAACAAACAACTTCGGTCAAGAGGCACGTGCTCAGGCACGAGTCTATACTTATCAGTACCCACACAGGGATGCTTTATCTATCCACTCGAACACATGTTCAAATTAGACGTGAGGTTTATCGGAGCAGATATCCTGTTGTCAGAAGTTGTGCGTAGGAGTTCACGGAATAATGTGATCATAGGGGAGGGATTATTAGAAGGCTTGCGTAGGCCTGCTGGGATTGGCGGGATGGTCGCTGCTGGTAGCTATCAAAACGGCCTCACTGAAACCACCTATATCGTAGCACATGGTTATTTTTGGGCTGTAGTGCCAATATCCACCTGCTGAAAGACCGGATTCCCTATGCATGGGAGCCTTCCTACGCAAGGGTTCGCCTTGACAGCCTAGCGGCCCTGAGCTGCAGCTTAAATCAGAAGCCGTAACACGGGTTGGCCTCGCCT,1904,52.21,Caenorhabditis elegans
SEQ_711113,AGGGTGATTCACCCTTTCAGCTCGGCTCTTACCCTACCACGCGCGCTCGGAGACTTTAGCATTGGACGCTGGCCTTCAAGTTTAAGCAGCAGCGCGTCAGCTTGCGAATTTCGTAGCAACGTTTTACTGCCGACCCAAGCAGCCCAGTATACAGGGACGATCGACATCGTCTCATTCGATCCACGGATTTGGAGTCGGACGAGTGTATCGGGCTGTTGCATCCAAAACTTTCTTTACTGTTGATACAACTATTGTGGGTATGCTCAAAGGAGGGCTATATCTAATTAGATTTCAGGACGGTCACAAAGCGGGTGGTCGTGTGGTGCCTCAGGCCAAAGTTTCGCGCGAGGA,351,51.57,Homo sapiens
SEQ_714781,GCTCAGAAGTCCACCACCCTCTCGGGAAAGAAATAGGATTAAGAGTACACACGCAACCAGGTCCGAAAGTCTTTGGAGCATACCCAACTCAATCGAGGGCTACTCCTACGCTCACCCCCTGATGAAAGGACGTTCGGTTACTGCACGATTCGACAAAACAACATGTTAACGTGGGAAAAATTTCCACGTTAGAACGAAGAGGTGGAGTCCGAGCATATTGGAACGGGGCAGAGTAGGATAATTACATCTGGGTAACACCGGTACTGTTCCCTGCCCAACGCTATAAGTTGAGGGCGTCGTTTTCCCTCGCCGGAGGGGCGTATGCGTCCTGCGGTATGCCCGCACAAGACGCCGAGACTCCATTAAGATTTGGGGGCTAAGTCACATGAGTTCAACTCAAGAAAGTTAAATAACTCAAGGTCACTAACCGTGTCTGTGCTCGGGTTAATTGCTCATGATGCTGTCCAGTGTTTTTCAGATGATTCCCTTAGGACTTCACTCGGGCTATCTAGGCCCATATAGCGGTGTAACTGTCAGACCGAGCTATGGATAGTGGTACCCGACGATAGGGATTGCGTGATGAAATGAAGGGGTCAAGGCTATTTCCTTGAACAGCAGAACCAAAGAGCATGTCTGCTCACAAAAATTCGCAAGTCCTTATCTCAACAATGTATTACAGAGGTAGTCTGTAAACAGGGAAGATGTTCGTTTCTTGCAGCCGTAAGAAATCATTCAGCCCACTTGTAACGGAACAGCTCAGCTTCTCTCTTTGTCCGTACTTATAGGAGTTGGCTTTACCTAACAGACGCAGGTCGGGAAACTACCCGAGTCCAGTGATTGGGCCTACTTTACTTAGAACGCTCGATGGCGGATTGAGTACGGCGGACCATGTTACGTATTCCCGACAACACGCTTGGGTATAGACACCATTAACTGGGCCGGGCCCCCTCATGACGAAACCTTTTGCAAATTGCCCTACAGGGTACATAAATGTAGATTAAACTTACCAATTGTCAACACGCTGATCCGAGAAAATATAACTCAACACCGCCGGACGAGTTGAACAATTTCAAACGATTCCCTCGTCGACATGGGATAACCAGACCTTGCAGACGCAAGGCGCCGCCGACCTTTACAAAATGTGTTTCGAATTGCACACCTTAGGTGGAGCGGATTCTGCTGTAGATGCGCATGGTTCGAACGCCTTATCCCTACTGTGTGACTAACTTAGCTATATTACGAAGACTGGAGTATTCACGGCCGCCGCGGGATAGGTGGATTCAGGTGGAGCTCGCCTAGGCCACGGCTATGGTATACCGCTCACTAGCAAAATAAGCTACACAATGAATTCGAAGCTCCTTCACCAGGTACGCGAAAGTGTGTGCAACGGCATGTTAATTGCCCCGATTTATACAGTATGACCTAAGCGGCCGACCACGAGCTTTGGTATATGTAACTGCATAGCACTCCCGAGTTGTAAAGCGGAGTGCACCGGCCCGAATTTTGGTCTTGTGAGAACGTATGCTTACGCAATTGGTTCGCGGTTGATTGCAGCCGCTGTAGGCAGCATCGCAGTACTTAGTGGCGACGTACTGGTCTGGGCGAGGAGACGAAGTGTCAAATCTTGTGGTGAGAATAAGATTGTGCGATTTATCCTGACGAGCCCCACGAGGATAATGAAAATCCGTATTCCGCCCCAACTACGATACTATTTAGAGCGCTAAGCGCGTGTCCTAGCACTGACCGGGATGTACCACCTACGTCTCAGGCCGATGGTTTTCCCCAGATCCGAGAGACGTAGCAAGCGCTTTTGGCAGGTCCCGTCGGATGTATAGGGCTAACCCGCGTGTTTTG,1854,49.57,Arabidopsis thaliana
SEQ_296056,ATGCAGGTATGGTATTCCGTTTCATCTCGAAAATGGCATTTGAACCGGAGCGTTATTGCGAGACGAATTAACTCTTTGTTGAACGATGGAGTGTCCGCTCATACTCGATCGAAGCCCGGATTGGTAATGACATTGCCAGTGGCCCCGGGAGGTCTAAGCCTCCTCAGACCGACGCAACTTAGAGAATTAACCACCGTAGCCCTAGAGCTCATACCGTCGAATTCTAAGGTCTCATAGAAGCTAC,244,48.77,Saccharomyces cerevisiae
SEQ_201962,AGTCCCACTACGCCGTGTATCCGTGAACAAGAGTGGTAAGTCGCCAGTCTGTTAGCAGGACTATGTAGGGGGCCACATTAGCGGAAGACTAAAGAAAGACAAAAGCCTTGCGTGACATGTGGCCGACGGGGGACAAACTGGGGTCTTCACTCGGCTCAATTGAATCAGTACTGTTGAGCGAATGCGCGTGCACGCGGCAGTCGGCGATACTACCTTGGGGGACCTGATGACACGAGCAATGTGAAGCCGCCTCGTATGAAACGTTACGCGAGGGAGCCCCCGGCATAATCCAATCCGAGTATTACTGACGGTCTGACGCGGTACGAGAGACATCCCCAAGGGGGCGATGAGCGCTACATGACTACAGCGTAGTGTCGCATCGTCTGCCCGAGGTTAAGTAATACAGCCTGGCCAAAGCTAAGACGAGTCAATCCACAAGTTACATACGAATACCCACTACTAGGGTCCCTCCAAACCCGATGGATAATTGTCTGGCTCCCGCGATAGACACAGGATCACTGATAGGAATCTGAAATCGGGCCGCCGCAGTGTGATAATTGTATAGGTTAGCCGGAGTCTAACGGAGTGGGATATTGCCATGTAGCATGACGTCGTGGGTTGCGAATCCGGGTCGGCAAACTGCGAGGATGTTCATCAACC,660,53.48,Mus musculus
SEQ_600874,GTAGCACCCCCGCCGTGTATTCTCGCAATGCAGTACTCGCATTGTATTAGCCTACCGTGGTGCCGCGAAGCGACGAGTGCTTTGAGGTCGTATCCAGGGCATGCCGCCTGGTTCCGGAGCCGGTCTCCTGCTCAGTTGCCACAGAAGACGGATTAAACGCGTCTTAATCTATCGTAACAAATAAGCTCTCGAAGGCACCAAGGCTGTTAACCTATAGATAATAGTCCTTGAGGGTACAGTGAGCAGCAAGCATAGCTGCCCCGGGAAGAGTTACTAGATCTCCCGGGGTTGGCTCGAGCGGGAACAGCAATTGAGGCGGGAGACTAGCTACTCGGATGAACTTGAG,346,54.05,Mus musculus
SEQ_519865,CGCCGGAGGATGTGAACTGCCTGAAATACAGGCCCGGAGGGCGTATTTTGTGAGTATACGTCTGATAGGGGGTGCTCTCATTGTCGATTCTAGGGAGTACTCACACCGCATAAATTTGTCTTGCTATTTTAGTTAGTCAATTAAGCTGAAGTGACGTTGAGCCGAACGAAACAGATTGCAAGTGAGATGGATTCCAATATCATTCTACGTTTTTATCGGCTTAACCATCGATTCAGGTGGGAGTATACCGATGGCCCCAATGGTCCTGCCCCCTGAGAGCACCC,284,47.89,Escherichia coli
SEQ_771527,CATAGATCCGGATCGAGTGAGTCCCGCGAAAGTAGGGCGAGAAGTATATATACGTTTCGGCTCGGTCTCTTGCCATATAGGGTTAGGTAGGGGTTTGCTTGTCGCCGAACATCTGCGGATGCCGCCCCCGCCGGAATGCAATATTCACACGGCCGTATTTGCTTAGGGCTCCTCATTAGTTGTCCAACCTCTTTAATTCGATCGGGCAGCCCGACGCTCTAATATGCCCCACGTCGTGCTCGCTTCAGTACGATTTTGACTTCTCAGATAACCCCCTACCGTAATTCTATATACTCATGTAGAAGTCGAAGTTAATTTCCCTGTGCTTGCCCACAGATACTCGGGCGTTATGATCGACATGTCTGGTAACAACCCCTCGCTTCCGCGGTCCCCAGGTGCGCGCCACTATGTAAGCCCCAACGCCAGGGCCAAACGGATTAAGCAACAAACTCATCGTTCGTGGATTGCGAAAGACTCCAGGATCGGTCCGACTCATATCAACATACCTTCTAAAGGACCCTCCGTAACGCACAGAACTAGTGCGTGGGCAGAGATTCCTGCTAGAGGGTAATTTGTATAATCGCGAGATGGACGCCGGGGTAATACTGAACTTCAAGGCGAGGTACCCGTAAACGTGGACACGCTCATTGACGCAAAGTCGTGTCCGCAATTGCAGAAATTTTTCGCGCCGGCTTCCAGCAACTTTAATCATGCAGTGACGGAGAATTCGGCCCACAAAAATTAGGTCTCTTTCGCACTCCAGTACCCGCTGCAGGGACTGAATGGTGTAAGGCGACGTTATGACGCGATTTGCGAGTGGGCCGCCAATGGCGTAGAGGGGCGTTTCCTTGGATCAGGTTCCTTGTATCTTATCATTGTAAGTGGGAAGTAGCGTCGGAAA,901,51.5,Homo sapiens
SEQ_171360,AATGCTTGTTATGGCAAGGGAGGCCGGGCAGAGTAGCATCGGCAATTACAAGGCAGGCTCCTTAGTTCCTTAAGTGTAATTAAATTCGCTCAGGACTCATGACACCAAACAGCCGATGTCCTGGAGTCACCCGTGATGCATGATCGCTCCGTTTACGGCGTTAACTATGGGGCCGTGCACGGTCTTGATAGAGAGGGAGCGTGCGATTGACCGGCTCACGAAACTCTTATAGAGAATATAAGTCTGGGGCAGTATGGGAGATAGGAAGGCTACGTCTTCTTAGCCGTTGTACAATTTTTTCTCAAAGTGCAGACGTCGGCATCCTCATTTCGTAGAGAGCCTAACAACGGATCGCTGTCAGTCCAAGGTCTTCAAGCCCGCGGGAATACCATGGATCGAAGGAAGCGTAAATAAAGGGTATGGCGTCATCGGCATAACGCTCTCAGCAAAACCCACGTTCACGCACCAAGAAGCAACCGAAAGCACGCCGAGCCCTTGTGCGACACTACAACACCGTTCGGTGGTGGTACGCATGAAGCCCGCAGCGAATGTCATTCGTCCGGACCTACCTTGTTGGAAAATGTCGCCCCCGCATTCGGCTCTAGGAAGCTGTGTCTGGCTATCGTCGGTGCGAGCTGGTGTGACGCAGAGTCTGGATACTCCAGAAAGCCTGCAAGTTGGTATGTTGGCAGGCCACTAATGCCATACAATAGCAAGGATATAGTGTCTGATAAGGGAAACGCGTATCAAAAAGAACAGGGCGAATTGAATTTTCGACTTAGGGGCCTCCTGGGCGGTGTATGATCTGGCTTCCTTGTGGCGTTGATTAATGGACGTACCCCGGTAAGCACGAGGACTCACTCACTGCATAGCTATCTCACAACGTAGTAGTGCCGCCGAGGTTGGGACCCGTACAGTTTGGACTGTTGGCAAAGGTACAGCGTATAAAAAACGATCAGCGATGCGGAAAATACTCGTTAGATATCCCGAAACACTGAGAACAGACAGATATAGGGACTCGATTGATAGATGATGTTTAATGTTCCAACGGGTCTGCTAGCAGCGCGAACTCTACAGATCTCCTTACAGACCGCACGGTTCAGTAGATAGGACAAAGCAGGCATAGCAGAAAAGTGGCCGGATTGCCGACTATCGCGTTCTAGTCTTCAGCTGTCGAACCCTGGCCCGACACCGGATAGGATACTAACTCCGGACGGCTCAGGTACGCACTGTTCTGGCCGAACGAGATACCGACAGGAACACATAACCCGTGCAGTTTGATCATCAAGAGTCAGGTCAAGTGTTCTTAATTGAGTGACTCCTCTATGATTCAATCCTAGCTGGCGCATCAGGCTACCGTAACTTCTGATATGGTTAGGTCGCTAGGAAGTGAAAACTCTTGCCAAGTAGCTATGACATTTAAGTACCGCAAACACACTACGGGGAGGGACGAGCAGTCAATAGCTGATACATTGCTCTTCTGCGCCGCTTTCCGGCCTGGAACCCTTTTTTATTTGACACATGAAGTGACCCCGTCACTAGCTCAAGGACAGTTGCGCAAGGCCAATGTCTTTTACTCTCAGCCCCTAGACCAGGGATCCCCCTTTCGCCGGTAAGCTAGTCCGTGGAAATTGCGCAGTGTAGTACAGCTCCCTCGGGCATCGAGCGGAGT,1672,50.96,Drosophila melanogaster
SEQ_924869,TAAACTGTCTCAGATTTCTCACGTAGGCACATCGCGAACCCGCCGGTGCATAATCGACTCCCTTGGAACGGAATATCGGAGTCGATGCTTTACGGGTCGGCCACGCGAGGCATGGCATGGGTAATACCCCTTTCTGCAAAGTGATCAATGCTTGTAGCCATGGGATCTAATTCGGAGGGTTCGCATAGGGTCAATTTTGCACAAACGAAGGTGTACGCTCAACACATTTCATAGAGCAGTCGCAGTCTACCGCGCAGTGAGAGCTACGTCTCGGAAGCGCAGCGCCGGCCAGCTCAAACACAAACTTCCTGGGCGTATTAACGCGATAAATCATACCGGAGTTATGAGCTCATTCCCTGCCTTCACCTGAAGAGGGGATCTGGGAGGCAGTTCAAATGGAGTAGCTTTATTGCCCATGAATTCTATTTGTAGGTGTTGTAAGAGGCTTCGACATCTGCTGGTACCATTAAAGTCTCACTCCGGTCCATTATCTCACAATAGGGTTACTTGCGATGTGGCCGGTGGAAACCACATACACTTGTTGTTATTAGGTGATTAGGATTTTGATGCATCAGCGTGGACGGTATGCCGTGGCGACATGCTCTTTGCCCGTGCGCTTCTTATTCTTAAAGTGATGCCCCCATATCGGGTGGGTTACTGGCGGACTTCCGACGCACTTAGCATTTCCTGCTCCGATAATACAACGGTTCAGAGTCGAAACACATTGCTCTTTCTAGCTGGCGAGAAGGCATGGACCAATCCGCCATACCTTTTTCGGCAGAGACACCTGTGTCTACCGCAATCATTTCTCCTCTAATGGAAGGCTGCAAATGGATTCTCTGAGTGCCGCCATTGACTGAGCCTTTTAGGGACTTGATAGGTGTACTTCTGGGCGGTATAAAACCTACGGGACGTAATCCATTTCAAGGAAGCCTAGCTCTTCTAACCTTTGCTTTTTAAAGCCACGAGTGCTTACTGTTCCGCTCTCGTTATTGACTAGCGAGGACAAGCAGCTTAGTCCTTTCTTATGCTTATCCCCTTAGTCAGTAGTATTAGAGACGACCTCATATGAAACAGCTCCAGCGGACCTCGGTTTATCAGAGGTCTGTGTATCATATGCCTGAACATCCGAATCGATCCCGCCACGCACACGTTAACATAGGTCGAAGCTAAAGAACGTACTTAGGCATTGGAGAAATGCGACGTCCTCACGCGCCGGCTGTACCCTGTACGAAGCAGTGGCGGGGTTATGAACAAGGCCGCGAAATGCCGTCGGGCGTTAAACGTCCTAGGTCTCGTGGTTCGCTATCTCACGTCAGAGCACTCGTGATCTGCATAACCACGAGACTTGATGCTACTAAAGCGCCCACCTACGATACTTTATGGGGCGTTTGAGCGCTCCGGTCGACCACCCAGCACGTCGCATGCTTTACACAACGTAGTGGTCAACTGGATCGGCTACATGCAGTTCAGAACTCTTTGAAACATTTACCTCACTGTACTTAACGAGACCTGGCGATGGCACCCCAGAAGAACTTTAAAATGCATTTATTATTTGTTATACGGTGCTGCTCCACTAAATTGACAGCGCTGGAGGAATTCTTATGACTCTCTGATCTATGATGACGCACAAGCCTAGTGTTTGGCAAGCCCTGGAGTAAACCCCCGATTAACCTTTCATTGAAGGGGAGCGCATACAAGGAGAAAAGCGTCATGAGCTACTGATATCTAGCGCGCTGGCTGCTCATCCAGGGGTCTAGGGGCATGTAAAACCGAGTGGAGGACCTAGACAATTGCCGCGTGTAACAGACACCTATGAGCAGTTGACGGCTCGCCCCGCTGGTGTCGGCAACTACTCGGTGGCCCGCCTGAAGACTAAGACGCAACAGTATCTTCTGATGGGCGACACAGACCCGACTAGATAGCGTATATGCGGACAGGCAGGACAGACTCCTTTGCCGGTTAT,1966,50.15,Mus musculus
SEQ_835402,CTGGTGCCGCGATATTTGGCATACATGCCTCTGGGCGCCTAGTTTAGTTAGGGCACATTCAAAAGCCTACTATATCCGGTCCCGAGTGTTTGCCGGCTTCAGAAGACATGGGGAGGATAGCCCAGCTGTGTCACATCCGTCGGAGACCGGAGTGAACACATTACCGTGATTATTGGGTCACTGTCACAAGGTGGCGTTTGAGACACTGTGTTAGATGTATTACAAGAGCACCGAACATTCGACGTCTGTACTGTGACGGCGACGTCGGTGAACAACTGTTATAGTGCGGTCTTGCGAGCGATAACCATAAGGGTAGGCAAGAAGCCAATCGATGCGATTCGGTCGCTAGCTAGCTCGAATAACAAGCCAAGGTAGGCCGGCGTCTGCATCGAATTGTTATAGACCTAGGTTTATGATGTAAAACGGCCATGCACTGGATCACGACACGTGCGGTTGAGTATACTTCAGTAGGCCATAGTGTACGGTGCCCATTATCATCGGATTTAGAAGTCTCTCCCTTTAGTCGATTACATGACATGCCCATAGGGGTGCCTTCACATCAAAACTTAGTTAGGCTAGGTTCCGGATCTAAGCTCAGAAATAGTGAGATTGTCTACTCCAGCGGGAAGCTCAACCGCGAGATTCATATAATCGAACACTTAAACGTATAAAATCTTACGCCTTGCGGAGGGTCTACACGACAGTCAGCGTACAGAGCGCTTGCTACAGTTTTCCGCGTAAGTGCAGGTGCGTCGCGATTCAGCAGGAGAGGTCTCACGTCGAGATTTTGCCGACACCGACAAGACCATCCGAATTATCCTAAACTGTCAATAGCTTGATCTTTAGAATCAGCTGAGACGGCGCATCGACGTATTGTCTATCCCCCCTTAAGCGTATGAGTGAAGTATATTCTATGGTTTCCAAGAGTGTCAAACCGAGAAGGTGTGTTCTATAGGGCCATTCCGTGCCTCTGTAACTCAATGTTATCGCCGAGAGTAACCTCATGACTAGCCACCGTTTTAAATGACCAAGGGTGTCAATAAAAGAGTTTCTATTCAGCAGTCTGAAGGCAATGCTCAAGGGAAATAGACCACATGGAGTATGGCTGATAGTCGTTAAGGAGTTCGCAA,1130,48.05,Homo sapiens
SEQ_691622,CTTATTGCGGAAGCTACGTGTTGCTTTGGAGGTCTAAAGTGATGACGTGGCGCCGGACCATTATGCTGAAAGCAAAGACGCACAAAACAGATTACATTACAGCCCGCTGATTTCTGCGCCAGACCTGAATAACAGCTCGTCTGACCGCTCGAGAGTTGCTCCACTTCACCCATCTCATAGGTAACTGGCCTCAGGAGTCTGGAGCAGTGAAGAAGTTTTAAAAAAGCGCGGAAAATGGCGGAATGGGAGACACTAGAGACAACGAGAATGTCCCGCGCCTCGGCTGCTTCAATACTAGTGCCACCTGGGGTACTACCAGAATATGGAGTTTATATGTAGTGTGCGTTTCGACACGTCTCTCGGATGTACATGACGCTAGCCGCGTACTTCTGTGTCTTCCGCTACGTCGGAGCAAGGTCTGGCTGCCCACGTCAACATCATTAAAGGCACGGGGGCGGAATATTGTTAGCGAGATCACACTGCTCTCCGAAACGTCACCCATCTTCGAGATATTAAACAGTACAGACAGGGAGTATCCTCCGACCACCTGTACACACTCTTACAGTAAACTAAATGCCTGGTACCTTCTCATCTTTGTTCCCTGGTTGTAGTTCACCTAAATGGGCCGAAGGCAAAGCCGTATGGCTCACTGCTGGGATATACATTCTAAGCGGGTCGAAGCGAGCGGAGTGAGACCTCGGTGAGAAGAAGTCGAGATTTTCTCCTGTCCGATTGGATCCCGTAGAGGTGATAAGTATGTTCAACTACCATCCCAGGACCGACTGCTCAATTACTGGAAAACCATAGTGTTATCGTAGTAAGATTGACTAAAAGTCGTTCCAACGGTGTAAGATCGTAGTCGGGCTTGGGACCCCCTTAATCAGGATGCGGTGGTATAGCCCTCAGAGGTTGTGACAACGGCCCGCAAGAGTCGCTACTTCTATGCATCGCAACCGCACTAGCGTAAAAGTGTACGCTTTCTTGGACACGCCGCATTAACGCGGCTAAGATGCGAGTCTCAAACCCGCTTGCAAAACGGTTATAGTTCATAGTGCCCCGCGACTATCCGCTGGTGCGGTGAAGAGCGTGGTTATTACACATCGCATGGGCACTAGCAGCCCACATCGTAGGACTTACATTTTCGAGGAGATCGACTTCGCCCCACTACTGCCGAAAGGGAGCCGGGAAGAATGTTTTTCGGTGCATGAAGAGTTGAAACGCATAGCGATCGTTAGGGTATTGTTTGCGACTTTGACCGATAGTTGACAATAACCGGAGAGGACACCCCAATTCTGTTGGAGGTCGGCTATAGCCTCCATTTTCGTGTTTACCAACCTAGCAGGTGAAGGCGTCGTCTACATAGTTCACAAGATAATGGTTTCGTTTTATTTGCTCGCTTTCAGATGGAAATCGCAGCTTTACGAGCCGTCTCGCGACTTATGAAAGCTTTCGGAGAAGTGCAAGCTTTGTTTTCTTAGTACATATTACGCTTCGGAGGTTACTTTTACTACTTGGGGTGTAGTGCGCGTGTAACCTTCTCTCTTAGTCGCTGGTTCGGGACGTTCCGGAATATTATTAACTGTACGAGAGACGACGATAACAAGGTGGTTCATGC,1615,49.29,Arabidopsis thaliana
SEQ_333336,ATTGCCGCGCTTGTTTGCCATCTGGTGAGAATAAGAGAAGGATTCCAACGTGTCGCCCTTTTCACCCCATGCTCAATAGTGTCCGGTGGGGTCGCGACTCGTGCCGTAATGGAACACGCATAGAACCTGTCATATGGCCCTGCCTATGTGTAGAAGGCTTCCAGGATGATTAAAACTCATTTTATCAATTATGTAGGGTAAGTTAAACTCGACAATCTGCAGTGATCCCGGGATGTAAGGCTTTGTCCGTGCAACCTCAGTCTGTGGACCTTCCCCAACTGTTCATTGCACGCGGGAACTCATAGTTTTGTACGTTCAAATGTGGTCAAGGAGCTAGACTCGGGGTAATGGTTGTCCTAATTCTGCGAGGGAAGAGTTTAGTACCAGGTGCTTGAGTACAGGTCTACGACCCCTATAATTGCACCAAACGGCGGCGTATCGTGGGTATCGAGTTGTCCGAGCCGCGCCCTTCGCCACCGCCTGGTAAAGACCGAGGAATTCGTCAACTTTCTGTTCATGGGTAATACTTAGCGACAGTCCTTGGGAGCGGTTTCTGTTGAGCGAGCGGTATGAACACAGAGGTGAGGGCCGCACTCATCTCTACTGCTAAGACGCGACTGTAACTAGAAGTAATGAGGGACCCGTACATTCCCTGTACAAAAGTTATACGTAATAGCATCACTACCATGTACTAGATATATCATCGCAAGTATTGGAGGTATTTCCCACATGTTGGCGGGTTAGTTAGGCCTCGCTCGCATGGAATAGAGATTGAGTTGAGCCTTGTTGGAGCTTAGGAATGAGATAGGGTACGTCGGAAGGACTTAGCTAGCTCCCCCCTTCAACAGATGACTATCAGGGTTGCCGTAAGTACTGCTCCATTAAGCCGCGGCACGCCAAGGGTAATCTCGTGGAAACGCGACTCAATGGAAGACTGAGTAGCCGAGGTGTACTTTATTGAGGACTAAGCACATTGAGTGCGAGACGAGCCCGGTCAGTCCGACCATTCGATGTCAAGCTGCCAGACTCGTTGGATTGGACGAATTGGACGTTTTTCCATAAATGCGCCCAAGTTCAATTGACACTGTAGTGAATGCTACCGACAGGGGCCGGTCGGTTCGGTGTACTAGGATTCCGGCTTTTCCGAG,1148,50.0,Drosophila melanogaster
SEQ_512872,CAAGTTTCTACAATAGATATGGGAGAGGTGATTACCTGATCGAACTTATTATTACGCCAGAAGCTAGAGGGCATTAGACCAAGATCAGGTTGAGTATCGACGGTACACGGGTTAGACTAAACTGGACCCATTGACCGATCAGTGGCGGTTAAGTTTAGAGAAGATCAGCCTGCGAGGTACTCGTCCTACCGACACCTACTACCAGCTGTACATGGCGGTCGGTAGAGCTCAGAGAAGATGATGTCGAATCATTGCTGTGTACACTATCTAAGGAGTTAAACTAGTAAGAACTAGGTGATCCTTAACCGTGGACTAACGATTAGTGCCTCCTCGTCACATTCAAGCCCTTTCTCCAAGCTTGCATTTCCCCCTCCCTCCGGTAAAGAGCGTCTATAATCACCATGTGGCTAGACTACGTCCAAGGACTCTCTGTTCCAGACGACGCAATTAGGAGGCCTTTCCCTGTAGATTTGAGGCCTTTGCCCCAAACAGAAACACCAGTGTGCAATAGAGTATAACAAAAATCTTCACCGGCCTAGTGATGGCGCTTGCAGTTCCTTGTACCTCCTTCGCGGTGTCAAATGTGCAGG,590,47.8,Escherichia coli
SEQ_129108,TAGACCTATAATCAGCCGTTGAAAATTCAACTAACTGTCGAGCAGTCATTTGGTCACCACCAGCTTGGATCGCCCTAGGCTCCCTAGCAAGCGCAGTTGTGTACGGACCTATTCGCAACTGCATAGCTGCAGGCGCGGGGCAACCCTTGTTGCATGCACGCGATATATAACCTCGATTGGCCGGTGTCCAACGGAGCCTTCAAGTCATACAGTTTCTATTCAAGAAGAACTTGGCCTAGAAAGGGCTAGTGAACCCGCTCTAACAACCCTCCCGTGTTAAAACTCTAAAGACCTCTACCAGAAATCAAGACACGGTACCACCGACGCCCCGAGGATTGCCCAAATTACTAGATAGTATCTGTATTATTCGCCAAAAGACGGTAGTGTCGGCTTGGCCATGCTTCAACTTTTACAGATTCGCTGTAAGTGTTACAGGACCATTGGTCGGACGCTGGTGTAGAAAAGGAGACTCCTACGATCAGACGATACCTGAATATTGAGCGACGTCATGATACTCCCCTAGTATATTTCTTCACTCGCGGGCCCGTCCGGTACTGGCCCCTATCCTGAATTCTAAGAAAAAAGACACTCTGCATACAGGCTCCACTCGGCATATCAAAATTGCTCGTGTTTGGATCCAATAAAGAAGTTTGCGTTTATCCTTTACAGTGACCGTAAGAGAGTACGTGGTGCGACCCGTCCCCTCCTATTGAATCGATGTGTGCCGGTTGGCACCCAAGGAGATTAGCTTTGCTAGTTAGATAGACGCGGTCTAAGGGTTGCTACTAGCATGGACCGCAGGTTGGTTCACCGGAATTGTGGAATCCGATCGGCGCAGATGACCGGCGGGATGGCAGATGGTTAGTATCCGAGCGCGTAGAACCACGGAGAGCGCGAGGGGGTCCCCCGGGCGCAGTGTAGACCAAAACGCGACATGGTGCATCAGTTTCTGAACCCTGGGATCATCTTGCCGGTAAAAACCCGTGCAAAGATGGTAGAACACCGCATACATGTGAAGGTTAGATTTGTATGGTTTCCGTTTTGTCCCGTATGGCTGGTGTGTTCCTTCGCGTCGAGCCCACGCACATGGTCTAAGCGAGAAGCGGCTTCTTTGTTTACCAAGTTGTTCTGGGTTGCTCTCTTGATAGAAACCATGTCGCCAGCTATGCCACAGATTGCAATGGGCCTGATCCAATCAATTCGGCCTGTTAATAGCCAAAGGACCTTGTTACCTCAGCACTTTGCAGTGAGACCGGTGCATTACCAGGAGTGCACCCTCCCTTTCAACGCATAAGGCGCTCAAATAGTTGTCTTGAAACTCCCGCCGACGATTAAGGAGTATGGGTTACAACATCATGGACGTGCGCACTAATTTCAGGCGTCCTGAGATTACCCGTTATGTGAAGACGTGCCCACAGGCCCAACAGCATCCTTTGGACTACAGCGTCGTATTCTAGTCGAGCAATACTGCGCCGATGAGATCCTTTCCTATAACGTCGAGGATTGAGGTGCGGTTATCTCGTCCCACCAAGGCTAGCATCACTAACAGGCTCCGTGCAATTGGGGAATCATTATGCCTCACCGTATTCGCGGATCTTAGCGGCATGTCAAGGAGCCCATGTCAGCCTCGCGTCACTATGTGCTGTTCCGAAGGGTAACACGTTTGCCCATCGAGTTCCGATACA,1685,50.68,Caenorhabditis elegans
SEQ_312958,TAACCTCCGAAGCCAGGTCTAGACGGTTCAATTCACTCTCCAACGCCGTGTACGAGATTCATATCAATCCTTCCTAGGTACCTAAGAACAGCGAACTGTGGTTCAGTAAGGCGTTCGCGTATCAACGCATGGAGGTTGCTCGTGCAAAGCTAGTGCATTCATAACGAACGGCAAAATCATTGGAAGTTTCACTACTTCCCTAGTCTTTATACCAAAGCCTCGTGGTTAACGAGGGACGCACTTGTTTGGATACGCGAACGAGGCCGCATGAAGCCGCCTGCAGATACGTAACCTCCTACATCGTTAGCGAAAGGGAGTCCGGATCACTGCGTGCGGAATCGCCTGCGGTTTCGTTCTTGAACGATGGGGATCCCAAGCAACGTTCGTCACGGCGACCGTCCGTACGGATGATTGTCACCCGCCCTTTTAAACGATCCCTACTCATGGGTTAGACCTGGTTCATGTAATCTTTGGTGTGTGTTTGCTCGGCCCCGCGATATGTGGTACCATCAGACTATCGTGGGGGTACCCTATTCCTGAATAGCGCCCGGATGGATCGTGATGAGTTGCACTCTTCTAACTTCCCTATTCTCCACATGCTT,602,51.0,Homo sapiens
SEQ_743750,CAATTGGGATAGCAAAGGGGCCGTTATATGCGATGACCGTCCAAATGCTAAGGTATAGCGCACGGCAAGTCGTACTACCAGTAGTGAACCCGGCTCGAAGATAAAGGACGAACGTACGTTGTGCGAGCAATATCCATCTAATTATCAAGCCCATGCCTTGAGGCTAAAGAGTCCTCTCAAAACAAAGTGTATGTGTGAATGCACGAAACGGTACCTGGGATGCACTGATTCCGTGTGGCCGACGTGAAGTGAAGCGCAGAGTATAGCGTTTCGATCGGTCGTCCTCAAGTGCCCGCTTACTAATGCGGGACTTGAATCAATGATAGCAAAATGTGCGTCAGTTGCGCCGATGATGAGAAAGTGAGCCCCCTGTAACAATCACGCGTCGAAAGACAGAATGAAGAATGATAACTGGACGTCCGGTATCGGAGCGAATAGTAGCGGGTTGAGAATAGACAGTTCAAAACCCGCTCCGAAGCGTACAGGTAAGACCATGCTCAAAATCCCAAAGTCGGGATCAAGTTCTATTGAGTCCTGGATGCTAATGCTCGCGAGTCCGTGGCGGGCCGTGCAAACCACCTGGGATACGACCGAGCTTTTTGTGGTTTTTGTTTGAGCCTTCATAAATTGCCCGGGCCGAGTACGTCTCGGGCAAAACTTATTGGTGACGCTCGAGTAACCGAAGAATGGCTAAAGGTGTCCATATGATCGGAGAGCACGTTTGACAACCCGTCGGAGTAGGGCAAGATAGACCGCGACATCAACCCGGAAACATAACAGTAATAGCTACGGCTAACCGGGCCTCAACGAGATTCCCGTGCACACTGACGCCTTAGTATCAACACGCGCCCGATGTCCGAATTGCCCAGTACCCTCCCTTACAGGGCGGACTCTTTCCACACGAACAGGCCCGGAACAGAGGAGGGGCAATAATAACTTCTTTCTTATAGAGATGGGTTTGAAACCAATCTTGGCAACGCGATTATCCACTGGTAGCGTTTGACTAGGACGGTGATTTTACCGAGTCCACCGGTTAACGGCATAGCCAGGTCGGTCGGTATACCCGTTGAAGACAAAGAGAGCGTCAACGGGTGATAATGTGAAAACTAGTTAGAGTTGGTGCCCTCCGCGACTCGACCAAAAATGCGTCTTAAAAGTTATCCCGGCATTTTTGGAGCATGGAAGTAAGCGTGTTTTAAATTTAATTCCTCAAGTCAAGCACGATTCTGGGACCGGGACCGCGCGGGATACGGGCTGCTTGGCTCTTCACAGTAAATGATCGAACTCCGGCAATGTGCCATACTCCGCAAGCAATGTCCAGACGACGAGAAATTTAGTACACTGGCCTTCCACGGCGTTATAAGATGCCTATCGGCGGGATCTTCCATCGGTTCTCACACAGATCACTCTTGCGTCCTCGCACGAGGCCTCAGCTCAGTTAACAACCCCGCAAACTGTCGGTCCGATTGCTTAGCCTTAGCGGATTTCTTTGCACGGAGCAGGCCTTTGCGGTCCGGCTATTACGTCTCAATTTA,1535,50.55,Drosophila melanogaster
SEQ_952795,AGATGATCAGCAAACATACGACAGGATGTCGGCATTACTGGCAATCTGAGTGTAGTTAGCACGGCACCATGCTACTAGAACCGGCGACAACACTCGAGAATATCTTTAATCGTATTGAAGCACAATCCGCCGAGTCCTTTAACTTGTGGACCAGGTCAAAGAGTATGGAGCAACACACGTGGTTGCCTTAGAACCGTTCGGGCACTTGTACACTGACGGAGTCTGAACGACGACTTAGTCATCACCTCAATTGGTAGTGCCCTCTGTTACGACTGTTGAAAAAGCGTTTGCCGTATCCGTGGAAACATCAAAAGTTTCACGGGCGAAGCCATCGTCACGCCCATGAATGACTTTACACACAGTGGCGTGGAGACGATCTACCCCACACCCGGGTCTGCAGCGTGAGTGATCTAGAGTCAATTGGCGCTGAACCACACCAAGACGGCTAGCGCGTTCCTGCGGGTCCATGGACTTGATTATATTCCATATGGCCCCCAGTTGGAAATCATCTGACATCGTAATCTTGACTCAACGCGCAATGCTTAGTACATCATTACTATGGTGAAGTCAGGATAATGGAGTCTTTTGATTACCGGAGTCAGTCCGCTCGTTCAGTAGGGCCTGAGGGAACATTACCCAGCTAACAGATCCATGTAGAAAATAGAGGGGGATCAAGCACCACAAGCCTAATGAAAAAGTACACCGGGGCCAGACTGAAGATGGTTAGCCGGAACGGCTTCGTTGCTCCCGTATACCGGCATTAGACATTCGTGAAGGTCCCAAAGTGGGGATTTTTAACAGACATTAACGCGGCCTCGTTGTGGTGCGCTTTAGTTGCTGGGGTTCTCGAGCGTTCCGTGCGCCCAATAATCCCACCCTGCACCTCGAGCGGCCGTAGCTTAAATAAGCTACAAAGACCCTTACTCCGCCCATGGCCCGGGGTTCAGCCGCGACGTCACACGGATGCAACACGTTTAGGCACGGGAGTAAATATCGTCGTAATTGAGGGGAATCTCCCATGCGCCCGAAACCGTGTTCTAGCATCGCGTAACGAATGTTGTCCTGGTAACGCGGACACGATGGCTATCCCTCCTAAGTTTTATATCAGTGAACATACCAAACATAACCAGCTTGACAACTTGAAACATCCTTTTATTGCACAGAGGGCTAGAGACATACGCGCAAACGCATCGATTGACTGGTCTCTTGCAAGCGTGTGTACTATGACAAACAACCAAAAGTCTCCGTGTTCCTGCTCACTTACCCGCTCCAGTGTTGATGATCGGCCGATCCCGAAGTGGCCATAACGAGCACCACTGATGGTTGGAGGCCTATTTTTAATTGCGGTCCCGGCTGCCCTGGCGTATGAACACCCCAACTCCATCGTAGCAAATCAGATTTTAACATTCCTGATTTTACCCCCTAGATCTACGTCTCCCCAGATCGTATATCCCTCGCCTCTACAAGGACCCGTGGTAGTATCGGTTGCGACTAGTTGCCTTCAAAGACTAAGTGCTCGGTGGACTACTGACCATTAAAAGGGAAGATCGGCGTTCGCCCGCCGTTCACCGTTCTAATTCGGACATCGGGATTTCTGGTGATCATCCCCAGGTTTTGCTGTACAGCATTAGTTACCGCTGGCAAGCCTTACACGTTCTCAAGAAATGTAGTCCCATGTCCCTGGACCTTTGGGATGGCGGGCACCAGCGCTGACATGACTCGCCCGCAATACCTAGGCGCGGGCGAACACGCGACTACGAGTTCAATTAGCATGCCGATCCGTTCAAGTTTGGTTAGTATAAACCTACCCAGGAGTCTGCAGCTCTCGTTTCTCTTGATGTCCGGACCAAAAGGAGTATTATTTTATGCCCTAACCACACTATTTATGCCGTCTACGATTGTTGACATGGTCTCCATGCCCTCCCATATTGAATTACCGCAAA,1943,50.23,Arabidopsis thaliana
SEQ_295629,CTATTTTAAGTGTAACCCTTAACCTGGCGCAATCAGCACGCGATCCCTGAGCGGTTACGACGAAAAAGATGGCCGCTGAACCCAAAGGTGGGTGAATTCAAGATACGCTGTTGTATGTATAAGTAATCGAGCATACAAGGAGTTACAATAGTGACGTGGGTTAGACGCTGTCGTACCTAGAACCAATTGATGTCTTGAGGAGTCGCTTACGAATTACGCTATAAACGCTCTCAACCTATACGTTGCAGCCCTAAAGATTACGATTGTGTGATTCTCGGAGGCCGAGTTGTTGATCGCGTCAGCATGGGTAATAGCATGGCACGCAGGCCAATATACGGATACCGTCTAAGGCTGTGCTTATGTCTAGGGTCCAACAGCCCCTGTCATCCCGTCATGCCGCGCGTCAAATAATAAGAAAAATGAAATCCCGATTCGCGTCTAGCCGCGTCAGATAGTATGGTTAAAGAGGGCTCACAATATAGACTCCAAACGGCTGAGACCGCGAACTGGTGGTAAATAAGCCCGATTATGTCAGCGTCCACCTCGAACGGGCAACACAGGCTGAATGACGTAAGCTGTACTACTAGTTTAGCCGATTTCTGTATTGTACGTTTTTCGTAGTAAATGTGGGCTCGTTTCTTCCCGGTCACTTGTGATCACGTTTCTTGAGGCCAATTAGCTGATCACAGACATCGGGCGCATTTCGATAGATTTGTATTTCAGACCATTCCCCCAAGATCCCTTCATATGACTAGCGACGTTTCAAGTTCAGGCCTTGGATGATATCCAAGACTTTTAACGATTCTTTCGTCGCGATCCCAGGTTATATCAGCCTATCTCCATCATGTATGATCCGTCTTATACTCCGCCAGGCCCGGTGGTTTCAAGTCCACGGAAAGCACCGTTCATACCGATTAAGAGGGACCCTAGTATAGGGAGAGCTGTGCGGCATCCCGCGTCCCGCGACGCGCGGAGAGCGACAAGATTGCTCGCGTGACACTAGACCCCGATAATACGCCCGGGTCGAATTTTCAACTTCGCGACAGCCCGCGTTAGTTCCCACGACGTATAAGGGTGATCGCCTCCCCTCCTCTACTGCTCTGGATTTAATGACAGTCATTCCTTATATACCAGGAGTGACCACAACTGAGAGGTTGATAATTGTGTCGTGGTCAGCCACCACTCCAGAAGGTTCCGTGTGTACTTGCGCTTTAAATGTGGGAGCGAGTATTACCGTTGGGGAAAATAGTGATACGGTTCCTATACTGGCATTCCCTGCAAGTATGGAATCTTCTG,1296,48.77,Homo sapiens
SEQ_301547,GGGATTTATCCGTTTTATTTAAGACGTAGCGTTTCCCCCCGTGCGAGCGTTATTGTGACAATAGGTAATTGTACTAAAATGGATACTGAGTCTGCAAAAGGCAGTGCACCTCTCCGAATCACTACCACGAATTCAGTATTTAGACATCTCCGAGTCGACGGCGGTTGCATTA,172,44.77,Homo sapiens
SEQ_827068,GAATATCTCTGGGGTCTTAATACATAACGCGGGGGGGTATCAAGATTGACCATTGGTCGGGATCGGAAAATACTAGCTGGGCGACTTATCGCTTTTGACGATAAGGTAGGGGCAACGCTAGGTTAATCAATTGACGCGTGTTGGAATTCCGTCCACTGTTAAAACAAGCGATAACTGCATGTCATTGCCCCAGCTTCTACCAACGCCAAGACCTGGCTTAACGACGGAGCCATAAATCCCTACACAGAGGCACTCATTGTGACCTCACGCGGGTCAACCCCGACGGTTGCTAGCGACGCGATCTACGTCCAGTATGGGCGGATCTGTACTTCCCCTCCTAATTGGTGTTCGACCGGATTATTCAGGGGGTTGCACGATTTACACTTAACATGTTACTTACCTCCCCTGGTCTCCAGATTACACTTTGAGATCAGCCGTTATTACCATACGGCAGCGCAACGCGTCATGTGGTTGATAGACGAATGGCTGGCCTGCTTATTACACATGGGATTGTTTCTTTACACTAAGATGAAGGCCGCCCAGAAAGCTGAATCGGACACTTGATGAATACAAGACATGGATCATAGGTTGCCCCAGTTGGCGGTATCCTAAGGGAGTCCCTAATGGCAGTACCCCACTCTAGTTAGCCAGAAAACCTTTGTATTGTAGAGCGTCACGGTCATAGACTCGTGGGTGCGGAGGCCGCGGTCTAGCCAGGTCCAAGCTCGTTTAGTCCTGGGTGGCACGACAATTTTGCCGGCGGAAGCGCGATCGGTCGTCCTGAGCTTGGGATCGGAAGCATTCGCGCGTAAGATGGCCCTTCAGGAGGAAGCTGAGCACTCTCTAACTGCTGTTTGAAAGCCACTCTCCTCCCTTTACCTTTCACGATCGTACAAGCTCAGGCCGATAGTACATGAAATCAGCAAGCGGTGTCCAGTGCGTTGTACGTGATGGTTGGGCGCCGTGGATTTAAACCCACCAGGCTGAGTCTGCTGCAATAAACTCTACTAAGACTACTGAGTCAAGACGCTTATAAATCTAGGTAGGAATCAACTTCCATTGAGATGTGACGTCAGCGTCCTCAATCAGCATCTTCTGCTTAAACGGCAATTCTAGGCGCATCTCAGGTAGGGGTGTAGTACCGATGTATATACAGTAATGAGGCACGTGGCTATCACCGGTCAGCCGTTGTGGTCATATAGATCAACGGATTAGTGTCGCCGATTTAAGCACTAGGGCGAC,1242,50.4,Escherichia coli
SEQ_152290,AAGTAAGTTAGGCCCACCAGTAGGATGGCTAGGGCACTCTATTTCAGCTATCGATATACTTCCTGGAAGCCGTCCGCTAACGTTAGAATAAGGACTCATGCGCGGGGTCAAATAGTGTGTTAAACGCCGCGTACGAATGTAATCAGAGGGCTTTGAACTTGCGCGTAAACACTCTATGGTTACCTAAGCATGCCACTCGTCACCGACTGACAATACAAGGACGCGGATGGAAATAACACTGCCTGCACCAGTAGAGCGCGTACGAAGCGAAACGCACAAAGTTAACCAACTAGTGCACACCACGAACCGCTACGCGTCACGAGTTGACTATCTTAATCGTAGCGCCTCAAGATACAACAAGTGCAACTCTTAGCAGAATTTTCTAGCAAGAAGCCATGGATGAGCACCCCAACGAAGACCCTCTACCGGGAAACCTGGTAGAACTGCGGGCTTTTGCCCGCAGCGAAGAAGTCTTGATGCGCCTTTACCACGTCAGTCGAAGCCATGGGGTTGGGCGGAGGCCCGAACGGACATCTCGACAAGACGGGTTGTTTATATACACCGTACAACGTATCGGTGTTATCCAACTTGCGAGGATCTCATTCTGGTTAAACTTTTGTGGGAGCGGTAAGGGGCAAACTGGCGTTTCGACGAATCGTTTTGTATGCTGGATAGACGGGAACTGATGCCGCTCCAACGGTTTACCTATCTTGAACCCATGGATCGTCCCTACTGAAGGACTCTATCTTCCTTTCTTACTCCCGGGCCTATATCAGCGCGCAACCGTCCAGCAAGGTAGGCTAACCTCGGTTATACGGGGAGTCGTTATGGTCAGCATCGCAATAGTCAAGTGAACCTAAATCGCGATCCCCGCTTCTCGGCCAGATTATCCGTTCCCGACGGTGGTATTCCGAAATAGTGTATTTTATGATCAGGACCCAAGACTAAGCGAATTCTTATCCGTCTTGAAGCACTCGATGAGGACTAACGGCCGTAACGCATCTACAGATGCAAGCTTCACCATGTAGCGTTCCCCCTGGGAGGCATCAGACTTCCCCGCACGTACTAGAATGCATCGAGCAAGATAAGCAATTAGAACGAGTCTGAACGAAACAGCTCTACTGAGAGGGTTCTTCACAAGTAGTTTGGACAGACAGCAAACTTAGCCTTTGACATTTCCGTGAACCTCACTCAAGCAACGGAACCTCTAACACTACCGCCCGTAATATCCGCATGCCACAAGGTGGATCCATGCGGCGCCAACTCCTA,1269,50.2,Drosophila melanogaster
SEQ_894353,ACAGCGAATGGTTTCTTAGCTTACATCTTGGATAGCGACGCATGCGGACATTACGCGTCTGACGTGTCCTTCTCAGTCTTAGGTGAAACGACAATATCCGTCTACTCACAAATCGTTTCGTCAGCCAGCTTGCGCGCCCGATAGAGCAGAAAGAGGGCCGGAGCGGGAAAAGAAGTAACTACAAGTGGTGTAGTGGTTTTGACCTACGCAAATAAGGCAGTTATTTGCTGTGGTGGCTTTTATCTGGTAACCGGATTTCAGCCACTTGCTACCAATTCGCAACTATCGGCACATGAGATACGGCAGACTCGGGCATGGTATGTCTTGGTGTTGCTATATCTAAATGCCAAGGTACATTCGTAGGTTTTTATACTGCCAGATCAAATCGCATATCCGTGCCGGGCCATGGGGTATACCATTATCAGCTAGTACTTGTGACACCATACACGGATATACGGGGGTCAAGTCAAGTCCGAAGGACTTTCTTGGTGTAAGGTCATTGACATGAAGCTGCCACTCAACTCGAACCGGATGTACTGCGGTTAAACAGAGGGTCCCGAAGCAAGATCGCCTTTATCAGTCTATCGCCGATCGAACCTAGCTGCGTTCCATCCAATCAAGATATGATCCAACCCCATTAGTCCTTTAATAATAGGCCCTCCGTACATGTTGTTATTTGCATAAACCCAACTCCGATCCAATTTATGTACCTGACGTGGCTGTCTACTCCTATGCTCAGATGAGTGACTTGAACCCCCTGTCCCTTTGGTACTAATCCTCTAGCGCGGCACAGACCTGGAGTCCAATGTGTCCAGTTGCCTCGGCAAATTATGTTTGTTCCTGGGGAGCGTCCGTTCTGACGCCAAATTCACCTAGTGATGCTGAATCGTATCCCTCACGTTCCAGATCTGCGCTGGCAAGGGTTCCAATAAGTCGTGGGTTCTCCGAATAAAAGTTTTCTCTACACCAGCTCCTCTCTACTGAGGCATATATGAAATGTCAGATACCTTGGCCGACTAAGTCAATCAGTTACTATCCCTTGGGGAAGCGCGCCTAAGCTTGGTTCAGTTGATGAGCGCTCAATCTAAAAGCAAGTACGCGATAGTGACCGTTGGCAGTGTTATTCCTTCTACTAGCTCCGGAAGGTGCCGGGTCCTGAGAAACGGCGTTTAATGTAATTGGTGAATAGGCTGCCTCGAAATTTCCACGGGAAGTGGGACTGTAAGTTCAAAGGATATTAATGAATTGAATAGCGTACATTGCACCATAAGGACGCTACCATACAACTCGTGAAAGTGTGTGCCAAGTCACTTCGCATCCGGGTCGAGCGCCGTATAATATTATGAAAATTATCAATGCTTCCGCTTTCGGCGTCCGTAGCGTAGGTCCGGGGGAGTCTCGGCACTCACAAATGAAACGAGGGAGATAACTATGGCGGAGCCTCTAATTTTTTACGTAACCCTCTTTCGCTTTGGCTCCTTCGTTCTTAAAAGAATAGTTGTGCGTACAGCAGCCCTCTGGTCAATCTAGAGTTCGATCGTTATCGCCGTACGTTAAGCGTTAGCTGCACTGATTTTTCTTCCGGGTTGAATCGACGTGCTCTTGAACTATGCGGGAATAGACTAACTGTTATCGGTCGAATGCGCAAGCGGAAACGTCGCAATGACCTCCTTGCATATCCAAAGAATCATAAGGGCGCCGACGGCTAACGAACCCTGGGACTGAACACACAGCACATCAAAGTGCTGGATATTTAGTACTAGCTAGTTCGTAAGATCAAAATGGGTGCTGTAGCAAAAGGATTTGAATGGTCCTATCCCGTAAGCTTCAGAGTGTAGTAATACGTGTCCCCAGGGACAGTCAGAAAGCCGCTAATCTTGCCTCCGACGTTTGATGGGCCTATGCAGCAATGCTCCTGCGCTCCTGGTTGAAGATGTTTATCCTCTCGTCCACTGA,1956,47.9,Caenorhabditis elegans
SEQ_263935,TTATTATTGTCGGTGAGGATTCCCTTAACAAGCTCCTGTTTTGCTCTAAAGCCCCGACACCTCACCCACACAATATATTGCATGTATGAGGCGAGTGAGGATCGTGACCCCATGTCGTAGAAACTACACTAATAACAGAGCACGTAGAGCTTTCACCGCAAACTTGAACGACGAGTATCGACCTCAAATCCAGAAAAGGAGCGCAGCGCTTGGATGTATTGCATATTGTCGCGGACGCGGGGATTTATTTAGGCAATTGAGGCTACGCTTAGCGCGGTAGCACTGACCGTCAGAATAACATAATTGCCTGGTTCAGCCATCACAACCCACGACCTGCGGAGTGTTAGCACTCTCACTGTCTTACGGAGGTAGGGTGATCGGCCTTCGCCTTGAGTGGACTCAGGCCCTTGTTGCTCTATCGGCATCTTCCAAGAGCCGACTGAAGGCCCTCCTCGGGTAGAGGTCGAACCGATCCACGGGCGGTCATGGACATCAACCAAAGGTTCTCCCCCTGTAGAAAGCCCGTCTCATGAACGCACTTCTCTGGCGGTACAGGTTTTCACGATTCACGTACGATAGCTGCGTGGTCTGCGGTTGTAGCGGGGGTGAATTTTGCAGCATTCAATCGCCCAGTACAAATTGGTACGAAGGTTCTCGTTGGTGTCACAGCGAAGTGGGCGAGCGGTCTTCATGAATGAATCCCTGCCACGCAAGGATCGCACCTTAGGCAGCCTATTACTTCAAGCTGCCCCTTGGTCCACGGAGTAGGCGACGA,775,52.39,Arabidopsis thaliana
SEQ_188460,CTGTGTCGCGATGAACCCCGACAGTTGCGTGCATCACGCGCGGCAGTGTTTCGAAATGCTTCAAGGTATGCGTCCCGCCATGATCCAGAGAGTAGTTGTCTTTGATGTAATCACTCTCAAATTCGTATTGCACTACTTCTTTAACCCAGGTACGTCTCGCCAACTTGGGTACTTTTCCATCGGACCAGAAATAAACAAATTACGACCCTTACCATTTACCTCGCAGCTGATGGTGATACACGAAGGCGTAGGTAGGATAGGCTTCCGTTTTGTGCGTGTGTACTCCACCCCGGACGGTCTATAGTAGGGAAAGTCATGGC,320,49.38,Caenorhabditis elegans
SEQ_624870,ATAGGCCAGAGCCCGGGATCGGTCTGGAAGCTCTTACCCTTGTGGAACCGCGAGTCTTTTCGCAACATAGGAAGCAGGGGGCGTCTTGTTATGGAATGAAATTCATGCTGTGTTGTTCTTATAAAGTCGGCTGGCGCGGTATATGCCTGGATGCGTATAACCGGGGGAGGACGGCGCGTCCGGTGAAGCACCCGTTCAATTCCCCTATTTTGCCGGTGGACACAGGAACAGGATATAAAAACTAAGAGAGAGAGACGAAACGGTAAAACGATGGAGTGAGAGTCATGATCAACCCTGTCGTTAGCTCTCCATTGCGAGCGGTAGTGATCCTTAACTATTAGGCTAATGAATTCGGCCGCCCCAATAGCATTTTGGGTTGATAGCCTGTGCTACTCCCTTGTTGCCCTCTCCTCTGCTCCTCCTTCTCAATCGTTGTTCCACGATCAAGACACGAGTCGGTGGGCATGCACGTGGGTGCTACCTAGTTTCATGACAAAGAAGTCGACTTAGAAGCGACCTCTCCGTTACCTCAAAGATAAACTCCAGTTGGCTGGTGACCCCGTACACAGTGCCCTTTTAGCCGCGGTTGCGTTCATTTGGGGAAGTTATGTCCCTCTTGCCTGCTGTATTTTTCTGCAGTTGCACTTGTGGAGCCTGCTTATTATGGATGAGTCTCGTCGATTACGGGCGGTCGTACCGCTCGGTCACAGTTTCGCGTACATATCTTGAAACCTGGAGACGTGTGTCTGCTCCGAACTGCTTTGTTCGTGTTCAATCTGGTGTTACTTTAATAGTATCTGGAGGTGGTCCTTTTCCAATCACGGGCTGCTGAAATACGTTGACTCCTAGGGTTGTAACGACCACCTGGGGTGATTTTCAGAGGGGCATGTGTGCTGCGGTTAAGTGTTGTGAGCCGTGATGTTTCCACTACCGTTACAGAATCGTTCTCACCACACGGTCGATCAAGACGACTAACTAATTGTAGAACTTTAAACAAGTCGCTTAAGGAGTATACGGAACGACATCCGGATGCCGAAATTAGGATGCCGTGCAGACATGAAATCTGGGATTGAAGGAGGGACACAAGAGTATCAGCCACCTCAGGGAGCCGCCGGACCCCTTCGACTGCTCACCGCGAACACAGAATCTTTCGCCTCCTCCTCCTGAATGATTT,1174,50.43,Mus musculus
SEQ_570392,CAGATGCTCCGCCGGAAATGTCGAGAATCATGAAAAGTTGACGTGTCTGCGAGCAATGCTAACTTTAAAACCTGACTTCGCCTTTGAGGAATAAGACAGCTGGCCACCCGGAGTACTAAGCGACACCGCAAGTCGAGGCGTTGTTGGTAGACGGAAGGAGCTTCGTATGCCTGCTTTGACAGAGCTGACGTCTCACGTAATTAATGCACGTTGGTCGATACGATTGCATTCTTACTTAAAGATTAATGATTGGAAGTGCCCATAGAACAGGCCTAGAACTATAAATAACCACAGGATCCTTTGATATTTCCTCGGAACGGACCTTCCTCTGGTCCAGTCCCGTAGCAAGGACTTCCGGGTTACAAACACCTCCTCTAATTTCCAATTGCCCATTCGTCACCTAGGATCGAGTGTCCAAGGATACCACGCGGGGCGTCTAGCTCCCCCCTAACACAGTATTGACGGCTCGTCACATTTGGAGACCGTCATACCAGTGTGACGGACACCATGGTGCTGCGCGAGCTTATATGTCTTCCATTTCACCTGGCCCCGTATTATTCTCGCTTGGCAAAGCCCCACAATCAGCTGCAATCAATTCTAAGGGCGTGTTGTGCCTCTCTTTATGGGTGAACACTCGCGCTAGGAA,646,49.69,Arabidopsis thaliana
SEQ_103986,GATAAGAGTTATTCTCGTATTATAAGTTGGAAGACGAGACAGTCGACCTTTTGCTAGAGGTTAGATGTATGACGGATATGTTGATCGCGGTGCGCATAGACGCGCCGCCGTATAAAGAAGAGTTTGCTTCCGAGCGTGGTGTGAAGCTGTAGTTCGATTCGTGCACAAAGCCCGGGAAAAGAACGTTGACCGGACGCCCTCCCGTCTTAGCATGCTGGGCTGGCCATCGCTAGCTGACATCATTACAATTGCTGGTTATGTCCCTAAGTACCGTTGGGCGGAAGGAATGGTAGACCGGCAAATAGGTGTGCTGTTCCTC,319,50.47,Caenorhabditis elegans
SEQ_539942,TTGATCGGTCAGAGCCCGGTATTTAGGCTTATAGTGTGCGAGACTGTTGCCGGTCCGCTCTCGACATCATACAAACCACTAATCCAGTGCTGTGAATGTTGTGTGAAGCCGTCCACCTGTTATGTGTATACAGAGGGTCGTCATCGTTTAGGTGTGAAAGGGGACGCTGCAAAGGCAGTTTGTTTTTTTAATATGAAAGGGTCACCCCTCAAGAG,215,47.91,Drosophila melanogaster
SEQ_237330,TCATTTTGGTGGACTATTCCGAGTTTAGTGGGGTGGTTACGCAGTCGAGCCCCTCCGGCCCCTGAGGCAATCCTACAGCAGATACTGCCTTAACCGATTAGGACTTGAAGCGTTACTATAATCCTTAGACTTCGGCGCAACCGCCTCATACTGTACCCGTTGATCGGACCTGTCTTTGACATCACAGGAGCGCGGTATTTACTCCTTACGGTATGCTGGGTAGGTATGAGGAACGCGCCTCTTGGAACCAGGTCCAGCGGCATTACGCGGCATGTTATAGACTGGAGAATTTGCGGGAATGTTCATATCACCTGGACCGTGAGCACCATGAGATGTAACTGATTCAATACGCCGGCCGGGGACTACGACGACCCAACTCGACGGTGCAACCATT,394,52.54,Drosophila melanogaster
SEQ_762642,ATAAGCCCAGATGCTGACTCCTGATACCAGGGCCCGTGCTAAAACGCGCTACTTTTTATAACCCTAGGTCGGCTAACTACGATCGAATACACGGCTCGGTCCGGCGGATCTGGATGGCAGGAGCAAGGAGAGGCTCGAGCAAAAATCAGAGCACGTGGGTTCTTTGTGCCTTTTTGTAACATTATCAAACAAGATGTGTTTCGAAAAGAGCAACTAATATTTCATCGGAGCGGACCAATTCTTAGGAAGTAGCTTAAGGCTGTCAGCTGCTCCCTTATATCGGCTAGTTAGTGTCCATTCTTGACACACATGGGGGACATTTCCCCGCATTATTATGGGAAGCAGTAGCGAACCAAAGAAAGTTCGCGATGGCATCTCACCAGGAGTAACTGGGTGCTCCAGGCCGATGACCCCGGTGGTGTAGAGCAAATACCGCAAATCAGTGCATTGACAACTATTGGGCTAGATGTCGGTGACCTATTTCCTTGTCAGTTCGTATTGTAGGAGTGTATGGGAGAATTCACGGATGGGAAGATAGATCGCTGCACTCCCACGACAATAGCGAGCGTATCGGGAGCCGCGGCTGGGGTACAAAAGGACACCACAGGCTATCGCGCTCCGTCATACGTATACAACGTACATCCCGTCCTCCCTCCTGAAAACCCACTCAAATAGCTATCTAGTTTGTGAGGGACGTAGTTTAGTAATTATCCTAATGTCTTTCTGGCGACATCGGGACATGTGGAGTATAAACGGTGTTTTGTCTTGGGCGCTCCTGATAACCATTTCTTCTAGATCCGTTATTCTTGTAATTACGACTGTCGATGGAGGGCATCGACCGTAGCATACATTCCGTCAGCTGGAGTTCTGCTAGGGATTGGTCACGAAGCGTCCCTAGGGCGTTGCTATCTGTGGGGAATCTGTCTCAGCACAACGAAGCACTAATTTATTAAACTCCTGTGTCTTGTGTATCTGCTGACTTCAGACTACTAGACATCGACGTCCTTTGTGCGGTTTGATTGGTTCTCATAAAATTCTGGACTGAGAAAAGTGCATTGAGAACATGTTACAACGAAATTCTGCAACCATATGCGGTTAGCTCAGTGGTAAGCACCATAGGCTTAGCTCGAGGAGACTCACTCGGTGCTATCAGTCACCCTGTTATCCTATTCTAGCCCCTGTGACGGCTTAGGAGCTTTGCTCTAAGCCTTTCTGCTTTTTCGATTTTGTAATTTGAGTGTACCAGTTATACAAGATGAATCACCATCATTATAACCCCGCCAGACCCCTTTTTATAGATGACAAACGGGAATCTTCCTCCGGGTGATCCTTGAGGCATTTTCGTCCACTAAGCTTCAGGACCTACCGGACCCTCTATCCGTAGGACCAGTCCATGTACCTGGCGGCTGTCAGCCAC,1417,48.06,Drosophila melanogaster
SEQ_837139,TGGACGGCGGTCCTATATACTTGACATAGGGTTAAACGTAATGACTAGCCTAATCCCGCGGAGTGAACTCCGCAAGTCAAATAGAACGGCGCCTTTTAGTATTCCCGTTGGCGAACACTGTTCGGGATATCCCGCTTGCATGTCGCCGCTGCGCATTAAAACTATGCATGGCCAGGTGGGAGCGGGCTCGACGATCCACGTGAAGCGGACTCGTCCCAGAATGTTACGGACTAGGTGCCCATGCACCCCGAGTCGCGCACTCCGCTTCTCCAACCTGCTCGGTCGGTTGTGTGTTCGAAGGCAACATTTTGTCACTTGAGCCTTAAGAGACTAAAAATAAGACGTCCACAGTTCACCTTCGAACCTACGGGAGTTGCTACATGCTTCAGAGTAGAATGCCACCAGAGATATGAAGGAGTCATCTGCATTTTCTGATATGCCTCGCTAACCCTAGCGGCGCGCATTAGACCGGTTGATCGCAAGATCTGAGAACTTAATGCGCTCAGGATAATAAAACCTGGACGGCGGATTATAGGGCAGCTAGCTCTAGATCCTACATCCTCAGACCTATAATTGATGTACGGTACGGCGTACAGGTCCCAGCATCGCGCCATCTACCAAGCCCACACCTGTGAGTCAATGGCCCTGGGGTCGGACCAGCTGCCTAAGATCGTCTGTAGAGACTAAACGTACCACCTGCGATGTTCACGTGTCAGTCCCGCTCAGAAGGATGGGTACAAGATCCGTCGAATACGACCCGATCAAACGATGTACGATAATGGTCGTGGCAAGACTGTGTATATAGGGCCTTAGTATACGTGAGTCTGCGGTGGAGTCTGTAACGTGCACCCGATAGAGAAAGTCTTTTAGCTACTTCCTGCGAATAGACGTGTACCAGTCAACTGCCGTATAGAACACGTGATGCTAACGGAGACACGAGGGCCCCCTGTACGGTATACTAATACTCGTACCAGCCTCTTTGAGCGAGTCCACTTACCATTTATCGGTATCCTCATGCAGGGACAAACAAATAAAGGCC,1039,51.2,Arabidopsis thaliana
SEQ_528887,AGTTGCTCAAGGACTATAATGACGGGAGACTCGAAGATTTACAATGCCGGTATATCACTAGTGCTGATATTGGAACGTGCCCGTCCAATAGCTTATACCGGATAGTTTGCTGTTCGTCTACCACTCAACTAGTCATCGTAGTACTTCCTGCCGGGGCAAATCTCGAGCTAATAGTGTCAACAGAAGTCCTTCCTTTGAATGCCTTTGGTAAATGGTTGTCTCTTCCTCTATTTTTAGCTCATATTCGCTGTCGGAGTTCCGGTAACTAGCAAAGTTTGGCGGTGTGAAACTACGCGGAGCCGACCACGCAACACTCACTTGCACTGCTTGACCTTAGCCAAGGACATGCGAACTCTAGTACAGTCAACACCTGTCAGCCTTAGCCTGATTCGTATGTTAGTATTAAGTGATCATGGTTGAGACCTCCGTCGATGCGTGCAGCACGGATAGTGAGAGTACTGCGAGATTAATCGAAGGAATAAGTTAAATCTTTGATCCACTACATCGATATGACCGGTATGCACCGGCACGAATAGGGCATACGACAACATCGGGGGCATGTTAAAAAAATCTGCTTAGGATGAAGGCGCGAGACAGGTATGGTGTCCGTCCGCGCGGATCAAATGTTCTGGTCTTACAGCAATGTTAGTCCTGGCCAGGAGAGAGGGCTCGTGAACTCCCCGGGTATGCAA,692,47.83,Homo sapiens
SEQ_385041,TATGCTACTAGGAGTCTTCATGCGATTGTGACACATAGGCGTAGTCCGGCCGGACTAGGGGACCATTGGCGGATTTTTCTTCGGTTAACAGCCGAGTCTACTCGCAGTGAGGCACATTTGGTCAAGAAAAGCCGACGGTCTTCCGCGTGAGGCTCATAAACAAAGTGAGCAGGCCATGATTCAACAAAGTTGTCCGCGTTTTATGCTCCATACAAACCCTTCGCCAGCGTGGGGAGGGCGGAGCATCCCCAATTTTCGTACCGTCAAAGCATGGGTAATAACGTCCATAATGGTGGGGTTAGGCTGGCAGTCGAGCGGCAATATGTAGTATGTAAGCACCAGTTCGTGGCGTAAACGTGTGCTACTCTTGTTAGGTGGAGGTCATGATAGTGACGCACTCGCTAGTGTACTAAAAGTTGGACGAACCACAAAGTCTCGTTAACGCGAGCGTAGGGATCAGATAGTGTGCTGTACGCATTATAGGTGGGCTCCATCTTTGGCCATTAGACCTTCAGGGTAAACCAACGCAGTGGCACCAGTATGCAGCATGATTTTCGCACCAGTACGGATATCCAGCAAGTCCCCTAATGTCACCGGATCACAAGATAGTAGGGAGACGACGCGGATGGGACCGCCGATATTCACGTTCATGGAGCAGTAGCATCTCGCTGCCACTTGCATGTCGCGTCATAAAGCACCTTGTCATACTTTCGTGTTACGAACCGAAGCTCCTGCAACTCTGACGCTGTAACGTTCACCCAATGGTCTCTGGAGTTGCGCGTGGGTCACATTAACTACTCCTGCATACTTCTAATTCACCCCTCAATATGCCTCCTGCGCTAGCCCAGAAGACCCACAGCAGGACTTTGCCCGTCAGGTGGTCCAGATAGTAGACACTTTCTTTATAGTTAAAACTGTGCAGAGAAGGATCGGCGTACAGAAATCCTCATTGAACTCGATCCAAAGGAAGATCTATTTTATCAGCGAATGGCTCCCCATTAATGTATTGATCTCAATGTCAAGCCTCTCGTAAAGAATTCATTGGCAACAGTTTTCTCTTACGAATGACAGGGCCTGCGGAACGGTTCTTGGTCTGTGTGTGGC,1104,49.64,Homo sapiens
SEQ_775892,CAGCATGGACGCCACATTACGCTAGTGGGAGTAGATATTACCGTATGCTCTACGCCCGTTGCTCCGTTTTCATCTACACTTACTACTATAGAGGTAGGTGGATTGGTGGCTAGGTTAGCCCTAGATATTTTGCCGTTGCCCGGTAAGTGTAAGCAATTTTCAAGAATCCCCAATCAATCCGGTGTGTCCATGAGCCTTCTAAGAATCCGCCCGTTCGCTCGAGGAATGGTCGCGGTAATTTAGCATGTTTCCATTCGTGTTCTCGCGAATGGAGTCGAAAAGTTAAACAACGGCACGATAGCCCAACGGAGATACGTCACCATACTGCACGCGAGGGTGACTGTAGCGAGGCAGTCTTTCGCAAGGCCCAATTGCAAGGCCGTGTTCCGAAACTTATCGCCCCGAGCTGAGAGACTAAAACCAGGGATCTGGGTAGGCACATACTGTCATGTTGTTCAAAAGTGCGCGTGATTTTAGCATGTCGGGCCGGGCTGTTTGATACGGCAGGGGCGCCCGTGAAGACTGTTAATAGTAAGGCTCTGTCTCTTCGATTTTAACTGTGCTAGAGGTTTGGTGGTGATGCCACCAGGTTTCGGCCGCATTTCCGGAACCTACCACCCTCGTCGATTTAGTGCGCCGCTGTCGTTCACATACCAGTCCACAGGGATGATGGAAAAGCATCTAGAGTTTACAGCGGGAGTCTTGAGCAAAGCTTAGATCTGATGGGTCCCCCATCAAACACTTGGACTACTACGATTCCCGCA,764,50.79,Saccharomyces cerevisiae
SEQ_833420,AAGGTCGGCGGGCCGTAAGAGCAGTACTCAAATTCTGATCAGCATTTCCACGAATTGGGAATTACAAACTAGGGGGGGACAAATACCTGTCACTGCTTCGGCTAACCCGCATATAATACAGTGGGTAAGTCTGATCACACTAGTTTCCAGGGGATCCACCCACTTTCACTTATTGCCGCGAAGCGATGGCACACTACCAAGGGCGTTGAAAGTGGGGAACTCTATCCGTCCGACACGTGGACTGCCGTGCTGGAACCCTCCTTGGTGACCGCGACGGCACCCATGATTACTCATGAACGCCGACCCTGCCGATACATCTACCTGCGCATGCCGCAATAACCTCTCTGTGGATCCTCCGCTAGCATGCTGCAGTTCTATAAGCGCGGTTCATTAGGGGGATACTTTCATTCGGCTATGAACGTTTCGCACTGACACT,436,52.52,Arabidopsis thaliana
SEQ_907466,ACAGACTGAATCCGGAGCTAACAATCCGTAAGGATTCTCCTGAGAGAGTCGGCACAGGCGACGACTGCGGGAGGCAATCCCCCCGTTTCTACGGACTACCCTACTACTTTTGAGAGAGCGTACAGCTCGATTTGTTTTTTAATACCGAATACACGGGCTCCGATGCTTACTAATCCGTGTGTTAGCCTGCCAGCACAGATGCCACACGAGAGCGCTATCCGGACACGGTGTTATGGCGAGCTTTTTCGCTGCACAAGCATCACCCAATCGCGCCAATCGATATGACATGTGCCGTTTCGAAAGTGGACCGGTTGACATCGTGAAGCGACCCAACATCGCAATCCTGCGGGTGATCCAAGACTCTAGTCGGCCTAGGCACAAACCGGTAGACCTGTTATGAGGCATACGACGGTGATCCGCTTCTTCGAACGCACGGGGGGACGTCGCTGAACGTGTTATCTGTCACTGTCTGGTATAGGGAGTTACGTATCTGATCATGACTAGGGAATATAGGAGATATGTCAGATGTCTTCAATGTGCGCCGGACTCCGACAGCGTTATGCTCTCTCAATATCAATGGAACAGTTAGGAATTTTTGCAATGTGGGGACAGGTGAATACGGTGGGCCAGTGTATATCCATTACGACTAAGGTCAGCAGACACCAATGGGCAAACTAAGGTTTCTCAGGGCGCACAAGCCCTACGGTGGGGCCCGCGCCTACGTTATATGCCAGGGGGCCAGTCAAGCCCGCAACATTAAGAGTCCCGTAAGTAGGCTCTCGGTAGCGATAAGCATTTAAGTTCGAGGGTGAGCCCGGTGGACTAACAATCTCCAGTATCGAGTTCTAACCTAAGATCGTTCTAAAGATAACAACCCCCCGTTTTCGACTTATCCCAGGCGAAAAGGCAGATCAACCTTAAATGTCCTAAGCTGCGGGTACGTGTGTAGCTCCCACCTACCTTTACTGACGACCGTTAAACAGAGAGTACCGGTACGTACGTTCGGGACGGGGTCCTTTTATCAATGCGCCCGCGGTGATGCCTACCTGAGTGCCACGGTGAACTTCACTAGCCAACGCCTCCCAGCTGAACTAAGCCGTCGTCTCGGGTACCTACGGTATTTAAAGGTACCGTATGAAAAACTTCCGCGGGAGTCTGGCGCCGATAGAATAGGAGATAGTTTGTGTGACGCGGCCTCCCGTTTCGACCCACTGCACTGCATTATGACCTATTGTAGAAACCCACACCTTTTTTAGACGCCTTGACATTAGCTTAATAAGCCCCAGTAACCCTCGCAATTCAAAGTCCTCAGTGGGTCCACCGACTGTCGCGTCGTGATACGTTATTAGCCATTATCTTCATTGTATATGGCGTTGTAATGCTACATCATCGCAGGGTATCGGTAGTATTGGTATATATCTACGGGCTAGACAGCTTACGTTCGAGTTGAATCGTCACCAGTTGGCCGAGACGGATCCTGAGCTAGATGCTAGCACTTGCTACGAGGTGGTGCTGGATTTAACTGGGAATGACACTTAGCGCTCTAGTCTACTTGTTAACCGTAACCACGGTTGTGATTCGTAGTTCACGCGGGGTATTACAGCGCCATCCCGGTGCCCGGGGTCTCAGCTCCCCACACAACTTCCAGGTAGGTGTGCAGCCCGCTTCTGAAGCGGGGCACCCTAGGAATCCTTATACACGCAGTTTTTACTTTAAAATGACTAACTTTGATCGCACATCATTTCAGTTTCAAGGTTAAAGCTAGCCTTACGCCACCGCTCAGCGAACTAGAGTACATAGGGGTAATCCAGAACGTCAGAATGAAGTATACATGATCTCGGGTAAGTGGGCGATGCGAAGAACGGCGGTAATCTGGGGGGGCTCTTGTCGGGAACAGGGGGCTATGTTTAATCTTTCCTGTTTCATTCGGTAGGGCCGAGCTTAATATCACGGGAAGTTCGGACCACGGTTGTGATG,1977,50.89,Mus musculus
SEQ_474300,GAGCTCAGAAGCTATGCCAAAGCTACAGCCTTGCCTTGGGCGTTCACAACGATCTCCGATGAATACGGGATCTTGTGGACTGCTCCAACTACTCTCGCATTACGTTACTACCGCGGATACCCACGGACACTTCGCACGCTGTCTGCAGAGGGAAGTAAGCCCAAACTGACTTTGTATGCATTTACAACCCCATCCGACAAAGCTTTCACAAGTGGGACACTGCCAGGTGATCTAGATCAAGCCAACAGGCCTGGTGTAATTCGCTGAACCGACTGTGAAGCTCTGTAGGTTGCCTAAGAGTCTACTTTAGGTGCTTTGGATGTCTTTCCCGCGAAGGATTCAGGTGGAACAGGCACGACCCATGAACTCCCATTCCCTCCTCGGAATCTAATGGTCCTCAAGACGGCATAGCATGATCTGGCGGCAGTGAACTTAAGTCGACTCATCACGCCTAGTACGGTGGTGTTAGAAGATCTGGTCAACAACGTTGGCGATGTCTCCTAGAGGCGACGATTGCATCGTATCAACTGAATTGAGGCACACTTGATAACATCGCGCGGTAATTGAGATTGGCCCTAGAAGATCCCCGATCTGGTTATGAGATGAACCTCGTCTTGGTCTAACTTGACAAATGTCACGTTCTAGCCATTATATGTTGTGTGGTTGGGAGCGATGCATTATGTTATAATCGCTTACCCACGACCGTTCAACCGCCTAGGTAAAAACACCGCTTCAGGGCGGACGGCCTACGAGGTTTCGGTAAGGTGTTCGCGGGCAACGGTAGGGGGGTAACCGACTTATACACACGCTCGAAGCGTAGTGCCGTGAGGTCCTTTTAGGTAAGTAAGTTATGAATAGAATACATCGCGGAAGCCATGTTTTGGAGCCTCGACGGTTTGCCGAGCTATACCCTACGCTGACTGCTATATTTATGGATTTAGGATCACTTGTAGCTAAGAAACGACCTCCCTAAGCTAAACTCCTTCTAACGCCATGCCAAACCGACCGAGACCGTGACATGGACTTTTTCGTCTCATCCGAAAACCCACTCATTGGGACAATGATATCAATAATTTTATCGTGTGTCAGCGCCTCAGCTCCAACGAGTTTTAACAAGCTAACCGTTTTAAGTATAGGACTCGTGCATGTGGGTGCGCTACCGCTTAACAAAAGGTTGTTCCAGGCTGCTACCGTGCTCTTATGGAAAGGCTCCTTCGCCCCGATCACCCGCTTCCGCAGGACCAGTTCACCCGTAGTTTCATGCTAAAGCCCGCTTACGGCAATTTGAGCGCATTAAGGTCGAGCCGATTTCGAGCACCCCTAATGGGCGCAATGGGCTCACTGGGGGTGCTGAACATTGGTCACATGTCATCGGGCACACGGACCAACGCAATCACGACACTGTTGCGGTTGAAGTCAATAAGGCCGTAGCCAGGGTCCTCCCTGACCCCGTGGCGGGTTCCTCACATTAAAATCAAATAAAGCACACGCCCTCAACGTCCGATAGTTTAATCAATTTTATTCATTCAAACATCTATAGGGTTAGTGGATTTCTGGAGCCCCTCTTCCTCTGATCCTCGACTGGCCCGAATAGTTTTCTCACGGATGATGCACCAAACGACCACAAAGGACGCCGTATATAGGCTCTCTCATACGGTCCCGGAACGAGTATCCCCTCCGACGTGAAACGTCAGCTTTCCTATGACGCGTTAATGTTAGTCATGCAGCGTGAAGGACCTCCCTTCCCACGTCCCGCCCCCCATATAGAGGCCGTGACAAATAATGTGGGCAGTACCTGCTACAATTTCGTTTGCACAGACGCGGTGGCGTATGGATAGCGGTGTGGCGTTTGGGGTCCCCTGATTATGGGCGCGGAGAAATGTATAGGTCTTACCTAACCTG,1902,50.58,Homo sapiens
SEQ_898248,CGTTTTCCTCTTGTCACCTCTTTACTAGCAAGCACGACGCGTCGTGGGGTACTCAGCCTAGAACACGAGAGACCTGTGCATGGATAATTCGGTTGATGCTTCGTTACTCACTAATGCCGCAACTTATTCAGATATTTGTTTCGCACCAATCTACTTTCATCCACTCAGAACCTGGGACTACTGCTCAGTTGACGGTTCGATCACAGCACCTGTTATTTTTGCGCTTCGTCCATTGTTATAGGGGTATTCAATTAATTGTCTACTAAGAAGTCTCTGCGGAGAATTATGGACCGAGGACCACGCACGAAGCGCGTCGTTGTCTTCCCTGCTTTCGAAGGAATAAGACGCGCATGGTGGAATATCCATCTTGGTTGAGTGAAGGTCAGGCCCTGGGTCCCTCGCCTTTCTTGCTTCTACGATCATCAAGTTAAAGTCACGCCGTACTAGCTATCCCCCATTAATGTGACGTCCTTGACATCGGTCCTGTGCAGTGTGACCCCCTACTGACTTTATCCGCAAGAATCATTACAAGATGTTAGGCGTCGAGCTCTCCTATTAAAGACCAAGGGGGTGATCTTGTAGTAATAGTAGTTGCCAACCGCAGCGGTCTCTTTTTCAAAATTGATTGAATTAACCCCCTGGACTTAACCCATGTCGCAGCAGACCCCGCTGGACGCCAAGCCTAATATATTGCGGGGCAGTAATGCTTTTTCGACTATCGACCGCAGACGCTTGTGGGTCGGTAAAAGTGGATGCAGTGCGAAACTGATATTCTCACGGGGTTAGATGGTAGTGGCGCGGTCCCTTGCACAAATTGGACCAAAACGCTAGGGTCTCCATCAACACTCATACTGCGTGCGCGAGCATGCTTCGGGTACAATGTAGCGCGTTGGGGAGTCGCGGAGTGATAACACTTTTGGGTGAGAGGACGACAGTATAAGGATGATCTTTAATTAGCTCCATTTGGTCTTCAACGGTGGACCGATAGCTGCCGGTAATAAAAGACCAATAGATACCGATGAGAACGGGGGCATTCGGCTGCAGGAGATTAGTCAAAATTAAGGGAATAAGGCAGATTTGTATTCAAAGTAAATCTTACCTTAAGCCGATCTAGATGGCTTGAAAGGGAGAGCCCAGGTTCCCCTTAGGAGAAGCTTATAGCCACGCGTGAATACCTCCTTGGTTTCTCACTCGCGATAGCGGCTATTCCGAAGCACTGGAACTATCGCACTCTCTTTCGACACGACGCTCCCGATAGACCGGCCGATCGTGCATGGGATCGTGATTTATGATAGGACCAGATTCCACGCGCTGATTCACGACGGTTTACACCGAATAGCTCACCCGTACCCGCCTCCCCGTGGTGGTGCATATAGATGTTGAAGCCATATAGACACTGACAGTTGGTAGGCAAATTTGGGTAGAAAAGAAATGATTGTATTTCGTCGCACATCATGGAGCACCCACTGAGATGTCGCCCGGCCTACAACAAGACCATTGACAGCTCAGCCAGTGGCGGGTGTTCGTGGCGTATCTAATGGTTACGAGTGACGCATCTCACCCCGGGTGTACGTGGTACGCCCAGCACCCAAGAATTTGATTCGTGTATCTGACATTCGTGAAAGTTCTTTATAATGCACTTTTTATCGGGCCACTTATGTACGATGGAGCGGCTGTAATAGGGAAAATAAATCTCGCAAATAAGAAACGTCGGCGTGCACTCAGTAGCTCCCCTG,1736,48.91,Arabidopsis thaliana
SEQ_917938,CAGTCTTATCGACGGGAGAGCAATGATATGCAATCCTGGTTACGGTCAAGCCTGTGCGAGTATCCCTTCTACCTCCTGTAACCTTCATTTCATCCAGTGCGGTTATCAGCATATGCTTCCACACGAGCAAACATCATGCTAGGTTGAACGCGCGCCTAGGGGGTTGGCGGGCCTAGGCTCAGGTGTTTCGCTTTGGGCGCCGTCGTCTGCGAGATCCGCCCCATTGCGGGCGACAATCGGTGACGGAGATAAAGCTAACCATGTAATTCTGACTGCGTCATATTCCATAACCTCGAGATGTCACGTCAAGACCATCCATCCTGGTACATATCAGGTAAGCGGTCATAGCTTGGTCGTTGCACAACTACGTTTGTTTCTAGAGGGCTAGGTCACTACCCTGTTATAATAGTCGATCATTATTCATACTCCTGATGTTGTGTGACTAACTAGAAGGAGCCGGAATTATGTTAACCGATGTTTCGCGCCACTGGCATTTATCTCCGTGAAAGAGAGTTAAACCGGGCATTATTCGGCCAGATACAATTTTTTAGGAAGTAGTTTATGATGATGTTATTATAAATGTCGGCATGTGGCTGCTACACACAACGTCAGAGTCCCGGGAGTGGTGTCTGCTTTCGAACGATGGGGACAGCACTAATATAGACCAATGAGATGGAAGCACTCGGTAGAGACGCCGTTCGTGTCTCTCGAATACATCCGCGGTGTTTACTCTTGACATCGAACAAAGGAGACTGGCCCTGAGAGCCTCTTGAGTGTGATCGTAATGGACTATGCAATTCTTAAAAGCCACACCTACCCACCTTTTAACATGCAGTCCACTATCCAAATTGGAGGCGATGAACGACCAGCCCTGGCTCAGTCTGGGCTTGCCCTGAAGGGAAGATGAATACAGGGTACCCTCCCTCGGCCCCGGCGCGACCCTCAACATAATTAGGGTCACAGTCTCAAGGGGTACGTTCCAATCTGTATGACTTCTTCAAATAACGCTATTGCGGTATTGTGTTAGTTCATACCGACGATGGACTTCCATGATGGGGTACCGATGAGACGTAACATATTTTTCAAGTCGCGTGTGGTGAGAGGGCAACGTTAATGTGGTTCATCTCTGGCAGCCGCCTACAACCACTTATTGGGCATCAACCGTAGGTAGATACTTGGATTTAGCGCCCTACTAAGATAACCTGTTAGATGTTTTCGACCACCTACATCTTCTGACTGCTCGGGATAATGCAATGTGCTACGAATGGGTCTTAACTCGTCAACTAGAAAACTACAGGCGGAGGCCACTGTCATCGCCTGGGGAATCCAAATATGAGTGCCGAGGATATCGTACACCGTTCCTACCATATAGCGATTCGCAGTAAAACGCGTACCTGGGATGGAATCGTCTTTCAGGATCGGAGCCCATAGCGGCCCCGAGTCCCTCTGGAACATAGTCCCGAGTAGTGCACTACTCAGTTGAATAACTCTTGTGGCAATTAATCCCAACGACCCGACGAACCATACACGCTTCGTTCCCCTGGTGTGCGCTTTTTAGCACACCTCTTTTGGGTATTTCGAGCGTCTCACTTAGCTCGAACTGAGCAATAGCGTGACCGATGGATCAAGTGAATACCAAGTACTCTCGGCTCTAGCTTCGGTCGATACAAAGCAACGGCGGCGGTAAGGGGCCATAACTAGGAGCATTGGTTAAATCCGCTAAGCTATAAGCGACATTGGAACTACCCGACTATGAGGGTCCCTCTACTCTTGTCCCTTGCCGGTTGCTGCACACAGGGGGTCTTAAACACAGTTATTGTGTTAGACGATCGTGATAAATCCGTGGGGACCAGCTTCAAAAAACCTACGGTCAAGCAGAATAGGGAGGACTCAAAAGTAAAGGCCACGATCACCACTTACGCCCTGGATTCGGTCAGGGGAGCACTAGAAAAAAGAATGAATCCGGCCGAGGCGTATACGCATCTTGCATACCGCTCA,1998,49.25,Caenorhabditis elegans
SEQ_326938,AACGTGTATGAGTACTATATCACGTATAGGCAGCGTACCGGCCTCTTATAGTTTGTGAGTTATACAGGCGACACCCGGATTCATGTTCACTCTAGAGATACAGACGATACCTCACGGATCGCGGTGCGGGCACGGTTCCTCATTGATCGGCAAGCGAACTCATCTATCGTGAAGAATCTGCCTGGGTTATATACTGGACCGACTGTGGTCTTTATGGATTAGTATGTACAACGTTGACCTGCTACTTTGAAACGAATATTATAGCACCGTAGAAATTCCATAGGACCCAGTATCAAGCTGGAATTCCACCCGACTTTTAAAGAGTAGCCTAGAAGGGGAAGAGAAGCCTTTATCTATAGAGCACGACATACCTTGCTACTGCACGTATCATAGCGAGTTTCCATTCCCTTCGATACCGCGCTAACTCGAATGTGGCCCGTGATGACGCTATTCCTCGGAGCGTGACATCCCACTTGCCCCCGGCCACCAGCGGGGAAGCTTGACTACTTGCGTGCTTCGATTTAACCCTAACCCCACCCCCATGCTCGCACGCATGCGAGCCGAGATTAGCAATGTTATTATCGGTGGGCGCCATCATGGGAGATTAAGTTCAATAGATCTTCACGCGGTTGGTTGGTCCCCTCCGTCGGTCAGCGAGGCATGTGGCGCCGAGTAAATTAATGCGAGCTAGCTGAGCGTACGGGTGAGTGTTCGTCTTGAGAAATTTGTATGTTTTCATTATGAAACGACATTGTACCTCCCAAAGCTTCGGTGGCAATCTAGTCCCGCCTAATTATCTTGGGGTAACGGGTACTACCATCCGCAATACTCTCTATTGGTTGGAACTCAGTCATGTCGTTCGACGCTGTCAATCTACACAAAATGCGCCGCTTTTCAATCGGATGATTGACATAGTAATCCTAGTGCAACGGCTACTCCTATGACTAACACATTTCTACACTGCGCAGCGGATACATGAGCGTTGCCAGCCGTCCCCCGCGCGCTATTATAACGATATACGCACTCTGTATCTTTGCTGCGAACACGGGAGATATCCCCCAACTAGATCCATTAAAACAGACAGGGTCAACCAGCTTGAACTTTGACGGGTATTTCACGCCTAAGTTAGGCATCCACCCGGTGCGTCTCGAGGACGGGCATTCTGGCTCCTCTGGGGTCTTGCGCTCACCTATACCGGTGTTAACTAGATCTCGAGTACCTTATAACTTCTCTTGTTGCAGGTCTTACATCGGCCGGTGCGGTGGCTTCCTGTCTTTTAGACTTGATTATGCTACGACGTACCCGTCCCGAGTGGCTCTGCCAGTCTTATCCTCGACGATAAACGGGGAACAATACGACCCCTGGTTCTCGTTTACCTTTCCATGAAACATAACAGAATTGCCTTTCTTTAGCCACCCGATATGTATTCTGCGCGTAGGTACGTAAGATGCATCGCGTACCGATCGACTGTCGATCGTACAACGGCGGAACTATCGACCTGCGATAGTGCAGCCAAGTAAAGGTGAACATCCGTAGGAATGATACTGATCAGATATTGAACCTGCGTATCCACGTGTCTAGGGCCAGATTGTATGATATAACCGGGCGCGCATTCGCCTTTAGGAAACCCTGTATCCCCCTCACTCCGATTTTTTGGTAGAACCGAACGGGGAGCTGTACGTCGAACTGAGCTTCTTATCCCTATATGA,1709,49.39,Mus musculus
SEQ_838056,ATGTTATAGGCGGCGGGTACATGCAACTATTCCAACTAATCGTGTTGATTACTAGTAACTTGAACATAGCTCCGCATACGGTCGATTACCCGGCATCGTAGAGTTTTCGAGGGCGGTCCCCCCCCGCAGGGCTGTCACGCTAACAACACGGGCCGGGAAGGTAGATTCCTTAACGTCGCGTTATAGGGCCCGGACTCGTTGGTCGGAGCGTGCTACGCCGGTACGTTTCCGTAATTGCTCCGCACCTCATGCGTTCAGCCAAAATCATAAATACCAACAGGGCGCACATTACAAGATGCTGATCCCTATAATGACGGACTGCATTAAAAAGGCTATCTTTAACGCAAAGATCCTGCCTGACAGCTGCTGAATGGTTTCACCCGTTGATACAGGCGGCCTAATGAGGCACGC,411,51.82,Escherichia coli
SEQ_220840,ACTGCAGGACCACATGCCGCCGCGCGTCTAGCACGCATCACTAGAGCTCTGACTTACGATCTAAGTATACGTCACGAACTCAACGCTCGGATCCGACCACGGAATAAAGCCGCCTTTAAAAATTACCGGATTAGCCTCTATGTGCAATAGGATTTCAGAGGGTGACCCGCACTTACAAGGGGTAAAAGACACTTCGCTTCTGGAACGTCAGCCTGTTGATGCCCCGATGTTGATGCACGTACTGACGGCCTTATGCGAATCAGAGTGTGCCGCCGTGTCCAAGATCCTCCAACGATTATCGGATTTTCCGTCGAAGAGTGGCGTGTCCACCCAACAAACCCTCGTTACTGCCCAGTATGAAATATAGGTTAATCTTGCCTGTCAAACTGCTCCGTAAGTGATATACCTTCGAGTGCAGTAGGGGCGCAACGAGTGTGGGGGTATCGTCCAAGATCGGCGAAGCAAGCTGAGTAAGGATTGAGACGAGAATCTGAATATTTAAAAGCCAGCGAGGAGCGCGGGGGGTGCGTATCCCAATGGTCGGCGGAAATCGCGTGAGGTCGCGGACCTCGGTTGAGCTTGGTCTCGGACAATGTCCCGGGGTACGTGCATAGACGGAAATTGAATCGTAATACCGTCTCCTCCGTTGAAGGTATGTCGGGCATCTGATCAATGCGACGCCGGCGCTCAACAGGTCGATGTGATCTAGCCTCCCCTTGGTCGTATGCATCTGAGTCTCTTCACTCATCCGGGTACAATCGCGACACCCCTACCTCCCGACGTCAACATGCGCCAACGAATTGATTAACGAGGCGCTCAAGATCAAAAAGGGAACCTGAGGACTACGATAAAGACTTGCTATCCGTGCTCAGTACGTCTAGGTCCTCTGAGTCCCTCGTGGTCAAAAGGAAGACAAATGAAGTACGGGTCGTGAGGACTGCAGCTGAACACCGTGGCAAAACCCCTGACAGGAGCATGAAAATCTGGTGGGGGAACGTTCTAGCCATTGTAGGCGATGCGGCCGTCGTCATCGTTCAACGGCCTCACACTGGAGGCAATATGAAACGCCACGAGCTAAGATCCGACATAATGAGGATGACGATAGTTCGTATGCACTACTTAATTATATGTTTTGAAAGTTGCCCGTCTTAGCGAACGAAAAGGACTCAAATTTCTCTCATGGACCTCAAATATAATGAAGGTCTACCAAGTAGTTGATGGGCTATCTCAGCAGAGGTGCATCCGCTGCCATGACGTGGCCTGATTATAATCTTTAAACTCGTTGTTGTTTAAGTTTCATTCGCTCCCTAAGGGCACAGGCACTTACAGTTGATTACGAGTGCCTGACGTTACGCGTTTGAGCACAAAGCGCGTCTCGCTGCAGCTTCGTAGCCGCTTTTAAGTTTGGTGGAGGTGTGGCGAAGAAACACCTAAATTACTTGCGTCCGCGGTGATGCAATTATAATGTTGTAATGGCGGCCTGTTTCACTCATCTCGACTTATGGGCAGAACGAAAACTCTCGAGAACTTTGCGGCTGTGGCGGTTAATAGAAGCACACAAAACACATATGTGTACGCCTATGGGACTGAGTCGAGAAACTAGAATAGACAACCAGTCGCTGGAGAATGCTTTCGTGTACGTAGAAATCACGTTGTCCAGTCAGGCGGCGGCCGAGAAGATGCTAACATATGCGACAGCGAGTTGCTTAGAAATCATCACATATCCCGGTCATGCCCTTCACTGTTCAAAGACAGTCGGATCTGCGTAGGACTTGCGGAATTCGGGGGCTAAACCCAGCAGTATAGTCAGAGGTGTTAAAGCTATCTGCGATCAATTAACCGTTATTGCTAGTCTTTGCTTCGTTCCTGAGTAAATCAACGCATTCGCTCGCCTT,1895,49.97,Saccharomyces cerevisiae
SEQ_515334,CCGCTACCGGCCTAATCATTAAACATTATTTTAAATGGCCACGCAATTGATCACCGCCTGCCCCGATGCCGATCTGATAAGACTTCCGGCCAGTGTCATGGCTTTGTTACAAGACCGAAATGACAGTGAAAACACTGGACTCTTGCTTTGGAGTCTTTTGCAGTGGAGGTCCGCAGACCTAGCTTGATCCCCGTAAGGTTCGATCTGCCCGATCCGACATGAGGATCAAGTCCCGAATCAGCGACTGCCACAACTGGATGGCGGGAGCGGACACTCAACGGAAAGAGCGCTCTGTAACTTCACGACGAACAGAATAGCGCTTCGGGGTTTTCCACGTTCTGCCTATGGGTACTTAATGAGATTACAAAAATCAGGTTCCATTAACAAGTCCCTGTCCTACTGGTTTCGTTAAACCTAAGTCGTACCTTTTTCGTATTATTCCACCACTGAACTTGAGCCGCTACTATGACTCGGCAGACTTTCTGAGAGCGCAACTCCAGTCGCGGAAGACTGGCGGAATTAAC,524,49.43,Homo sapiens
SEQ_794293,GTTGTTTTGTCTCTACGTCTTAGACTGCTGTGTATAAGTAAATTGCGGAGGTAGGTCTGAAGGCCAGAACTGAAGTCCGAGGCGTCCGGCCCTCTCCATCCCGTGCGGCGCGGCGGTACGGACTACAGTGATAAGTGCGAGCGCCAACGATCAATAATAGTGCTTAGGAAGATGGTACAGGGCGGGTTTTCTTCAGATCAGGCCACAATCTGAGAACTGTCTAGCCTGGGTCAACACGGATACACAGCGTTGGGCTTACTCGCCCGGGTGGCAGAATTCGATCCTCGGTAGCCGAAATCGACAGCCTACGGATACCGTCCCTCACGATACTCATCCATATGAGACAACTAAGTATTAGTGATAAGCCAGCAGGAGGCGAGCGACACGGTTCCCGTTCCATATAGATAGTGGTCTCGCCCGCCACCTCTCGGAGGTGCCGCCAGAGGAG,448,54.46,Drosophila melanogaster
SEQ_399991,TAACTAATCTGGTGTGTACAAAATGATGACGCGTCTCCGAACCAGCCTATACAGTTATGACTTCGCGCCTACGCTGCAAGAACACCACTCTAATTCGCACAGACCCCATCGTGCAGCTCGTCTGCGACATATATGTTACCACTTCTCTGAATCCGGAGACTTAGGAGACCGGAAAATCGAGACTATTTTTACTCTTGGGGGCAAATAACCACCATCCGCCCATCCGATGCTATTT,235,47.66,Homo sapiens
SEQ_248909,CACTATATCAGGTTCACTTATTGCTGGAAGGACGGTGATAAAAACGACCTCCGAGGCTACTGTCATCGGGTCTTAACGAGAGATTCCGATAAATCCAGCGCACACCGCACTCATTCCCGTCCAATCAGGACAGCCAAT,138,49.28,Drosophila melanogaster
SEQ_456671,CGGCGCGCTTGGAGCCCTTCATGACGCACTTACGGACGGGCACGGCTCGAAATACGATAGTTAGAGGGGTATCAAAAGAAAACCTGTGCCATTGTGGATAGCAAAGATGGTATCAGGTTGTAAATACGCCGTCGATTTTACCATCTCTAGATTACACACGATTCTTAAATAAGTGCGAGCTGCGCTTGCTGGTTCATGAAGGAGCGATAACCCTTGGGACTGCATCTGACTAGAACCTGCCCGCCCTGTAAAGCTGTCGGCTGGTTGCCATCTCGAGCGTGGAGGGGCATGACATAGAATGTGTAAAGGTGGGCAATCCCTGGCTGCACAACACGGGGCACTATTTAGGCCCGGGTACATTCGTGTCACTGGGGTAGATGTATGTACCGAGCACTAAGCCCCCCTGCCGATAGACGCAAGGGGCCATCCTAAACGCTCCTTCTCGTGTCCAGTCCATGGTTACCATGGACGCCGTCGGGTGGGACCAGTTCATTCAAAGTTAGGCGCCATTAGATCTAAGGGACTTCGGCACGTAGGTGCGGCCCATGCCACCCAAATGCGATCACCGACTCACGTCACGAGACCTGTTAGAGGTTCAAGCCCGCGGTAGACGGGACTGAACCTATGCTATGGGGAAGTGACGACCCAGTCGGTAGAAGATGGAACTCGTTGCAAATAACTGCAACCTACAAATATCCACGACGAAGTTTGACAGCAAAGTAGAGATTTAGATCGGCGACATTTGCATTTTCGTATGGAATTAAGGCTAACACCATCTCTTCCATATGCGCATATAGGGAAACCACGCGTAATTAAGGCTGGGTTTGGGGGGGGACTAACGCGGGTTTACAGGATGTTCCAGACAGCGACTTGGTCTCTTAATGAAAACAAAGTGTTCATATCGTTTAGACTAGGAACAGTTAGTCTTGCTCACCTGAAAGCGAAATTAACTCTGGACACAGATAAGTAGGGCTCAACTCAATGGTCGCCCAGCTCGGCGGGGCCTTGTTTTCGGAGAGTAGGCATTCCGACCCTAGTTTGACTACCGGCGCTTGCCTACACCCATCCACTGGTCAACCTTTTTCCTATGAGGCTGTCCAATTCCGATTCCCATCACTAGATTCAGCTTTGGGAGTTCTCTTACGGGAACTACCGCTCCAGTAAGGGCGAGACTCTTGGTCACAGTTCAGGATATTTCTTATTACTCCGAGAGAGCAACCTTAAGGGGAACCGTATAAGCGTTGGTATTGGGCCGCAACGAAGGGCCGCCTTATCAGAACGGCCCTTGACGCGCTCCTACTCGGCCGCCTGGACCTGGTGAAATCTTTGAGCCATATCGGTGGTGCCAGCAAGAGCACGGTTAAAATGCGATTAGGCCTACGAGACCGAGGGTTCGTTGTACGCTTCGAACAGCGAATCGCATAGCTTTCTTAATCGTCAAAGCTGAAGAATCTAATGAAGTGAGCCTAGGGAGGAGGGCGCTGCATATCTTATTTGACCTAGTATCAAGCATGCCGAATTTAAAAATTCAGACTGTATACAACTTCCGAAATGATGCACTTGTGATATCTGAGCAGATGCGTTTAAGTGGCAGAAATAGTAGGCCTGATACACTCTGGATTAGCCGGTTATGATATTTCGCCTACTACACCCGTTTGATCGCGGCTGATAATAGGGATTCTGTTGAACGAGCTTTGACTGACCAAGAGAACGGTCATAAAGTACAGCTCGGAGTGAAATTAGCGTGATCTGACCCGCGGCTATCCGACTGTCAAACCGCGCCGCATATTGCTGGCTTAAGAACTAGAAGGAATAAAAAGCTGGAAGTCGATCGACAGCAACTTCGATAAGACAGCTCCTGGCACTATGATCACGATCGTATTCACATCCGTACG,1895,49.87,Mus musculus
SEQ_379604,GTAAGCGGAAACCCCTGATTTCTATGTCTCGTCATACCCAACTCGTTCTACGGGTCTGTCCGGTCACTCAACACAAGGACTGACGTGTTCCCGGGGTACCTGGGCGATAACCTCCTAGTTGAAGATGACTGGTCGGGGGGTGGTGGTACCGGTATCCCAACTACTTCATTGGGTACTTCTAACTGGCTATGTACAGTGGTCTACAGCGACAATGTCACCTCCAGGGTCACTGGCCGAACTACAGGAACCGAGCGGAGCATCAGGGTGCCCTGTTGATGCATAGGACTCCAAACGACACACATGCGGGATCTCCGACCAGGAAGTACATCGCACCAAGCCTATCGCCCTGCGCTCGCACATACCGTGAGGGTTATGAAAAATTGTCGGGATCCAATGGGTGATCCAGGGTCGCCCGCGAGAACTCGTACAGTAAGCGCAATGAAGCAAACAACCGCCTCAGTCACGGGCCCTTGCCACGGATCGTTCTCTTTTTGGGCTAAATAAGTGGCCGGGCGCTACAGTTGAGGTGTAGAGGGCTTATTAGCAACCTAGATGCCGTCAAAGGATGCGGTAAGCAGCGGTTACTCGAAACGGGCCGCCTAACTGGTGATATCAAATCCACAGGCGGACTGACTGCGATCGTCTGAACTTGCGTCATGTAGGTAATGGTTGCTAGGGGTTGGTGGGTATGTGGTTCGGACTAGTTATGTAATATCGGCTGGTTCTACTTACTGGGGTGAGTCTTTCATGCCACACCATGAGCCACTGATTCCCTGGTAATCGTGCGCAGTTGTTTCGACGAAACATAATCCGTTATGGCATGGGGTCGGGACGGAAGGCATTTATCGCAGGGTGCGTTCACATACGCA,869,53.28,Homo sapiens
SEQ_101986,CCCTTTCTCGATCGCTTGGTCCACTCCTCTATATATACGGTAGCAATATGCCAAAGCTTGATTCCCGTGGGGGGGTAGGCAACAGTTTAACCGTATCGTATCATATAACGAGATGAACCTACGCCCCGACGGCCGGAGTCGGTCTTGTACGTATCACTAGATAGATTAAAGTTGGTGGGTGCGAATGTGACCGGTCGACAAAAATAAGCGTCCTCTCTAGATAGCATATGGTACTAACGCGACAAAAAGCTCTCCAATAGTACACGTTGCAGTTGAATGAACTTAATGCAGACGACGGCCTAGAGGAGCTGGCGGCACTTTAAGAGACTCGACTATTCTGCTGCGGACGCGAATCGGGTCCACTACTCAGTTATGAGAATCAAAGATCGACGTCACGGTTTCTAAGCCCGTATCTTAGGGCGTACGTGTCGCGCGAATATACATTAAGAGAATACGAATTACCTTTTAAACTGGGCACTGCGGAACCTAATTGCCCGCGTATTGCTACACTGCAGCAGATATTACGTCCGCCGCAATATGGAGGTGTCCTACTAGTATCTTGAAACTACACT,572,47.73,Saccharomyces cerevisiae
SEQ_740598,TCTTTAATGTAAATGTGCCACGGCAGGTAAGACGCTGTTCTAGCTTAAACGCTAGGTTTGGTTTACCTTCGCTGGTAGTAGTTGTGCTATATTCTTCAGTTGCTTCATACAATCATGCGGGATCGGCTGATTAACCCAAACTGACCATTGTACTACGGGGGATGTAGGGACAACGCTAACCAGAGTCGTATTTAAACCCCA,201,44.78,Escherichia coli
SEQ_407860,TTGATGCCTATGAAAGAACGCCAATAACCGCCGATTGTCCAGCCACGTTAACTCGAATTCGTGCGCAAAGTTTATATGTTTACTGTACGTGTTCTATGGATGCTATCCCCTAACTCGACAGGAAACGCGTGCACTTATTAGGGCACTCGAGAACTCAGGCATCTGTTGCACGTTGCGCCCAATGGGGACTCCACATTTGCCCACTCATACCATAACGTTTAGCTCCAGGGACTCGCACCGTGATCTTCCTACTATCTTAGCCGTGATGCCGTGTCGCAGTCTCAAGGGAAACTGTACCGACACGTATGGCCCGTCGTCGTATTCGATTTGTTGCCGGCACAAGTCCCTCACCAGATACACGATCACGCCAGCCATCGCTATCCGCCCGGGCTCCCTCGTTCACGCGGTTTAAGAATTCCTTCAAAGTGTAGTTTGTAGGCTTTGTTGTATCTAATTTCTTTTTGGTAATCTTGGATCTCATTGTTCGGGCCCTCTAGTCTCCAGCATTACGGCGCCGCCGCAAAATATCCTTAGCGTTGGCCATTACGGCTGGGGATACAGGGGTAGTTTAAGCCACGGCAACTGCCTTCAACGCGAATCGTTAGCAATTCGGCTCGGCGCGTTGTGAACGAAGTACATAGCCACAACAGCTTAATTCGCTAAAGAGAACTGAGATGCGAAACAAAGTGGGCCGGAAGCCAGGATCCTCTCTATTCGACGCTTGTGTCTGTAGCATCTGCCGTGGGAAAACTGAAGTCTTCGAGGGCGCTGCGCCATACTGGCTCCGAAGAGGGGGGTCATCTTACGGTACATTTGCCTTCAATGTAACGATTCAACACCTGGTCAACACCCTCTTCTATGCTATTTCCAGCGGGAGGTACGGATTCCTTGGAGGTCAACGCCCATTCTCAAACAAACGGGAGCCACGAGGCCAATTGTTAAAACAAGGTGAAGCATCTCCTAATGAGACACGTACGTGTGCAGTCAGCTTAACTCGAGCGATGACGAGTTACTGTTCTTCGCAACATTAATTCATGAGCACAGTGGGAGGCTTTTTGATTATCACTTCTTCACTTTATCTCCTCCTAGGGCACAGTCCAAGAGAGGTCTTGGGTTCGGCCGAACCTCGCCGCGGCAAGGATCACGACTGAAAATGAGTGTACGCACCAGGCCTTATGGAGGAGGGGGAGAGGCGAGTTGGGCTCTCTGTTGGGGCACTGGACACCTGGCTAA,1233,51.09,Caenorhabditis elegans
SEQ_683908,CCAAGCGCGACGGGCCGTGACAATGTACCCATGAATCTCTGCCCTGTCCGAGGATCCGTAGCTATTGGGTCTAAGAGTCCATGATCAGATGTTCTTAGAAGGGCAGGCAGTCGCACGGTGGCCACCAAATTCCCTAAAGTAAATGGCTCCCACACGTTCCCAGCTATTGAGAATACCAAGTTATGCAAGTCGACGAGGACGACCATCGGTGCTGCGCTTGTGGAGTCATAAAGAACTTACGGAAGAACAATTATCCATCTTGTGGCCGTGGGGACTTATGATTACCCGCTTGGTCCGTGTTAGAGGAATTACGAGATTGAACGGGGTCGTTAACTTGACTTCCACCGAGATTCTAATTGATGACGTGCCTGTGTCCGCTCTAGGCGTGCCGGGCATGCGAGGGAATTATAGTTGTTCTCTCCACACCTAGATCACTGTAAGTTATAATGCAGATCTGGTACTTAGCGCGAATCGGAATGGCAAGCTGTCGGAGGTACGGGGCTTGTCGTACACCGATAATGCATTGTATGGACTGATTGGACGCACCTCAACGCGAGACACACTAGTGAACGATTGTAGCCTATCCGACCAGCATCGATTGGTGGTGAAACCGCCTTCTACACGTCGGTCCCAGTCTGCTGGCGAATGACGGCGTGCCTACTAATCATATGACACTGTACAGTTGTCTTAGCCAAGCCCAAGAGGCGACTGTTCGCTGGGGTTGCTTAGAACTACGGCGAGATGTTCTCTGCGACAGATGCTAGGTGGACAGTCGTGTTATCGCATAGGACCTGGACTATGGCGAGGCGCCTCGCTGTTTGCGGTATTTATGATTTGGACGATCCCGATGAACGGACGGAGGAAAGAAGCAAGCAGTTATATTAGTTCAGCATGTGATTCACACGAACAAGACGGTCCAAATATAACTATGGAAGCGCGACC,942,50.85,Drosophila melanogaster
SEQ_706361,CGGTAATCACTACGGGTACTGTACCTATCGTAAGGTCACGATACAAAACGACATAGGCTGTTATAACGGTTAAATCGGGGGTTTAATCGCAGTGCGATGGTGCGCCTCGGATCGAGGACTGTAAACCCGCTGCTGCTAAGGTGCCTTCACTTGTGTACTGAGAACTTAGATTCTAGCCGCCTGTAGTGTTCGGCCAAATACATCGATTCAGGTTAGGGCATTTTAGTGTCCATGACAACGGCTGGGCGACCTGTAGTTCCAAGCGGTCGGGTCGGGCCCTGGACAATTCTCTATGCCCGACAGAATTTGCACATCGATTGTAGGTAGGTCTTGCAGGCGAAACTCATCGGATGTCCTGGGGGAGGCTCCCAGGGTTCGGGCATATAGCAAAGGGTTGGTCTTGGCTAGGGTGGTGAGTAGGGACGTCCAGTTGGACATTGCCATAAGTTTCGGAGCAGAAAGTGTAGGATCATCTATCCAATGGTAGAATAGCGCTACTGACGCTGAAGGCTGATTTTCAATTCCTGTAAGGAGACTAGCTATTAAAAAGATCGGAACTATGACGTTCGACAGACTCATCCAGAGTCCGTAAATAATGTGTGCTATCAAGCGTATGCTGCGTAGTTCCGGCTACGGTGCCGTTTTCGGCCCCGGCATTGTCTCGGAACGAGCTGCGCGGATTGATCACACAGGCCATGTAATTGCCGGAGTCTTCGGACGCTGAGTGGAAACTATGGCGAAATTGGGCCGGGGAATAGGTCAGAGTTTCTTATAGAGCTTTAGACGACCATATAGCTCCCTAGACGGCGGGACACAGCAGTCAACCATGCCGAAGGTTGAGTAAGGTCATATACTTTTTCTCTGCTAGGGCTTGTGGTGCAGCGAGATCATCCAAAGCTGGAATATGTCCGTGAGGGGCTCGTCGAATATCTATCCTACGGGCAAAAATGACGAATGTACCGTGAGCCCTAACTGAATATGAATTCGTAGACAAGGGTTGCTACCACAAACTGCTGAGTGTGGGAATACCAGATTGACTGCGAAGACCCTAACGAGCGAATCTCTGGAAAACCATAAGTTGGCGTTCGAAGTAGCGATCTCCCGGTAAAGACCGTCTCACTGCTCTTCCGAGTATATACAGAGTTCTGTCAAGGGAACTTCTCGTCGGCACTGAGCGGCGACTGACGGTGAACGCGTACGTGACTACCAATATGGCCATTGCGATTGTGGCTGTTACAGACACTTGAGAAAATCGAACCAAAGGGTTACGGTGCCTCACATTCCTGTGACTAGCGCCGTACCGCTGGTGCGCACGAAATTACCGGGGCTGACCCAGAAACTTTCTCCATACTGATCCCACTATGGGAACGAGGGAGTTTGCAACTGTTCCCACGTAGCGCGCGATTTCATAGCTTGGCAATTCGACACCCAGCTGTTGTGGAAGGTACGGACATATGCGCGTTTGATAGCGAGCGTGGTACACAATAGCGCGCCAATCTCTTAAGACGCCAAACCCCACGTATAGTTGTCGAAAGTTTGAGGGTATTTTAAGCGCTACCTTGTCTTACCCATATCCAACAGGCTTTTCAATCCTACAAGATGAAGACGAGCAGAAAGATGTAGTCTATCTTAATGACCCTACAAAGTGTCTCTCTGGCCCCGGGTTTTTCACTGGCTAAGGAGGTGGCAATAAAATTTGGGTACGGTGAGTTAACTTAACGCATCGGGTTCACACCATCTGTAGCATTTATCGGGGGGGAGTTCCCTATCTTCACCGTGCTTAACGACCCGCAAGCCTTCGCATCCAAGCGCGTGCTGCGAGGTGGACGTAGTCGTTTCCGGACATTAGGGGCGTGGAGATTCTTGCGCCTGCTTAGGCATGCTTGAATAATCGAAGTCGGGCGAAGGATAGCGATAG,1918,50.42,Mus musculus
SEQ_472926,CTCTCTAAAGATCTTCCGAATTGCCCTAGCTCATCAGATAACAACGAGGGTGGTGCAGCCATAACCGAAGTTGCTCTTATTGCCGAATTGGGTATTTGTGCTTGTAGCGCTTGTATCTTAAGCGTTCTTCCCTCGAGGATTGGAATACTATTTTACATCCTGATCAACTTGCGTGCGTGATTCATGTAGAAGAACTTACGAACCGTTAGGTAATGTTAAACAATCCGAGGGGTAGTATCCGCATAGCCATGAAGCCACATTCACATACACTGCCTACAGCGTGGCTCTTATGCCGCTTAAGGCTAGTCCGTGAAGTGAGCATAATCGTGGTGATCCATGGCAATCGGATGACGGGCACCTACCTTTTGCACTCACGCCTGGCTCGGACGGTGTGATTGCGGTTTACTGCGGACCTCCCGGCCATCGGGCAATCGTTTGGCTCGAAACTCCCTAGCACTCCTGGTCCTAAAACTGATAGCTCTCCGAGAAATTATCGATTTCCACGCCTACAGCTTTCCGAGCTTCACTGGACACTTGCGCTTCTTTGTAATGCTTTCATGAAAATCGGCATGATCGGGAAACGACACTGGGTACATACGTAATTAATAAAGAGCTGACTCTATCCGAGCTGGAGACGAGTGGGTCGGCGCACTTTGGAATCGGATCCCGAACTCTGCCTCTGAACGGCCTTACAGTCCTATGAAGCCCGAAAGTTGAGATCCCAGTCTTTTCGTGTCAGGTGTTTGAGTTCTTAGACCCTTGGTCCATCCCCCGGACCATGTATAGGAACGATTGCAAGGTCTGCAGTGCAGACCTGCACTTAATATGTTAGCGAGAAGTGCACTACCCGTCGACGCTAGCCCACGGAAGCGCAAAAACGAATTCCAACCCGACTCGTCAGAGACTTCAAAACGCGTCCTAATTTCATTTGCTGGTCCAGGGCGCCGACCCCTGAGATAAGTGACAAAAAGCCACGGGAATAATAACATCGATTTTCCCGGTCAATACTACTCTTCTAGCTGCTTCCTCCCTCCCTTTCAGCACACATACTTAAGATCACTAGACTTGAGCGGTAAAGTTCCCCACCCGATAGGGCAATCTTTTTGGAAATTAACTTTTCCAGGAAAATACACGATTTCCCAGCGTTCTATGTTCTCTAGTCTTCCTAGCGTAGCTCTAAACAGTCTCAATTGAACTAGAAGCACTCCGCTTCAGAGTCCTCGCAGTTCTTAGCCTCCAATAAGACTGCTGCATCGTAGCGCAGTACAAAGTATTCTATTTTTATAGCACAGTGGCCCCCAGGTGTACATTATAAAAGCATCCGCAACTAGGCCAGATCGTTTTCACTCTATCCCCTAGCCAAGGGCTGAAATCAACACTAGCGTTGATGCGCTCTGGAACTGAGGGAAGACGCGCAAAATACGGTCATTAAGGGGTGTGAACTAATTTTGGTGGCGCGGAGCGTATTCAGCTACTAAGCTGTAACTGTTGTTGGAATGTACGCTTTGCGATCCGATCACGGGCATGCTAGGGGACCGGCGACTAGG,1547,48.67,Mus musculus
SEQ_440262,TTTAGCCAGGGGAACTAAGGCCATTGTTGCGCTACCGGACGGTCTGTGGCCTGTTGGGCAATCAGCGAGGACTTTTTTTGAAAGATTTGTTAGGTGGGAGAGATAGGCGATATCAAGTTACTCGCTATTCCGCTAGCCTGATAGGAATAACCCGCGGGTCACCCTTCGAAGATGCGAAGAGTTGTTAGGGGTCGATTGATTGCTGAGGTTGTTTATTCACTCTGGCCAGTCAACTCACCAATCATACCCTGGTAGTCTCCGTACAGATGAATCGCTCAAACCTACGATTCGGACTAATCACCCCCTGACGACGAAGAATTGTAACAAACTGCATGTCGAACGCACCCAGCACCCCATCGTAGTGACCTCCGGAGATGGCACCTATTCTAATGAAAGGGCTCTCCCCAGGAAATAGCAGTCGTGTCACGCAAGGTTATAACACACCAAGGCTCTCATGTTGATATACGGCCTCCTTGCGAGGCAGGACAATTCTGTCTAACTATGACCAGTTCTTCATTACTTTCTTCATCATCGGCCGATGGCGAAATCCAACCTTTGCGTAACAAATTAACCGGAGAACTAGAAACTAGTACGCGAACCATATTTCAGTGACCTGGTGATTAGCTAGGGCTAAACGGACATGGTAGCCCATATGGGAAGTGCAGCGGATCGGTGCTCACGTAATTCGCAAAGGTACTCCCGACTCGATGTTGCGCGAAAATTCCCTGCTACAATTTGTAAATGCGGATTCACTATTCCGCTTCGAAATATAGCGAAGTACCATAATAGTAAACCGCCTTCGTACGCTTGTTACCTCTTAATGCTTATGGCATAACCTGAGCGGATTTTGTCCGGTGTCATGCCATATGCATCATTAAGGGGGAGCCTAACGGCTTATCACGCTCGCTCGAACCTGACATCAGCATCCACATTAGACACTTATGTTTCTATTCCAGTTACGCGAATCGGGTAGCATACTTACGCTGTGGCGTTCTGCCTCTTAGAAAAAAACATCATGGACATAACTTCATAATCCAAGATGAAGCCTAGCAAATAAGTCACTACCACATACCGAAGGAGGGTTACCTTAGAGGCGATAATAGCCCGCCTGTTAGTACTAGCGCGGGAGACACCGCAACTAAGGCCGGAATCCCTCAGAACACTGCGGTGAGTCCCCCAGATATTGCGTACTTAACTTCATTAAGATACATTGTAGATGATAAGATGGTCGAGTATTGTCATCCATGCAAGTTTGAGCGTTTCAAAGCAATTTAATACGATGAAATCCAGGTGTACAATACATGCTGACATCGCTCGCGTCTCGCATTATCAGAATCGAGATACTCATGGATTTTCGTCAACAGGATGGGTAGCGGACATGATGGCCCGGAGCCGAGCGCCTTGGGGTTCCATATGTTTCGCACAATTACTCTGTTGTGTCTGCCTGTGCGACGCTATCACAACCATAGGATAGATTTCTAAATGGAGCCTGATCTGGCTCCTAGAAGGTACACTCCAAGCTATATGAGCCAGACATGCCGGGCGCATAACTACCTAAAATCGCAGACAGCAGAGCTAGGCTGCCTTTTACGTGCGACAATACTCATCATATGTAGCGGCACGTC,1625,47.51,Homo sapiens
SEQ_112670,ACGCCCGCTGCATTCGCGCTTGCATCCATACTTCTGAGCAGGTGCATTTACGTATCAAACTGTGACAACCGCGGCAGTAACCGTTTTGGCTGAATGTGACCGAGATGTATGGAGTCAATTCCATGGTGGTGCGTCCACTGTCTCGACAGTGTGCCACCCTGGGGTATACGTTATAGGTACACTTACAAAAATTACCCGAGAGCGATGCAGACCCCCAGTAAAGCGGAGTTGCGCCTAGACGAAACACGTTTCGTAGCGCTAATTAGCCACACTAGAGTAGATACCAAACGCCGTCGTCATAGTCAGGACTTGTCAGCTAACTAAAGCATTGCTTACCGTTGAAGGCCCTAAGAACGAAACTACCTGGTTTGTGAGCAAGCGCCCGTCGCCAAAGTGTTTTCTGACAGTAGGTACAGTAATCAACGGAGTAATAAGGGGCATTGCACAGGCGCGAGGAGCTGTTGGCTAGGCTAATACTACTGGACTGGTCAAGCCGCGTCGTACTCATTGATAACCTTATCACGTCGGAATTGGACCATCCTTAGTTAGTTCGCAATCAAATCCGTCACTCGTCGGGAAA,580,49.83,Saccharomyces cerevisiae
SEQ_860056,AAAAATCGTACTAGTCTTAATATCAACCGTAACGCTTGATAATGAGCAGCGCTCCATGGAACCTGAGTCAAGTGGAGATGCGATAATCGGGATGAGCTTACAGCTACCTCGGCCCAGGTCACTATCCCGTTTCTCGTAATGTTCAATCCAACTATGCGGGCGATTCATACAACGCCGTCTCCCGCTCCAAAGTGGATGAGTCTTTTGTTCCGTAACGGGCGCTGCAGGATAACGAGTCGCAAGTGGTAATGCGCTTACTCCGCCCGGGGGATTCAGACACACTGTTACAGCAATCCATGTCCTCCCATAGCACTCATCTGTCTGGATTTAGAATGCTCATCACACTGTACTTTTGACGGCCTCTTGCGATCGTGGGCTCTAGCAAACGCAATACGGATTTGACCGTTTCATCCACCAGCAAGAAAAGCGCAGTCTATGGATTGATCTTGGATGTTAGACAATGCACCCAAACACAGTTGGCTAGAAATGTGCGGTCTTGACAATACTCACGCAGTGCGAAAAGCCCCACTTACTACCGGCCAAAAGTGTGGTTATACCGTATTTTTGACGAGATCGTGTGACCCAAGTTGCGCCCTCCCTGAGTGAACGCTTTATTTAAACGCCGCTCTTTCAAGGGAAGAGACTCCGCACACGGTACGGCTAGAGCCCAGGCTTGTCTGCTGGATAAGGATACCATCGTTCTTATAAGTCGCGTTTGAGCAATTACTAGCCCGGTCAGCACGCAGGCCCCGTACCTGGGATTCCCGACGGAGATTGGGGCCCCGTGGGGTGCATCGATGGCTTGTAAAGCCCGATAATGTGAACCATCAAACTGTACAAATACCGTGGTGACAGCCCAGATGTCGCATGCGTGTGGTCGCAGTCTACTGAGAAGTTGGGTATCCGCACGTCTTATAAACCGCCTCCTAATAATAGCTAGATCGAAGAGTCTCAGTGAGTCGGATTAAAATTCCAAAATATGGTAGGATTTATTATAATTAAAGCTCTTGCCATTCGTACCTGTGGAATCGATTTGTTCGTTGGAAGCTACCTCAGATAGTGTCCATAGGACTCGACGAGCGGGGTAGAAGGTGCAACACAAAATGCCGGGATATTGGCAATAGTGAAGTCTCGATGAATGGAGAGCCCCTTAGTAGGCGAGGGCTGTTAGCAATTCGTAGCTGTTAATTCTGTAGATCGAGGAGTATCCCAAACGACTGAGACTGACCGTAGACAAAATTAAGTTTGGTGGCGTCGTGTGACCGGTCGCAGTATGCGTTCGCAAACAGGGTACGTCATTATCGCATTTATAGTTCGTAAGATCTACACTTATGTCAGAGTGCGACCAGGTCCCTAGTGGGGCTACGCACGTGTCGATACCCGTTTCATGGCACCCACCGCGGACCAACCGGCTGGCATCGCGAGCGTCGGTCGGAAGTGTTATCCCCGCATCTGTTGGGGGTCCAATTCGTCCGCATCGAGCCAAGCCTATTACAAACCCGCTATGTGGCTGTCGGATGCGACTAGGATCTCGGATCGAATTAAGGATTGCAGAAACGGGAGCCCCATACTTTTTTAGGAGTTAGTTGAGCGATGGGCGACGCTGGTCAACCGTCCCGTCGCTGAGCTAAGCGGGCAATAAGTGGAGGGAGATTTGGTAGGGTCGCCCAGGCTTATTTACAGGTTAAGAGCTCGAGGCCTATCGGGATAGTTTCACTTAAGGTCAAAATGCAACAGGCTGTCGGACTCTATCAAGAATACGCATTAAGACATGTTGATTAAGCTCTTGAAGTGAGC,1797,49.92,Caenorhabditis elegans
SEQ_999864,ACGATGACTTCTATATTAACATTCCGCTTTGGTAATTCGGCAGATTCCTCCCGACCTCTAGAGCAAATATCAAGATGCGGCGCGTAGCCGTGCTTTGACGTGTGACATACTTCGCTCGGAGAGGAGTTGCGGACGCGCTTTAACACGCATTCGCACGCCTGATGTCTTAGTACTTTTTGAACTCTCCTCCTTTAATGTATGGCCAACTGTGGCGTAGGGTCAACTAGTGATTGGGAGCATTGTCCAAGGTCGGTGTTTAATCTA,264,48.11,Escherichia coli
SEQ_537608,ACCAGCTTCCCAAACTCTTGAGCTGATTAACTGTTAGTAAAAGAACAAGAGAGTGCCGAGATAGGGGCCAGAATGAAGCGGGTCTCCTATCTGGGGCAATGCTATTGTCATAGTGCTGCCGAGCTTTTCAATACTTTACAACGCCGCTGATGGACCCCTGTGTGCGGACGATTTGTCTTTGGCGATTCAACATCTGTTGGTGGAGGAATGTCACATCTACCACAACGTTCCGCAACATCCAGCTAGGAATAGTCCAGCCAGGAACAGGCGGTACTCATCCGACGTCTTTTACACTTCGTCACACTTCTCGAGCACTTTCGTGTATCTGCAATGGGCAGCCACGTAACTTCCAACGATAGTCGTGGCAACTAGATCGGAAGCCCGATCGGTGGTTCCTCGATTGAATTATTAGCCAATCGCTGCGCAACCCATGTAGGCCTTTCCAATCAATCCCAGGCCAAATTCGGCAACGTCTCGATAAACGTTCACTTCGTGCGTGGGTACTTCTAGTTTTGAGCTTTTACACAGTCGACGTATTTGCAATGAGCGCTGTTC,555,49.19,Drosophila melanogaster
SEQ_177378,CCCGCGCGAACTTCCGCGCTCTGGAGCGCTAATTCTGCAGTTTAAGTGTTAGTAACAAGTGAACTTCATTAAGGTTTGTATATACACTTAAGACGCGCCCTTTCGTATGGATCTGCATCTTCATGATTGGAGGACAGCCGTATGTATGTTGCAGGGAGTTTAGCCAGGTCCTTCTAAAATCTACCCGAGACTTTCCAAAGGCTCGTCTTTTCCTGCAAAAAAGCATCCTAGAAGACTAGCACATCGATCAGAAGGCGGCCGCTGATGCATGCATGTGCGGAACTTTTTGATAACGTATGCTAGTGGTCCACTATGAGGCGCTTGCTGTAGTATCGTTCCAAGCAAACAGCGTTAATCATAAAGTCGAACCCAGGCATTAGACCAACCCGTACCCAGCCGCGACATGGAGTCTACTGTCCACGTGCAAATTCGGTTGGTCGTTGTGCATGTCGCTCTGGACTCTCCTCACATTACACCGTTGGTAGTCCCATGTGTGTTGCAGGACACATCGGATCTAGCTAGGTTCTCAGACAGTCCGTCGACGGTCCCCCAGTTATCCGAGGGAGCCATGCTTTTCATCTCCATTTACAACCGGAGCATCTTGTCATCGGCCTGATACATTCTCAACGCTCAGCGTTCCACCAATAATCCGCAGCTCGTATCAAAGCATTGGTGGGGTGCGGCGCAAGCCCGGTCCGCGTAGCGACCGTGTGTGCGGACCTTCCCGCACGGCTGTCGACGACCCAGGAGCAAGTCTTTCCAACTTATTATGTACGCTCCAGAGTAACATCGAATAGCATTATAACGACGCTAGCTTATGTCATGCATGAGAACGGTAAGAACACGCAATCTCCCCCGTTGCATTCTTCGCCTTATTCGGTGGTTGTAATCCCTGTGATAGTCTATCAGGTTGACCGCACAATGCAGCTTCGTCACCCGCGCTTAGTGGACGTTTATGACCGGGTCTGACAGTACTGAAGAAGGTGCACTTGCGGGACCCGTTACGGTCATTCTTAGCGTCGGTCTCTTTCATAGCGGAACCCACCGTGCTCCAGCAGGGTAACCCCTCCGCGTACGCAATCCG,1084,51.48,Escherichia coli
SEQ_824922,ACTGCTAATGAGCCGCAACCTATATAAATGGTGTTCACCCACCGAATGGAGCGGACTCTTGACCGGTGACACAGCCTACACCCCGGATCAGATGTCGAGGAAACCCCCTCGCCAGCGTCGATATCATTGGAACGCAACTGTTCAGACCGTAGCATATTTTGCTCGCCTTAGCCCATTAGTGGGTCATGAGGGAGTGACTCGAGCCGTGCTCGTCATGTGGCGAGCAAATAACCGGAATTCTACGGGGTTAGTTGGACATACAAGGACAAGGGCACACGA,279,53.05,Caenorhabditis elegans
SEQ_913537,TATTGACGACTCGCGCTGCTGATCTCGGTCCCTCTTTTCCGGATAATTCTCCACAGTCCCAGTCACCCTGCGGATGAGTGGACGTTCCTGCGTTTGCATTTGAAGAAGGTAGGGGGATTGACGTTGGAAGTCCACTTCTTCCCCGTAGGCCCTTTTCTGAAAAGCTGCTTATACACTACACGGTTCTAGTCGAAGGATGTACAGAACTTACTGTACGAGACGAACGGAGCCCGTGATTTCCAAGGCCTAGCCGCCGACGCTGTAACGCAGTAAATGTTAAGCTTCATAACGCTCCAGATGTATCTTGTTCTATTTGGTTGGGAAGCTATCCTGGGCGGACCTACCGTTACGTTTGGTACATGTGTCCATCTATCTTGTAGAGCAGGATAATACTCATATAGTCTTTTCTGCCGGTGGAGTCACCTTCCTACGTCAGTTGTGCGACTTAAGGCAGATTCATTTTTAGGTATTATATCTTAATGGGTAGGAAGTCACTAAGTAATAAGGTCGCATAGTGATTGGGTTAGGGACCATCTGGCTAGGCACGCAACCCACGCGACATTTTTCCGTCTTTAGGCCCAATAAGAGAGATAAATAACTGACACAAACAGGGCTAGACACATCTAGTCCTCGGACCCAGGTTTCATGGCCAAATGTCAAGTTCGATATACACCCGGGGGAGAGCCCAGCTTAGGTATAATCGCTCACCGGATTATTGCAGGGGGCCTCTCACAATTCACCGAAGCGACCCCCTCACTGACGTGATACTCCTAAACGGAAACAATCTCGTGGCGCGCTGACGATCAGTACTGTTGTTCCTGAGACTCTCGTCAAGTTCCTTTGGGCCCCCTTTTTGATAACTAGGGCTCGCAAAGAAGTACTAAGATCTGTCCCGGATTCAGCATCTTTCTGCATGATATGGCTTGCGCCCAACTATCCGACCGTATCTCAGTATGGATAGGCGAAGTACGTTAGAGTTCGAGGAAGCGGGGGTCAACGGGGGATTAACGACAGGACAAGACGCTGAGCAAATAGCCTGTTACACAAAGCCTAATTTCAGCCCGAATCAAGTTCATGAGGATTAAATAAGAACCGGGAGCACGGATGTGCTAAAGCGGGGTAGGTCTATTGGTACCCACATCGGCCTAAAATTCGTACGTTTCTCCAAAAAGTCTAGTACGCCCCAACTTACTTTGATTCACAACTAGCAGTCTGCTCCATCAACAATGCATTCTGGACGCAAACATATTACTTGCACGCGATCAAGGCGATTAGGGAAATCGCGCAACAAAGATAAGAAGTGCGGGGGTTCAGACAATGAACCAAGAATATATGAACGGTTTGAGATAACTGTAATGTGCGTCACTACCTTATGGGGACGGAGCGGCTATCTTTGCCAGAGGTGTTTAGCTCAATCGACAGTCGAAAAACTAGAGCTTCTAAACCCGACTGCAGTTTGTAAAAGGCCTGACAAATGACAAACTATGCCGGGGTGTCAGATGGAGACATAGCGCTCACGCACTATTCAGCTACTGGAGTCTGATTACGTGCCTGGGTCGGCTATAAAGTTCGGCTTAACGAGGTTTTGAAGGGGCTGGCTGAGACCCGACTCCGTATTCGTCCTGCCCGAAAACACAACCTGAGAGCAACGGAATTTACAGTACATAATCGATAGGAACCAGCCAAGATCAACTAGCTTACCCGGCGTACGAAAGCACGCAGACAGAAACTTGGAATCTACAACGTTTAGTCATGAACCCAG,1762,48.13,Arabidopsis thaliana
SEQ_889147,GGTAAGATGGGCATTAGCCGTCGGAGGAGTGCGCGGGCTAGACGTATTGAGTTGCCGGTCTCGGCGAAAGTGCCGCTTTTTGCCTGAGAAGATAGTCGCCAACTGTTGCGGTTTACTTGTTGTAATTCCTAGAGCGATTTGATGAGGCTATACCTCACCGGTTAAGCCATGTGGTCAAACTTAAACCTCGATCGTATGATCTTGAGGACCAATGTGAAACTGCTGTCCGAGGTGTTGGCACACCCTTCCGTTTTATTCTCCTCATTCGCGCGTTGGGGGATCCCCAGGGGATCGTCCCTCAGTCTCCAGGCTTAGCCATACCCCCATCGACTCATCTTGTTTACTCCCTCAGTGGCTATACCGCGGAACAGCCTGCGTCGGGGTTCCCTCGCTCACGCACTTCAATATCTTTTGACATTGTTCATTCAAAGAGATTGGGCGATAGTCACACAGCATCCGCGCGGCCACTGATACGTGAATATGACTTTACTTCGGCAGGTCTAAGCACCCGACACAGTAACGGGGACTGTAGTCATACATACAGCCGGCGCAAGACAGTACGTTTGAGCGTGGCCGGGAATCCACATATAGCGCCTTCCATTCTCAAGCGAGCGGAGCCACTGTGAGCCTGGACCTTGGCATTGATCGTCCACGGCAGGGAGAAACATATATTGAACCCAAGCAAATTCTACAGTAAACGCTAGCTGCGC,710,52.39,Saccharomyces cerevisiae
SEQ_135078,AACGGATATCTACTCGCTCATATTTAGCAGCAAACTTTGCTATCTGGGCACAGAACCCGGGACTTAGCGACCCAAATGTAAGCCTTAATAACGTGGCATACGCGGTATGCCGAAATGCTACCGATATCATGTGGGATCCCGGATGGGTAATTGGTTATCTCTTGGCTATCGTCTACCTATAGCGGGTAAAAGCTTTTTAAGTGGGCGCCTCAAAAGCCACCGTTGATCGATGCGCACTAAATTGGAGTGAAGGCAACTAGGTGTCGAATGGTAGGAACACACAGGGTTCCATAACCCTTGGGGGCCGCAGCCTAGAATAAACTGTCTGACTTTACCGACTGATGTCAAGGCCGGAAAACGCCGAAGTCCGAGCGGTAAGCATGACTCGTCAGGGCCTAAAGACTCAGCCTAGGGGTTCGTTCGCGTCTGTCACTCGTTGGCCCCAACACGGAGGTTCTGGTGGGGACAGGCTCCGCTTCGAGATACTACCTGGACGGGCGCCCTTTCAAGGTTATAAAGCGATCGAAAGGGCAAAACGAGTAACTTGGCTCCGGGACATGACTCTAGCACCATACCTTCTGACGTTTTACCATTTAATCTACTAATTAGCGGAGTGCTTATATCCCTAATTTCATGTAAGAGAAAGGACCCTCTATACGGTCGACACCATTAGTCTTTACACCTTCTATCTTACGACCATGAAAGTCGTCC,711,49.37,Mus musculus
SEQ_732824,CGGTCTGGTTGAGATTCGGTATGTAGACTTTGCTATTGCACTATTGATGTAAAATGACTGATGCGACGTTCAACGAAGTACAGATTCATGTAAGTGCTCGGGTCGCGGCCTATCGTATCAATGACGTACCCGACGTGCTTTGGCTGTACGTGGTCTCAGACCTTGGAGGAGAATGCCAAACTATTGCCAGTTAAAACGGTTACGAGATGCACCGTGCGAGCAGCAGAAGTCCAGGTGCCTGCCGCTCCAAGTTTGATAGGAGTGGATGCTAATAGGCATAGTAGGATTCTCTAGACGGACGAATCAAGTTTAGAGGGCCGGGAATTATCGCAGTACCTTACCCACTTCTGAACTGACTGAATATGGTGACGCGTAGGTAAGGTCCAGCAATTGATCGAGGGAGAGCAGGCGTTCGCCCGCAATCCCCACATATCTGCTGTGTATGACGAAACCAGTTATCTCCACGAAACACTTACATAGGTCG,484,49.17,Drosophila melanogaster
SEQ_180551,CCCAAATATGTTGCCTGTTTCGCACGGAAGACTGAACTAAGAGATAAGACAATGACTCAATGGCGATCTAAAGTCGAAATGTGCATTAGAGGCCCTAGAATATAAGACAAACCCTCGCACACTAGCGCGTCAACTAGAATATAGGCAGTTTCCTCACACAAGTGAACCCCAAGTTGTCAGTGATCGTAGGCTATGCATGGGCACCAGTACTGATAGCCAGCTACCGCTCCAGATGATTATAGGGTTACTGCGCTCCGCAGAGGGACGGTAACATATTTCAAACAAACTACAGGCGAGGCTCTCCACCGTCGAACGCAACCAACCCGCCAGCACTCTAGGAGTCGCAATAGCATGTGGGGCACCATGCCTCAAATGGCGGGCCGACTACTACCGTCAAGTCGTATGTCACGTTATCCCGGGTTTGTCATACAAAGAGACTAAGCGGTCGGGTTGTCACCTCTTATGTCGCAAAACGAATTCGTACATAATGTTGCTCATGTGGATTGTGTGGGTGATGCTTCATGGGGCACACGAACGTCGTGCGTGAGGTAATCTACCAACCGGGGCACGCGCACACCATGCAGCAACACCGATGTCCCTAACTAGGGGGCGGTATAGCGCGAGCTTTTAACTTCCGTAATGTTAGTTCATCCTCCGTCCAATCTAGCAAAGACCATTCACGGAACTCATTTGTCAGAGGATAACAACGAGTGGTTACCATAGGCCTCCACTCACGACACTGGCGACAATGATGCCGTTACAGCCTGAGCAACGGTCAAAAAAGCAGAATCTCTGAGGTTCCGACCTATTCAAGAACCCTAGAGGAAACTGCGGACCCTATCTCAATTGTACTATTTGCCGTGGGAACCGACCTTTGGGCGACGCCAGTAGAACGAGGAAGCCTGAGTACCAGAGCACTCTGATGCTTTCCTTACCGCGTTATCAGGATTACCAATCTGGTCTAATCATAGAATGGTCACTCACGTCGTGTGAAGGTGTGTCTTCACTCTATCCCTCCACCCAAGGGGATGGTAGCGTTGCGCCAAGGTAGGGTCATAGAGTCAGATCCATTGACGCTCGATTGGTTCTAGAGAGCGCGGGGTAATAGGCAGATAGTAAGGACAGTTCCGAGGCCTAGTCGGA,1143,50.48,Homo sapiens
SEQ_127351,CTTACACAAGCGGTAAGGGGGACTTAATTGGTTCGTCCGTTTCGCTCCCGTGCAGAGATCCCCTGTGTGCAGACCGATTTGATAACCCCACGCTTGTGACGATTTCTCTCGCTGAGTTTTGGACCTTGGACGAATGTCCAGAGCGGATCGGGCCTTCCTGTTGAGGTCTGAGAGGATACTTATGCACAAGAACCCACAGTGGTTCTACTCGCTTCCCACCCATTTTTGAATCGTTCGAAACTTCGACCACACGAAAAATGCTCAACCCCGAGGTCTTTCTTGCAATTCAGTCTACGGCGAAAACTTCCCCCAAGTACCCCCAACTGTTGAAAAGACTATGAATCAAGGGTTGAACTTATTCACACGGGAGAGTGATTGCGTAAAATGCAAAAATAAAATGTATGCAATAACCCTAGCATGGCTGATTTCCGCTACCAGTCTGAACGACAGCGGCTGCCAGCTGAGCGTAGGAGCCCTGCTAAGCCCAGTTCGTGAGATGCCAGCAGAAGCGATTTGATGTCTACCTCGTATCACCTGCGGTATTCATGAGCAACCTATATTCTGCCGCGAGAGACCTTTGTGCTCTAGCCCAGCTACTAAGTATCTACAGTACCGGGCACTGAAGAACTTAAGGGTCCAGCCATGATTTTCTTTGATGTGTCCTCGTTATTGGGGTTAGCATGTGACCTTGCGTGTAATCGGGCGTAGTCCAGCATTTACATGTAGCAGGATCTAGGCGGTCCGAATCGGCGTGGTTGGGTTAGGAAGCTGTGCTACTTGGTATTTGGTTGTCAACTCTCCCATTCATCAAGAGCGTTGGAATGTGCGCTCGAAACGGTTCGTATAAGGAGCTGGACAAAGCCCCGTATCGCTTGGCAATCCCGCGCCTGAGTGCCGTTTGGTAGAGAAAGTTGGACCTAATCAACCGAACCTTGGGGATGGGAAGCGCTCATGAAACTTCGGCGAGATGGCAGGTACCAGTCGCGTTGGCAAAGTGGTCAGTTGTGCAGTTCATTTGGCGGGGCCGGGCCTTTGAAGTCGCGATTCCAACCGACTAAAAGTACGATATTACACCTTCTGTAATCGTTTGGAACCCTGTAATACCGCGATAGGGAAAGTCTCCATTCGTTTATCGGTAGGGGACCATGCTGAACTATACGAAGATACAGTTGCGCATTGAGGACCGTATGGCGCGCATCGCGGGCCTTTTGTCCGAGCACATTGGGCACATATTCTTGAGAGAAATTTAACCTTACTAGCTGTATCCGACGGTATGTCTCTTGTCTCGTGCCTTTGAGTG,1300,50.0,Caenorhabditis elegans
SEQ_370655,CACCTTGGTACAGTTGCGTTAAAGCTCATCGACAGTACTGACAACCAGTGGAACTCACTCCAAGCTTTTCATACCAAGTAGTATATCTTTAGTGGCCCTGGAACCAAAACAAAACCGTGGCCACCCAAGAGTTTTCGCGGCATTATTGACTGC,153,46.41,Escherichia coli
SEQ_397822,GACGATGAGTTAGTTGAACTCGCGGATGGATGGGCGAGTGATAGCATCAACGAACTCTCGTACCATTATGATGCCACCGCTAGTATTTCACTCGGGTTGTGTCAAGATCAGTCTTAAGTGCGCCCTGGTCTACGGATTGGTACGGGCGGGAATCATACCAGCAACTCGGGGTGGTCTACGAGGCCCCCTAACGGACTTCGGAGAAGCCAAGTGCTGTAGAAAACCCGATCAGATATATGGAAGGCCGCTGTATCGCTATAAAATTGACACTGACTTCCGTACCCTTTGCGGTTGACCCGGAGGCCGAGTGTACGACATGACACGCGAAAGTGTGATGAGCGGGTGGAAAGGCGTTTACGAAAATATTCGAGGTAGACGACCGGTAGCAATGCGCCAACCCAGTACCACTCGACTCGGTCTCTCCATCGCATACGCTATGACAAAGTAGCACCATCTAAGCACTAGGGTTGCTAGCTTGGGTAGGGTCGCTGAAATGCCTGGCTTGTAATTTCTGCAGTTACGTTGACACGCCCCGGCGTCAGAAACGCGGACTTACCCCCGGCACGGATAAAAACGAAAGCTGAGCAACGAGACTTTGACACATGCTGCTCGCTACGGTTCGCCCTCCGTCTTGTGCTATACCGACTCGGAGTGAAGTAAAACCTTAGCCCGGGGGACTGTTCTTGTAAAGAAGAGCTCCCATTAACTAGGGATGCACAGGAGGCTCCGGAAGTAACCGCGGGTATCTTCTCACTATTCGGAGTTGGTATAGGCGACTTAGCCAGTTTATAAATGCCACACATATCGTGGTAGCGGTATACCTCATGGTGAGGCTGGTCGTCGCGCCGTGTCGGCGGTGATTCCGGAGTCGATTCACCTCGCCCCCTCGCATGCGTAGTAAACCGGCAGTTTAGTTATGTGAGGGGTCGACTAACCCGCTTCCCTCTATTTTACACAAGTCTACGGTCGAAGCGTTGCAGACGAAAGATCTCATTCCACCATCTAGAGACCATGCGCCCTATTGAGAAATGCTGACGTCTTCACTAGGGCACTTCAGAGCCCGTGTCGTGTGAGCCTAGCCATCAGTGCTTGCTCAGAACAGGATATCTGTAAAGTAAGATAGGTTAAGGAGACCCGCACCAAGTACTGGGTCTAAGTTAAAACTCCTCTCCTAATAATCAGGCTCTTCGCCCTACTCATAACGCCCCATTTCCATCGCGGGATGGATATCACATCCATGTGGCCTGCGTCTGGTACATCTATAGCGAGCAGATAGACCTTCTTAGGTCTTATTGAGATTCTTAACACCACCTAATCCCACAGTATCTAATAGCTGAGAGACGTAAAGACCCTTAGACTTAACGCTGTCAGCGGCATAGCCAAGCTGTACGATTAGTATCGGGTGGTTCCGGTATTGCCCGTAACATCCCAATGACTCGCACGATGACACTTGGCCATAAATGTATCCAAAGATAATGAAGCGTAATCCCCGGGTTATTAAAGCCTGTGACCATCACACAAG,1522,50.85,Mus musculus
SEQ_683770,AATTTAGAGCAGGTAGTTGGCTTTTCGCATATGTTCACGGTGGTCAGCGCCACAAAAGAATTTCCGTGAAAGAGGGAGTAAATTTTCGATCGGGGAGGGGCTATCGCACTTAGTCGTCTTATGTTCACGTCCTCCCCAGAGAGAAAGTGCGGAACTAGCTTTTGGTTCCTTAATAACAGAATGGTAGTGAGTCCATACTTCGAATACCGCCGCTCAAGGTCTCGTGTCTAACATGGCGCGATGTATGCCCCGCTGCAACTTCAGTAGGGGTAACCAGGGTAGTCTTATCCTCCTGGTGGTATACCCGGGAACGAACCTCCGCAATTCCTAACCCCCCTTTTCTAACTCCAACGCCGGTCTTGGACTAGGTACGCGGACCTACTTATATGAGTTAACTCTGGTACGGAGTCACCAGGT,417,49.88,Saccharomyces cerevisiae
SEQ_750839,TTGCAAAAACGCCGAACTTGAGGTGTGCAGCATGAAGGCCCTCTTGTTAACTACGGGGTGCCGTCTTCTCATTTAAACCTCGGGTACGTAACACTGGATATGTTCCGGTGCATTTACCAGTGGCACCGACACTTTTCTAGATTTAACTACCGCGGGACGTTATTCGAAATACAGGAGACCTACACAATGAGAGTGATATAGTGAGATTAGACGCAGGGAATATGCATACAAAGCAATGAGCTTTCATCTGCGTCCGAGGGGTATACTTCACTAATTATAGCCGGAGTAAAAGAAACTAGTTTTCAGCACGAGTATTATTGAAACTGATGATTATTCCGTGGGACGGTAGCATTATCGCGAATTCGTAATTCGTCGGTCTGGGGACCTGACACGCAGACATCACCGCGTGGACCGATTTGCGAGGAAGGAAACTCGGCGCCTCTCGACCTACTTTAGCATACTGTATTGTGTAACACGGATTTA,483,46.17,Arabidopsis thaliana
SEQ_242893,AATCAGGACATTAGCATCACACATAATTCAAGAGTAACCTCGAATGGAATGTTCCAGAGTAACCTTTCCTCTCCTGACTATACCTAAAAGTTGATCTCCTACACAGGTATTCACGCCAAGTGATCCGTTAGATCATCGTCTGGCTCTATTTTCTTGGACTCCCGCTTAGGCCGACCGCAACCGTCGTATCTTAGCAGGTCGATGGCAGGTTTGAACGACCAAAAACACGATCCGCTAGAAATAGACTAGGAACTAGCGGCCTCCGTTTCGCGGGCGCCGAATGCATCTTGCAGAATGCTTGTATCATAGCGTGTAAGCCTCGGTTCCGCAACAGGATTTATGATTGTTGGATAGGACGGATCAATTAGAGTAAATGCCAGGAAGCGTTATGTAAACCAACTGCCATATCAGCGAGCATTGTTGATACTCCGATATATGCTCACGTCTCACCGTACTACTATCCCTCGTGCCAAAACGCCATGATAATGCCTCGAAGTGACTCGGCCGAAAAAGACCACTAACATTTACTCTGTAAAACCATGCCCCAGACGCACTCTGAGGTCTTCGCCCTTGAGTCGTCTGCACCGGTACCCGGCGGACACCTTATCTTCGACGCGCCTAGCCGGGGGCTCTTAGCAGCACTTACAGACCCTGCCTACGGTGCCCGGATGGCACCTCTATCAGCCCGAAAGACGTTCAATCTGATCCCGGGCACTTTGTGCAGTCCACGCAGCCCGAATAGGTTATCCCCGGTGCTCCGTCGGCGCACGGAGACATCACCGAAATGGTCGTCAACGGAAACCCTGAAAGCGCGAGAAACTGAGGTGACGACTAGAAATATACGCTATTGTACACAAGTCACTGGGCTTGTCGTACCGCCGGGCGACATCAAGTCCATATTAGCGTCCCCTATGTTCGCCATAAAGAAGCGCGTGACTGCTTGCAAGCTGCTACTGGACCTTCAGTCTCTGAGATCGCGACGATCGCCGGAAAATGTTTCGAAATAT,1007,50.94,Drosophila melanogaster
SEQ_585364,TCTGTGAGGCTTCTCGCCGTCAGATAGGGTGGAGGGTACGCCGCAACGCATCGGTTATGGGAAAGAATTAGCGCTTGCCCTTAGACCGCTAAAATGGTTGGCTGCATAATACTGAGGTTTTTCTGACACATGGAGGACTGCCATTCGTGTAACTGCCATTCCTTGGGTCGTTCGCATCGTTAAGAATTTCGACGGATGGTCCGTGCCTGAATACTTATGCACGAGTCAGACTAGGCTTTCTACAAAAACTCAGGTTACGGTAGACTTGCCGTTGTCTAGGGTCAAACGAGTTCTTGCCTCGAAGACGGAAGCACCCCCGATTGCTGAGAGTGTGGGGGCTAAACTTACAACAACTGAACTCATCCGACCTTGCCCCCAGAGCAAGGGAGACGGGTTGGAAGGCATACTTGCATAGTGATCAAAGGTAATATTTTGGTAATCTGATCTTACCCTTGCTTACAGTCGGAATTGTATGGAATACAGATCCGGCAAGCTTTCACCCATTTCAAAATATACGAGTCTGTTAGGTGCGTTATCAGGGTAGTCCACGTGATATCGTAAAAACAAGTATGTTAAAATCGTAATTTCTTCAGCCCAGACGCCCCAGCATTGTTACCTTCTTACGGCTACCTCACGGTCCAAAGACAGATTACCGGGCGCGATGGGGTGCTTTCTCAAGATCTTCCGCGATGGCTAATGTCGGTACCCGGATCAGAATGGAGGTAAGGTGAGGTGTTTCATTGGGGTTTCTGCACTTTGGCGTGTGGTCCAATAGACCCAGGTCTGGCGGACGTGCGAAATAGCACGGGACGCAGGATTGTATTACTTTGCCCATAAACATTGGCCTCGTCTTAAAACGCTACGTCAATCATGTGAGCGATGTAAATGACTAAGCGGGACAATACGTAACAAAACGGCACTATATGCTGAACTAGATTCGCCCACTGCCGGATTAACTCCTTTGTTATCGGATATGGTTCGGGAGCGCACACAGGACATGAGCTCTCAGTTTGGGTATTGACTCACTTGGTGTCCCCAGGCTCACATACGGTCTACAACTTGTACAACCCGAGTTGTTTTAGTTTATGGTATAGACGTCGCACCGTACGGGTAATGACAAACTCACCGTTCAGCCCGCGAGTCGATGCCAAATAGCGTCCTCCCGCGTCT,1170,48.89,Saccharomyces cerevisiae
SEQ_115048,AGATTGTGCGCGAGACTCCCACTCGCAAGCCATCTGACGACGGGATGCCTGACCCTAAGGTTCCGCGTCGGTGCCGCCGGTGGTTCAATTCTTCGCTCGCGAGACTGCAACCGACTTAAAGGCGCACTCGTCTGGGCACTGATTCATTGTCGTAACTCTAGTCAATCGCAGATTTATACATATTGAGGGGCTGCTGCTTCTATGGAGAGCTTATCGCTAGTGCGATCCACGAGACCGACCTTGCCTAATTGAGTAGGCGTCTTAGGGGGGCAGCATCGCGCGTGATGCGTCCACATAAGGCGTATAGAACAGTACCTCCTAATCGCGAATGTTGAACGCGTTCGATATACCAGCTGCACATCGGAAACGAAGCAAGTACTCGGGCTTGGAATGTTAGAGTTCCTGCTCCACTCATTGTATGTCACGGCAATGAAACATATACTACGAGGGCGCGTCTAATCTAGCAGTGAATCAACCGGGGCTGCCCACCGGAGCGTAAAGCTCAAAGTGTTATACCGACGTGTGATATGGCTATCGTGGTTCATGACGAGGCAATACAAGCAAACGACGACTCGTTTCCATGCCATACCCCTGTCTGATTTTCTAGATGGAGTTATATCATGAGGAGGTTATGCACCTATAGAGCTAAGGTAGATTGTGTTTTCATTCCTTTTCAAAACGGGATTCTAGGGGTAGGTACCACGTATGATAAGTAAGAAATGTACGTCAAAGACGGAATACAAGCGCCGAAACCTCTAAGGCTTGCTTAGAGTGTCATATGTAGCTACTTGAAGTTACATAACGTCGCGTACGACCCCTGACGCAGTTAAGGCCACATGCGCCTGATATGGCTTTTGGTTATAATATCGTTAGAGAAGAATCAGTGCGCAGGATTAATCACTCTCTAGATGCGCGACTGTCGTGCAATACGACCGTGATGAGTGTGTGCCCACAAGAATATCAGTCACACCCAGGGGGGTCGAGGGTGCACATATTGGTGTGGCTAGAAAGATTGACAGCCTCAAAACTAGTACACTTAAACTCTGCTCAGGGCATTAAGAGTCAACAGCGCCTAACAATAATCCTTTGATACGTGGACGCCCAGTAACGCCGACGAAGAAGCCGATAAAAAAGACTATCGTGCGGCCATCTTGTCAAAGGTTCGGCGGCGAACTTCCAGATTTCTGCTGATACCCGGCGCGAACGGCCTGAAAGAAACTCATTGTTCAAAAGCTACACATGCTAATTAGTACAACTGGAGCTCTTTATAGTACTTATACAGTCTTTGCGAATCACTTAACAGTTGCGATAAAA,1314,48.17,Drosophila melanogaster
SEQ_825506,GAAAGGCGTATACATATCGGGCGAACTTTCGTTAACGCTTTGTTTGGTCGACAATATGGTGATCGCGTCCCAGCCTCCATCCAGATTCAATCAATGTTCAACTAGCGGTTCAGGGCTATTTCATCCTTTCCTATTAACGTGTGACAGATGACTGCCATGCTGGTCGAGTTTGCGTGACAGCAACACAGTGACGGATTCCAACTCTGTAAATACTCTGCAAGCTAGGATCCGGGCCTAAGTGGCAGGCGGCAGTAATCCAGCGACAATAATTGTGAGCAATGGTGGGCGCGCGAACTAGGTTCACTGAAAGTATTCTTCGAATAAGAAGGAGTGATCGGTAGTTCACTTAATGACTGAGTTATCAATTCAAAAGCCACTCCCTGGCTATCAGGGGGGAGCGAAAAGATTATGGAAAGCTTACGGGAGGCTAATGAGCGAGGATTCATTCCTGGGGTCTTATGACTTGGTGCAGGCACTGGGCAGGATAACTCAGTGAGGTTCCAGCTCACAAGGCGTACTGAACCGCGGTGTATTACAAAGGAGCTTAAGAGCGTACAACGGAAACCCCACAGCCTAATCTTGGAACCCTCGCGCAATACACACGGGGCGAACTTCCGTGTGAGATGTCCCAGGGTCGATCCACATTTAAGTAGCCAGGTTCCAGTGTGAAAAAAAGATATGGAGTAAAACCCAACGAGCATGTTCGTGAATGCACCTTACTAATTCGAGGTCGACGCCGTTATCCACCTTCTCATACAGTGCGTGCCGTCGCTGACATGGTCTTTACTCAGTACATCTATAGAGTTTGTTTGCGCCTCGTAGTATATCCTAACGCTTTTGCAAGTAATCGACCGGGTCAAGGATTTTGATATATATCCATCTCTAATCAGAACGGGGGGACTTATTCTCCAGATACAGCACGTTAGAGAATATGACCCCAAAGCGTCTGAATACAGAACTGGTTTGGCCCATACAATTGGAAATTAGTCTCTCTACTCTTAAAATGAGTCGGAATGGTCTATAACTGAATCATTGTGAATCTGAATCCAATGCCTAATGTGAAACATGGGGGGGGAAATGCTCTGACATAACTACGATGCTACCAGGTACCGCATGAAGCCACTAAGATTGTGGCGTCCATGAGTCTTAGTGAGGATGATGATGACGTTATGCCCTTCGGGGAACCCAGAAGACCGGAGTTCTGCCGGATCGGAAAGGGTGCATTGTATGCTTCAACGGCGAAAAACGCTCTGGTAGCACATCGGGTAATCTGCCCCAAGCTGACAAGACCAATTCGATGCCGTAGACAGTAAAAGAACATCCTAGTTTCCGCCAGCGCTCGTATAGGTAAATCGGGTGCCGTGCTTTCCAGCTCCTGAAGGTTAGCGAAGGGTTCCTCTGCAATGCAGCCCGTGGTGGACAACGCAATAGGCGTCCCACGATAGGAGAGTCGGAACGACTTGGTGTGGATGCTCCATAGAGATTACCCGAGTGAGTCGGGTCTCTTGGGTCCGGCCCTTGCTAGCGAGTACCGCTCAATGGTTCGCGAATGGAATCTACGAAGACGGCTGATGGACGCACTCGCCGGCCGGATTGACCACCCCTCCTCGGTGATATGCGGGCTCACATACACAGATGAACGGCGGGGTGTTATGCGCGTTTAGCTCTACACGTGAGCGTCGATGGAGCCGCGACCTGTGCCATTATCGAAAAAAGCACTATTCACACGTTAGCCACGTGGGGACAGGATGCCAGGGGCGGTCGTGAGTGCCCGTGTCCGTGGATCTCTCCTGAACTACGGGACCACTTGCAGAGTGACCTCCATTCCCATGGAAAGGAGGTACTACTGTTGCGCGCACAGCTACAGTCAAGGTCTTAGCCTTATCGGAGAGTGACGTAC,1900,50.32,Caenorhabditis elegans
SEQ_317168,GTTACAACAGAGAGAGTCGCTCGTCAAAGCATATTGATCTCACTAGCAGTGTAGTGCTTGAACGTTCATGTCGGGGCCGCGTTAGAGTCAGTCTGATTGTACCAGGGTGACAAGGATTGTTGCCTCCGACTGTACTGTAAGAGTCTGTCGCGATCCAGCCACTGAGAGCGAAAACACTCGAGTCATCATTATTTACGCGTGTACGTATATGCAATCGGTGGTCTCTGATCCGATTGGGCATTTGGCAGACACGCGCAGTCTCTTCAAAGCATGAAGGAGCAGCGGGACTTTTGTGGACTTGTGAATTTAGAATGAGGTGCCGCTGCTTGTCGATCTAGCCCGACGACAAATCGTTCTA,358,49.44,Caenorhabditis elegans
SEQ_413543,GCGATGCCGATTTTGATCCACAGCGGCAGGTAGGCCCGGCTCCGACCACTTCTTGGCGACGCGCTAACTCCGGGACCTTATTTAGACAGTAATTTCTTATCGACCAAGGCCTGTCGCACCTCGGGAACGGGCCCAGATGAGGGCAGCCGCTGGTCGGACCGTTCTACAGGTAAGAGACTATGCCACTGGCCGAGTAGGAGGGGTTCAATACTATGCATAAAACTGACCTTTGAAGGCCATTTACGAAACGCAGGCCCATGTACGGGTGATCTACGATAAATCCCGCGATACTGGCCGCGCGGGACCGCTTGTCAACTATCCCAGAATTGGTATAGACTGGAATTACCTTTGCGCTGTTTGTTTTGGGGTGGATGCCTGAATCAGTGGGGATGATCCAGGAACTCGGGTAAACTAGCCATCTCTTACTCTCACTTGTGTTACATTAGGAACCAGGTGGCGGGTTGTGACGATAACGGCCCGTGTTTTGCTCGCTACCAGCGTTCTATCGCTACTACCTTTGAGTTTATTCGCCGCCGATTTATACGAAGTCATAGCTCTAGGATAAAGACCCAGCCAATGCTTGTGAACTTGTTCTGAGAAGTTGCCTATGCTGCTATTGGATAGGATTATGACGGCCTACACCCTCGACATCAAACTCAAAAAGGGTGGGACCCGACGTAACCTGCGTTCCGTCACCCCCCGGAGAGGCATAGACTCATCGAGCCAAGCTGTAAGGAGCCAGCCCCAGCTACTATTGACCCATTTTGACTTGCAAACCGCATAGGCTAACAGGTGGGTTTGTCTAGAGCCACTTCAAGGTACAGGTGCCGAAAGGCCACCACGAAACTGCGTTGGGTGCGTGAACTTACACAGCTGTGCATACTACGCAGAAATGCTACTATCCTGCCACCCGACTCGACCAAATAACTGAGTAGCTGGAGCTATGCGTCGTACTTGATCCCTTTTGATAACATGCAAACACGACCGGAATGTGCGACTACTCTGAACGAGAAACATGAACCATAGGGAGGCCTCTGTCCAGCGGCCGTCGCTCGCAGGCGACGTCCACTAAAAGTACGGGCCACGATGCGGACGGAAAGTCGATGATACGAATCGTCAGAGGACAGTAGTCTGAAAACGGCAGAGTCGTTCTGAAAGGCTAATAGCTACAGAATTAGTGCTATATCAATACTATAGCGTTACTGGATATTGTGTCATTCATGGGTATTCGCCCTGCGTAGATGTATTGAAGTTGGCCATCTAGCCACCCCCTGTGCATAGGAGTCGCGGGTGTTGCTTACGTGCGGCAATACTCGAAACTTGACCCAAGGAGTAGAAGACCACAGGCTCTCAGGCATGCAGAATATCATGTAGTTCTACGCATGCTATGCTCTATAGCGAGATTTGCGTCATGGCACTGTGTGGCCTTTATGGAGCCTCGGCTGCTATCAGTTGCAGGATGCCCTACAGTCTCGGTCGTTAGTAGCGTCTCGGTGTACTACCGAGTCGAATGTCAAGATAAGCATGGGAATTCATATCAACAGCCGTACAGAGGGTTTCACTATCAGTGCACGTCGTTTAGGTCACAAGTGGCCTCGTGTCGAATGGCTAACGGCTAAGCACAGTAATGAAG,1633,51.13,Homo sapiens
SEQ_649278,GGATGGGTATTAACGCACAAGGCAGACGGATCTCCAGTACCCGAAACGTGGGCAACTGTACTGGCACACCATCCCGAGACTGGGGTCCTTGCTGGCCGAAGTTGGTGTCGGCATAGCGTCAATCAGCGCCGCATGGGTTTTTCGGGCAACCTAGTATAACTTATCACACGGCCGACCCTATCACGGTAGGCGTGTAAGGGTAAGGTGGCGTTTAGTATCGCACACACGCGAATCTATCAAGTATAACGTTTATTGGCCTAAAGGTGATACGTTCCCGGGCTGGTTCGTCTAGGCAGCCTACAGGACGAGTAACAAAGGTAACTAAATATTGCGGTGAGTAATGCCAGACGATCCCATGTCGGGCCAAGGCAGCTTCTTGTTTACTGGGATAGGAGACGGTGACGGCAAAATACATCTGTATGGGCTACTAGCGTCGTTAATTTTACCTGGGAAACGTAGATGGCCATATACATGGTGAAATAACTTCTCACGTGAAATCAACGTGGTGGTGATTACCGTCAGCACGTCCTTGGGGGAACTGTGTTACTGTGGCATCGACCGAGCCGCGACGCTCGGGGTAATTGGCACCTGAACCATCTAAGCGAGTCAGGGGTCTCCATCATCGTATCCCCCGTAGTTACGCGTCCGTCACGCTGGCCTGAAAAGCAGGCAAAGTGGTCTATTGTCCTCTTTATGCACGTCTTTACTACCATAGAATCGTCACGTTTACCAATCAGATGTGCCACGCGTGTGCTGTGAGTCGAGGCGTCCCGGGAGATAGGTCATGTTCAACTCGTAAGTAGTTTAAGTGACTTCTCCAAAGTCATGTCCGTATTTTGTTCAGTTTCGATTCTTAGACTCCAACCGTCGCATTAGTACCGCCCCTATCTGCCACCGGTTGGTTAAGGGGTGTGGATTGTGTAGGCTCCCTGAGACACCTGATCTCTATCCTTGCCTTCTGCTCTTTGCGGCCGATGCGAGCTTATCTCATCACGGGCTAGGTAGACGAGCACCTCTGAGGAGAGAGGTGGAATAATGTTCCTAGTTTATGCACACAAGGTGCAATAGGCAGGCTTCAAAGGGGGATAAGACGCTAGCCTTAGGGACAGGGTATGGGCTTGTTCCCATGGTATCGCTGTTGTCATCCTACCTCCCACGGAGGAGAAACCGGGAGGTTTTACAATGAAGCACGCAGACGGGAAATTAGTACGCAACACGTGACTGCAAGCATTTGCACAATGTAACAGGTCTTGGTTTAACAAGGTAGCCCGCTTAA,1276,50.94,Arabidopsis thaliana
SEQ_624120,GAAAGGTTCTTATACAGGTTTCGACCTGATGGTCGTAAAGACGGACGGCGCGTAAAGTCGATCTTTTCCGCGCCTATATGTTCGTGGCAGTTACCGCTGCTACAGGAGGCAATCGGGTCTGTCCTACTCTACCAAGTGGTCCGTTACGGAAGATAAAGGACTACCTCTGGTTCGTTCCGCGAGAAGCGTATTCACCGTAGGGGGGCGTTCGTACAGCGTCTGGGGCATTGGAACATGCCAATCCTGACTAAATACGTCCGCGTTGTCAGGGATGTTATGAGCCGCTTGTCGTAACACAGCTTACCACAATGACATCCCGGGGGGGTTCTGGACGTGGTAAACAGCTAACAGTTCCCCTTCGCTTGTGGCAATGTTCCAGGAGTATGAGCTCTGCCTCACCAGCCTAGATATTTAGACACAGTAGCAGGCCAGCATGAAAGGTGTTATGGCGATATGGGATCCGTTAGAGCGTGACTGTATTGTTTGTAGTGATGACGGAGATTCTGCTTAGTGGACGGCAAGTGTCTATGGGTTCGATCCACGCGAGAGCCAAGTGGGCTTTAGTATGGCTCTGATTCGTAAGGTTACTATGTACCCAAGCAAATGCTTGCGCGGGGCAAAGGTAAAGAAATGTTTGCGGCACGACCCGGCAAGTTAGTATCGCCGCGCGTTACCAGGTTAGAAGTTAGATTGAGGGCGCCGTAAACCGTGGTTGTTTTTTGGTCGGTACGATGATCTAAAACTCCCTGGGGCACGTTTGTTGTGAACTTGAACACATGATGTGGGTCGCCAGTCTCTTATGACAAGCCTTAACGCGAATTGCAGCTATGGGCGTCACCTTCCGGGAAAGGTAGCGAACCATACTTCCTGGGTGGTGCGTTCGACAGGTATGCTGTCTCCTATGGCTAACGGACGCAGCCAACTGGAGGGTCTTACGGGCTCAGTTGTTATAACCGAGTCACCGGTGCTGAAGACATTTCCGAAGTTTGGTTGCAGCACTTACACGCCTAGCTTCTACCTGTAGAGAAGAAGAGTGGGTCCATCTAGAAGCGGTGGATATAGAATCTGGTTCGAACAATGCGCATGGTTCAATCCCAGGGACTTGCGTCCGAAATTAAAATATTGCGTAATTACTTTAGCCCTGAGCTAACATCATGACATACACAAACAGAGCCAAGTCTACAACTGAGACGCTCTAATGGCTTGTACGCAGATATTACTCACCAGGAAGATAAATCTGCCAGATGCGGTCATTTTGCCTTACAGGCTCGACCATCGGTCGCCATGTTTTTCGTCTATCAATATTAGCCGGCTACAATAAGTTATGTTTAAGCCTCAAGTCCATTGAGCACGGCTTTCGTTCCCTAGGTTGTGAAGCTGCCGACTTCCGCCTAAAATCCGACGGAGGACAACCCCTGCGCAAAATTCCCCAACATAGCACAATGTGACCTCGATACTGCTGGTTTCGAGAGGCTTCTACATAATGGGGGGAGCAACAACCGGTGGCTTGACTCGAGGCGGTACGATCTTCTGGAAGCTGTGTGCCCAACCCGGTTTTAGCGTGGCCCCATTACCTGGGCTATAAGAGCGAGAAAGTAGGGAGCTAGGGGTACCGCTTGCCGAGACAGCGATCGGAGTGTTGCCGTGGCATGATAACGTAAACACTTTTTATAAGCCACAACCCCGCACCTCCTAAGGTATCGCGTTCAGGTGGGGCTAACAGGGGATAGTATGACCTTTGAAAGCCTAAGTACCTAAGCTGTTTGTTATTT,1772,50.28,Saccharomyces cerevisiae
SEQ_109048,AAAGCCCTGCGTGTTCGATTACTAAGGTGCCATAACACCGGTGACCAAATACCGTAGTTAGAGCCCGAGTAATTATGTGGACCTAACTACTGCGTGATTAAACCCTAAATGGTTAATAATGCAATGAATCACTGTCCCTGGCTCTAACACATTTCAACGCGTCGGAAGTAAGGGTAAAACTTCAAGGAGAAGGCCAACAATGTGTCTAAGTCTCTCATGGGTCTGTAACTTTTTTTTCACTGGGCGTCTACTCTCGTTTGCAGGAGAATACTTTCTGGGGCTGACCTGCCATGGCGTTAAGTATAAATATCGTCATATGCATATAAGCTTGCCAACAGGTTGCCTGGAAGCGCTCTAGCTTTTGCCCTGATCCGTTTATTCAGCGATTATGTCCATCTTCGCGGATCGGTTAGGTCTTACATGGGTTCGATTTTGGGAGCCGTGCTACCGTGCCTCGTCGTAATGCTACTGGATCAATCAAATCGACACCCAATCGCGTGATGGTACGATTACGCGCCGTTACTCGGACTCTTGGACTGGAACACGCACTTCACTTATGGAACCACAATAACGTCTGCCATCTTTTTCTACCCGCACGTAGTAGTTTGACTTGTGATCCTCGTTCCGCACCGGTCGGTAACCAGTCGCCTCCTAGAGCACTCATCATAATAAGAACAGTATAGTTATACTGGCGACGGTGGTTTAGGAGACCGTGGATGCGGGCCGTGGGTTGCTGCTGAGCGGCCATGAACATATGGCTAGGAGCTAAGTATAATTGGTAAGTGCTGTCACCAAGTTAACTCTCTGCTGTTGAGGTTGTAATTTTCTTGTTCTAGCGGTTATCTGTTTGCATATCATGATAGTCTGTCCATAATCGACCATTTAAGTGGCGTCCGGTGCAAAGTTAACGAAACCGGGCTTCAGCGACATACGTGCGTCAAGGAGAGAGGATCCTTCAAACGAATAGGTTCTATCTCGGCACTTAGGTAGATAGTACTGCTCGGGACTGATGGGCCTAACATTCGCTTGCAGGGCATGTAGGCTCCTCAAACACCTCGCCTGCGTATGCCGTAGGTCCGGCTCTACAGACGGAACCGGAGGCTCTGACATCGTTATGCCGATTGGGAAAGCTATGGCAAATGGTCAGAGCCTAATCCTAAGATCATAGTTGTGCACGCTAGCGCGCTCGTGTGTTGTCCGCAGGCACGCTGAAGATAACGTGAGGAGCTGCCCGTTGAGAGGCCGAGATGGACGCCTTTAATTCCTGAATCCAACGGGTTAGTCGTTCTCCGACATGCGGAATTTTGC,1308,48.85,Caenorhabditis elegans
SEQ_483404,AACTCCGCTGACTGGCAATCCGGAGGGTCCTGAGACAGGCGTAACTCACAATTAGCGGTATCATTCCCGAATCGCTATAACTGAAGCCCATTCGTACGTTTAACCCTGGGGTAGTATACCAGGTTGCTGTAGATTTTAGCCATCATACACGTCCTTGCGTGGGATGAAGTCCTCAGGAGGGGGATACGCATGTGGCCAACTATGGCCTTGGCGCAACTGATGGGTGGAGGTACGGTTTCCTGAGACTAACGGTATGGGTCAATCGGTCAGTTTTAACTCTTCTACATTCAATACCGAAGGAACGGGATCGCTATATCATCCCCATATTACAGGTAGGCTCCGAATCACCGGACCAAAAAAGCTACTCATAATGGCTTTGTCTCCACGTAACTCCTAATTATGGGCATGAGAACCCAACGTAACTTGCTGTTTCCGCCTACCACAAGTAAAGGGTGTCCACAATGTCAGTCGCCTAATTCAGTCTTAGGCAAGGTGGTTGTATTAGCTACTCTTGTTGAAATACAACGGTCATGATGCACAAGCCTCGACTGGAGGATGTGAGAATCGTCGAAAAAATGTAAGTTTACAAGAGTAGGACGCAGGACGCACCGATCCTACACGCTTCTCCGAATTACTACTGAGATAATCGGATCAGCTCATGGATCCGGCGAATTCATGCTTAAGCAGGGTATGTACCGTACCACGTACCATGTCAATCGGGGGGGGTCATGCGTTAGTTCAGTT,744,48.25,Homo sapiens
SEQ_256845,GAACATCCCAGACATAACGTCACGCGTCAGACCAGTCGTTTAAGCATCATATAAGCTCCCACATAATGTTCTGAGGGCTTCCGTCTAAGCGAACTACCATGAATAGTATAGTCGTAGTTATGGTCGCATTCGGAAAGCCACATTGCTGTACACAGGAAATGGAGCACGTTAGAACGTACTGAGGATAACTGGCTCCTATGAGCAAACACTACCCAGGGTGGTATGCTCATCGTATGGTCACTCGTAGGTCACAACCAAGACAAAAATTTTCCTGCTTCATGACTCTCTCTTCAATGGGCTATGGTTGTATGTACATGTGCGTGTATAGGACGGGTTTACCATAGGGACATGTGTCAATGAATCACAAGGCGGTACCAGGCAACGACACGTAGCTGCCGTATCACGATGGCAAGTCGCTGCCAACGGCTACGACCCTGCGTAGATATGATCCTGCGGCTGAACATCCTAGCCGCTCTATTTTCACATAACTTCTCGCCCGTGTAACATGAATAGCCCAGCTCCAGACCTCAATTGTTGGATTGAGCGGTCCCTATAGTTGGAAAGGCACAAATCTGTGGTCTCCTCTCCCTATGATGGGCACATGAACCGATACATTGACAACAAAGATGGTGCCGGGAGTGAATAATTTCAAGTGACCCGAAATTTTCCTTGTACGTAAATCCGTTTACTGACGAGGGCGGGACAGACATGTCCCGCTCACCACCGGCCCGAATATTGAAAAGGATGTAGCTAGTTGGCATTTTATCTAGTGTGAAGGCGTTGTATTAACCTTTTGCGTCATTCTCAAATGAATACGTCCATCAGTCCTGATCTAGTCCAGTGATGAACCTCTAAACCAAAAGAGGTAACTCTTGAAGTACAGAAAGTTCAACGCAAGCGTAAGTAGGGTAAAAAGACCACACACGGCTCTTTCCTTTGGGAGCAAGAAAGTGCAGCCCCCCTAAGAGAAGAACATGTTGGATGATCCTCCAAGATTCCGCGTGGACTGAAAAATTGATGGAACTCTTAGACGTAGGTAAAATAGCGCAGGCCATGGGAACTATTCAGATTATGGAATACTGGCGTTCACCAGCATAGATTATATTTCTCTGGCTAATATAACGCGTCCCCATACGGTGTACTGGCGAAAAGCCTTGAATCTTTCGGACCTCACCAAATCCCGATCACTGCTGCTTGGGTCAAAACGATGGCGTTAGGGTGAGTAAGTACCATTCATAACTATTGCACAGCAATTCCACGTTACTATTTCCCCGCTGCTCGCCTAAGGCCTAATTGTGCGTCCAGTGCTCTGTACTGAGATATCTTGCATTCCTCAACGATGCTGAACCTACGTCAGTAGACTCTGGCGAAGAGCCGGAGCATAGTCCACCTGGCCTAGTGCCCGGTCCCTCAGCCGAGAGGCCTTAGGTACTTAAGTCGGCAATTGAAGATCAACGCACTCGACGTGTCGATCGCAAATCAATTGATGTAAAGCGAACCGGTCAGAAGGCAGTTCCCGCAGAGTTGTTCATGCCCACTCACTCCACTACGTATTACGGGAAGTGCTCCATTGGTCCAGTGATGCGACCTCTAGTTGCGGTAACGTGTGGGGATACAGCCGCCGTGGCGGGTCAGCGTACGATTGTTGATTGGTTGGATAACATTAGATACACTACATACGTCGCCT,1687,48.07,Drosophila melanogaster
SEQ_999448,CCTTCCACGTTGACAATACTATGAAGAATCTATGGTATCTTCCGGGCATTGGTTCCTTGATATAACGCCAATGGGGTGATGGAAGCCAACATAGATTTGTGCGATTCACCTCGCAAGTAGAGATAATATCGAGAATACCTTACATTTGGCAACCGCGAAATATCATGCACGGATCTTCTCTTCAGATCACAACACTGGGAAACCTTCCCGTCCAGCGCGGACTAATTACGCGCGAAGGGGGAGGTTGGTATTGTCAGCGAGAATCCGTCGGCTTCCCGACCCTCCCTAGTCCTAGGACAACAACCGCTGTGGCCTACCTGGAAAATCCATCAGTAACCCTTGCCGAATGCTGCGCCGCTGATCAACGATGGCGTTGGATACCATGATTTGCGTAAGCTTTCATAACGGTTGACAATGGGCTAACACCGAATGTAGCTGGTAACTGGCGAACGTACCATAGCGCTTGCCTGTCTAATCTAGGCGCCCATCGAGGCCTGGCTTTATGGTGTGCATCGGATCTCTCACTCTCGGTAAGGGTGAGAGGTGTCGATCGAGGATGGAAACGAGAAGACCTGCAGCACACGTCCTGGTCCTTCCCGTCTTATAAGAATGGACACTGACTGAACCCCCGAGTAGCTCATCCTCTGTCGGTCAGGGGAGCATGCATGTGAGAGAAGATGCATCTACGGCGCTTGTTTCGGATAATGTATGTGTGGATTGGAGTGTGCCCCCGTATTACTACCAAAGGCTCACAGAGACCTTCCTTTGCTGCATCCACGCCCAGCTCCGGAAGCTCGCGATCATGTGCGGCGCCTCTTCCGCCATATTTGTCGACTCCCGTTGAAGTACAAGTGGCATGGAGGAACTGATCCGAGAGCCTCCTGGAGCGTTGAAGCATTTTAATGCCGGCATAACGCTTCTACATGTCCGCGGGGGTCACCTGTTCTATTACCGCTGGGCCGTTCTATCCCATGTTCCTCGATCTTCTAAGGTCCAGCGATTAGAGTTCTCCTCGTACCTAGCACGCGTCGACACTACCCGACTATTCGTTTGACAATTACCCAACGTGACGGCGGGGCCTTACGTTTTCTCTTAGTACATCTTTGCAGGGATTTAGGCGGGTGCTAGTCGGGGACCCCTGTTGTTAGTGGTGAAATCAATACAGATGTAGAGTGCCATAGACAGCCTAACTAATAGTCCGCGGACGCTGATAACTGCGGTCCATAGAGTAGGGGCGCCTTGGCCGAGACCGGGAAACTCAACCAATCTCTTCGGTTTAAAAACTAGACGAAGCCCTGAGTTCGAATCTACACCAACCCGCTGCCGAATACAGCATTAAGGCTGCTGGTATAGCCTGTATGGGGTTCGATCTACTGAGCAGTTCCCTTTACCTACTGCTCAAACAGGCCCAAACGGTCCTACCATTTGAAAGCAGGGGTAGGAGGCCAGATGCCGAATCGCACGCGGCCGTTATGTACACATCGAAAACGCATTAGTCGTAGACCTGTAATCAACATAAAAATTCATTTGGGATTCAGAAACACGTTGACATCCGACTCGCCAGCGTCCTACAAGTCACAAAAACGGTCTACCAGCCTGCCACAGCTTAAACAGATCACGTCAGACGTCGAAATGTGCCAGCCGTCTCCATGTGGATATGAGGTATATTAGCTCATCACG,1680,51.19,Saccharomyces cerevisiae
SEQ_774938,CGATATGCACCGCCGTGGATGCACTACATCCTGGACGTTCCTCTTGACCAGATCGGCCCGAACGGTTGCCACACAAACATTGAATCATTGGCATTGATACCTACGGCTAAGCTGACATAGGGGTCCAATTGTTGGGTAGTCAGGCGATTCACACGTCCCCGGGAGCCCGCCAAAGCCTAACGTAATGATCCGCGTCTCGGTGACTCACGCTACCCGATATTAGGTTAAGTGGTTCTCGGGTAGTTCCTAGAACGGTGCACATGCGAGCTATGTGCCCTTTTACACTCTTGCAGAGTGTGCGCACCAACAATACCACGGAGGCTGGAGAATACTTTTTCAGTCCTGAGGTATAATCGAGACAAGACAAGCGCTCCTTTCAACCTAAGTAGGCTGTTTTATACTACTTTTATAGCCCGGTTTC,421,50.59,Homo sapiens
SEQ_901895,TCACCCCGGTTAAGTAGAAACATGAAGTAACCTTCCGGGTCGAGAACGAGGGACAAACGGCCCGATATAACTATTCTCAGAGCGAACGGTTGGCACGATCGAGGGCGCCTAGAACGAGTGCCACAACGTATATAGACTGAATCGCTGCAGTGGGCCGTCGTAAGACAACCCATAGCAAAAGTTATTTTAACACTCTGCTTAGCAACGATAGAGTCGCGTCTACACCCGGAGGCAGTGTCTTGCTAGCGTTGCACGCCAAGACTTAGTTGGTCAACTATTGGGCAACGTATTTCTTGCTTATAGGTGAGGCAAAAATCCGTATTCGGAACCGGGTTTGGCGACGCCGCAATGATAGTACAGGCAGCCAGGTCGAGGATGTGGCATGGTCAATGTTCCAACTTAGGCCATAAAACCTGGGTCCCAAACCACACAAGGTTCGACGTGTATAGAAACCAACAGTACCTTAGGGGCACAAACCAGTTAACTGATCTTTCGTTAGAAGAGTGGCGACTGATAAGGTATCAACGCTACACCGGGAGTGGACATCCAACTCGTATGAGACTTCGGGCTCGCATGAGGGACTTCCGGGTGTGAACCGATCAACGTACGCTTGAAGAGGGCTGTGGAGGACCACCCCCTTACACGCTAATTTACTTCATATGTCGGCCCCGAGTATTGGTTGTTGGCTTCACTTCAAAAGGACACCAACTAGGAAGCAGGGTCCGCCAACGCTGCGGAATGGAGCCGTCGGTGTTGTGGAGCCGTATAAGTCGCGGGAAGTGATGAGAACTATCCAGCTCATCTTACCGTCCAAAAAATTCAGCAACTTTTGACTCGAGCACACTTGCCATTGTGGTGTACCCGTTGTGGTCGTACTATAAAGTTCATCCTTTCTCTTCAGTCAGATGGGATTAACGCGGAGTCCGCGCTGCACCAACTTACTGAAATAACTTATGCACAAGCGCAGGTGTA,972,50.21,Arabidopsis thaliana
SEQ_984351,ATGCATGTTCCCTCCTTTGGGGTCCCGAGTACTTAATCGGACCGCGCACCACAGACCACAAGACAAAAGCGGACGCTGAAGGGGTTAATGTTATGTAGGATTGAGTTTCCCACAATCCGGTGCCGAACCGAAGGCATCCTCTTTCACCTCATTATCGGACGTTGCCTAACACATTCAGCCAGGCATATACTCCTTCTCTATGTGAGGATTGGACTCCTGAATGGGGGGCGCCCCGATAACAAAGATACGAGCAAATCAGTCGCAGGCAGGCAGATACCAATTCTAGATACAACTCTAACCTTGCAGGGATATCTCGCGAAATAAGAACGAGACTGTAGCGAGACTGTAGAACGGATCAGTAATGGTTCAGGAGTGCAGCACGCCTGCATTCGGCGGTTTAGGTCGCTATAAGGCGTATCATGAATCTTCATATAGCAGATTGGCAGTCACGATATAACACTAAGGCTGCCTCGGGGTACAGCTTCTATTCCTAGGGGGAATGACGGACAGATGTTCTAACCAAAGTCACAGGGGTTTATTTGGAACGAACTCTTCGTCCCTGGCACCAGACATAAGGAAAAACACATTCCCAGCTATATAAACTAATCGACAATACCTTCTACAGGCAGTTGTGTAGTTATCGTAGAAAATGCATAGTCTGATCATTTGTGACAGATTGTTTGTAATCTGGGTAAATGACGCTCCAACTAGTCTTCGCAAGGATCATTCGCTCAGTGGTTAAATGGATATCTTATATCCCTGCTCGGACGAGTCCTCACCTGTAAACGCTACCCTCTGAGAGTAGTACCCATCAGGTTATACACTGCGAACACTGATGTCCCCTACGTCTTTGTCGCAAACAAGTATTATAACCTCCGTGTGAGGTTGTGGTTTTCGCGCTAACAAATTTAGTATCGTCGATGCGCGAGCTTACCCACTCCGTAATTATTTGGTATGGGATCAGCTCAGTCGCCCACGTATCAAATGGTCGGTCCGACGTAGCGCTATGAAATGACCAACGTCTGGTAGCTTGTAATGGCGAGTATGCTGGTGTCGGCGCAGCTTCAAGGGACAAAAAATCGTGGGTTCATATGGCTGGCACGTCCGTTACTCTGAATGCACGGCACGAGGGGTCCGAACCGCCGGCGGACTACACGTAGTGAAGGGGGTCTGCGGCTGCGGCATGAAAGCGATAGAGCTCAGAGCCGCCTAGTGCGGCCGTAAATGGTGACACCGGACCCACGTGGGCCCTATAATTCTTT,1262,49.21,Arabidopsis thaliana
SEQ_603499,GTCAGCATGCGTCTCGCAATAGTCCGAGAGCTTATGTTGCGAACTCCCGTAATTGTGTAGCTGTCGTCTCATGAGTAATATACCTGTTTGGGGTTTTTATCGGAGCCTCTCGTAGCACGACAGAAGGTCATCTTGATTCTCTACGTTTACTGTACGTAGGGAGGCACAGACGCTCGTGATGGGTCTAGGTCTAAATAGACTAGCTTGACTAGGCGGTCCCATCCGAGTGGTTTTGGGCCGGTCCTTGATTGCTAAACCGCGGGAGAGGGCTTCCGTGTGAGGCCAGATAACATCGCTCCATAATGATAGCCCAAAGTTTTGGCGCACGATCAAAATCGCCATTAAAAGACTACCCATGCCAACCCCGTTCAGTAATCGCCACTAGTACGCAATTAAAGCGTCGGTACTACCCTAAGCTTATCCGTTCACCTCACCCAATATCTTATATCTAGCAAAATGC,460,48.7,Caenorhabditis elegans
SEQ_924013,CCAGGAGTGCCGAAGGGATTGAGTCCCAGTGCAGCGGAAATGGACGTTTGGCAACATAAGACCACGCTCATGCACGTTGCGCGTGACGTCCCCACCGATCCTTACTTAATAGTTCTGAGTGCGTAAAAGCGCCTTGGTGCGAGGACTCCTCGGCCAGTAACACCCATAAAGCGCGATTCGCCGATCAAGGTGTTAACCACATTAGAAGTCCCAGCTTACAGAGGTACAACCAAACTGAACTCCGAGTGGCGGTCTTTCAGCGCTGCGTGACTTAAATCGGCAGTGAAACTGGCGTCCGTACCGGGTGCTGAGGAGCTAACCTCGAAACCTCCGATGCATGAAAGCAGGAGCGTTGTGCCTAGATATCCCAGGATATATTCGCCGCAGAACCCCCAGGTATCTACAGGCCGTACCCGACTGTGCGCGCTCTATATATGCGGTTATACATGATTCTGGC,457,53.83,Saccharomyces cerevisiae
SEQ_896524,TTCGTTAAGCCCCTATGTTACGGTATCCGGTGCGGACGTTGCCTGGTTGAAGGCTGGTTAGCATAGAAACGGTCCTCCGACAACGCGGGTTTGGTGCAAAGAAAGTACGAACTGTATAGAATAGGGTAAACGTTTTGTAATATCACTCCCGGGCTGCGTTCCTCTACCCAAGTATCCGCAAAGTGAGAAGTCTAATCTACTGATTTGGAGCGGGGGTCCGGAAGGGATAACCCGGACTCAACACATGGGGACGACGCCGACTGATTACCCCTTTTATATCTACATATGTTTTTTTATGTGAGACTTGACCGGGGAGTTCGGACGGGGATCTACGAGGTGGAGGGAGCTTTCTCCGAGGATCCCCCGGTCATTTTCAGTCGCTTTTGGCGCCAACTCCGTTCACGGTACGATCGGCGGCTTGAATATAGCTACTATACTTTGCCCATGAGATTCACGAACCCCCGATTGCGAGCATACAAAAGAAAAATCTAGAGACAGTCCCGGTAACTGCAAACGATTCCGAAGCGGGTGTACGCATCGTTCGTGCACCGACCCGTCATGAGGGACAATAGCAGGAATTAAATCTGTGACCCATGAACATGTATAGTAATTCAAGTGACGAAGGTGTGGCATTATGTTCCTTACTGCATGTTTTTGCCAGGGGGCAGACAGGCTCGCCCCGCTGTAGCGGACGGCATTAAGTATACGGAAGGTGACTTGCTCTGAATGGTGTAGTAGCAGTTTAATCCTAAACGACCAGCATCTTTTAAGCCTGACTAGACGATCGGAGTCAGACTAGCGTGGGCGGTCGATTAGTACACCTTCGAGTGTTCCCCTCCTTCTGGCACGATGTTCCGGACGCCCTAGAGGCTGTAAACCCGCGTGAGATGTCTAATTGCAGTGAGGTGCGCTATAAAAGAACTAATACTCCTAGCCTGCTGTCTGGTCACCCCTTCACCCCGGTTCCCAAAACTAGCGATCGTTCACCTGCCTGTTGAGGCTCGTTGACTTAGCAGAGCTTCCCAGCCCCGGTGTGATCCGTCAAATGGGAAGCCGACACACGGGGGTTTGAGTGTGTGGATCTTATTGTACTTGTGGAGATCCGAACGTTGTGTGAAACAAGGTAGTTCCTGACGCTGTACTAAAACCGCAAGCTGGCTTACTCCCGAAGGACGAATCCGATTAGTCGCCTATGACTCAACGGGCTTGGTACCAACACTCG,1222,50.98,Caenorhabditis elegans
SEQ_855831,TGCGGCTGGGCCTGCGCTCTCTTATTGTTCCCTACTCCCGTTGTTAACTAACTCAGTAGAGGGAAGGCTTGTGAACCTGCTCAGGAAGTCTTAAGATGCCGTGAGACGGGTAGTCACTTGTTTACAAGTCAGTACGAGACCATCGCTTGGCGTATCTGGACATAGGGAGCTTGACTGTTTCCTTTCCAATTTCGCAAGGGATTGGGGTTCCGGGCAATGCCATCAACTCGCTTGGACCTTGCGATGGATGCCAACGGTCCTGGGACGCAGGGGTCGTATAATGTACCGCCCCGCTCCTTCTACGACCATCATGTAAGAATAGTACACGGTAGTTGGCAGCTACATTGGTATGTTCCTTTGGCCGGTGGTGAGAAAAGGATAACCCATTGACCTTGTAGTTAGCGAGCCGTTACATTTACACGATGACCTGTCTTTTATGGCTCTCTGCATGATCAGTTTTCGTTTGGACCCCGCACCTGCGTCAATATAGGACAATGTTTGGCCGTGTAACTGCCTAGACATATGTAAAAAGGCTACTCTTGAAAGAGTACACGCTTCTCTGCACTTTTCGTCAAGACGTCTAGACCCCATAAAAGGGTCCATGCGCGGTACGCTATTCAGAGGGCTCCTTAACCCCAGGGTCTCCTGGACAACCTCGCTCCCTCAACTAATTGAGCAAGTACATTGATGACGGCTAATTGACGACATGCACAGCTCCCTTGTAAAGACAGCTACATCGTTTGACTTCGGAGGTTCGGGCCGACGTGCTCCTTCCGTGCGGATCCAAAATGTGTGGACCACCTCATCTCTACCCCAGCTAATTGCCTGTGACTCCCAGAAAGCACATGCTTGTGTGGACTAAGGGGCGTTCATACAGTATGGAAATCCCCTAGGTATATGGCGTGCCAGTTTAACCTACCCCTCTATAGAAGAAGCCGAAACCTGTGTAGCGGTAAATTTCATTGCGGTGGCCGAAAATACGTGGAGCCTCAGGGCGGTTAGTAGGCAACACTACATTCAAATATTCTACTAGCCCGCCATCGGGAATGCAATTGGGGGGACATGCGTGTTCTTGTTACCTTGGGGGCCACAGCATTCCGCCACATCCATATCGTCTCGGACAATTTACATCTACGGATAAATGAGACATTCATCCTACATTTGCTCTAAAGGATATTATCAAGACAACATGAGTGACATTCGGGCGTGCGAGGGCAATAACGGTCTGCGATAGAAGGTACTTGTTGCGGAGGTATGCAGTCGCTAAAACGGCCACATCATTTTCTACGCCACCGTTTGAGAGACGAGGGCAGTGTGGACCAACGGGGAGAAGAAGCATAAACTAACCCTGATCTGACCTCTTTCTAGCATGGTAGCGTTCTGTGGACTAACACGCTACGTCTAGAATAAGCGAGGTATATCCGAAACTGCGCCCACGCTAGTTGATGTTGGGGTCAATTTACTTTAAAGGGGTTGGATCACGCCGCGTATACGTACTGCAGTAGGATAGTTCGTTCAGCTTTGCCCCAGCTTTGAAGTCACTTAAACGATAGATACTGATTACAGGGACGTGCGTACCTACGACGTTTATTTCGGATACGCTTAGTAGGGAAATAGTATATTACAGCCTTCCATCTGGAAATTTAGACTCCTTTGTGTCGTAGAATCCGGAGCGCTAAGTGTCATTACAGATACCC,1697,48.97,Drosophila melanogaster
SEQ_992810,TAAGGTACTCTCCTGTCATTAAGCGTACCGACTCTCAACCCGCTTGGGGCTTCGGAAGTGCTTGTTCACGTTGGCCCATTCTTCTTCTGTTTTTTCGCCTTAACGTCTCAAAAACAGCTAAGGGAGCGGAGTAAATTATAGCCGTGCAAATAGAAGAGACGTCTCCTCTACTCTTTGGTTAACTTATATCCTTACGTATTAGATGATTCAGAATGCATCTTATTGGCCAGCCTCCGGAGACAGTCATTCTTGAAGGACAAGGTACGACGGGAAAGATGGTCGGCAGTACTTTTCGGCTTACGGGGGCGGGCCAAGCATTAATTGGGAATTACTAGTCTGAAAATTAGGATTAGCGAAGGACAATAGATTGTCGCTGGGCCTTGGAAATGGGCACCTGCCCCCCGAGATTTCCCACCGGTTGGGAAAACGTACGCCTGGACAGCACGTGGAGCTGAACTCCTCCGTGCGCCAGCAATGGTCCCCCATGCCGACTGACCTTCCCGGAGCATTCTAGGCGTTCGCAGGCGTAATTATTCGTCAGAGTCGGTTTGTAGGTTCGGAGGAATTAGACCCGCTAATGTCACCGGATGCAGCGCCTATTATACGACGCCAATCGTCCTCAGGAGTCTGGGTAACTCCTACTGTCTTGCATTGCTCGGGCGCTGCATGGGCAGTGAGCGCAGTATAACCGTCGTTGATTAGCGTCAGGATGCCAGGAATGTCCAGGACCGAGAATGCTTAGAGAAATCTTGAGCGAAGGAGTGTTGGTTAATAAGAATACCTTGCTGATTCATATCTGCCGTCGCAACTTCAGACATGATACGATTCACCGGGGTATGTCGGAGAATGACGGTAGGCCGCTTTTCTTGGCGCTATACATGTTCAGGTGAGGTGAAGCAAGAGGGAGGCCTGTCCCTGACTCATCAAGCATAGTCACAGACCTGGAATCAGACCGGATAGGTTTCTGGCACCAACGCGGCCATCAAATGAGAGCACATGCTGAGGAATGAGCCAAGCGGGGACTGTCCCTGGAAGAGCACCGACTCTAGATCACATCATACTGACAATACGACGCCAAGTCACTGCCGCAACCGCTGCTACGACTATACTCATTGAAGCACGGACCTTTGCTTCCCAGCATCATCGAGCGCATGCCGTGGGAAACGCTGCGTCCCGTCATGACTAGCGCTGCTGTTTGGTCCAGCGTCACTCTCTCTAATGTAGGGCAATAAAGTCACACGAGATCCGCATGGGAATCCCCTGGATACAGGCCAGTAGAGAT,1282,51.56,Caenorhabditis elegans
SEQ_426946,CCGTGAAGAGAACTGTACGCCGGGGGCAGACTTCGTTAGCAACGCTGTAAACGGGCTGGGCTATCCGGGCATAGCCCTGAATAGCGCAAGCACTCTTCTGAATAGTTCGTATTAGTCGACATTCAGCCTTAACACTCCTTCGAGTTTGAGAGCACATTAAACGGCCTTCGCAACGAGAAATGCATCTCGAGTACGATCTGCCCCTTAGTGATGTATCGACCATACGAACACATCGGCACAGTAGTAGCGGTCGAAAAGGAGACATCGGTCCCCTCCCAGGCTGTTGTCAGAAGCCAAATGCCTTAAGTCTAATGCATTAGGACTCCTTCCCTCACTTGGCATGTTCGAAATTGGGCTTCAGCCGCTGCAGTCCGACCCGTATCCCAGGCTACGATAGGACGGGATAGGGCGAAACGTTGAAGCAGGCGATCAATACGCGCGCTGTTACTGATTGATCCGGGACTGTCCGACTTATACGTTATTGGTAAAGGAGGGTTTCAATCACACTGCCGTTGCGTATAATCGGTGGGAGTCTTTGTTGGAGTGAGCTGTGTGCACCCCGGAGCCAAGTGGGGGACGCCCCGTATTC,589,52.63,Caenorhabditis elegans
SEQ_784543,CACCTACCAAAATGTGGTGCCGAACAATGAACTTGTTTTCGCTATGCAATGGCATGACGTGATGGGAGCTAGTGGTCAGAAGGAAATCTATCTGCAAGAGAGCGCGGCTGTTCGGCTTTGCCGAGTCTGTGGAACCACAGGACGACTGCGCCTCCCGTCGTCAATCCTATGATTCCCTTGGGTGGGCATTCCGGCTGCGTCCTAGCATTAAACGGCTCGCGCAGCCAAATTCTATGCTCTGTCGCAGCGCGGCGAGGCACAACTGCTAGATCTTGTGGCCAGGCCACGATGACGACAAATGGATTGTCCCCCTTGGGCCAGTCCTTGGCGCTCGACACATCCTCACTCTTTAGTGCGCGAGATGAACCCGACCTGAACTTGTAAATCCAGACAGACAACAGTTATACCATCGAAGAGACGGTAAGTGAGGTTCTCGGTAAGAGCTGGACTAACAGTATAACGGTAGGTACCTCCACTCTTGTCTTATTTTAGGCTTCAAGCCCCGGCCCATGCGAATATCGTTTAACTAGTCCACCTCGGTGGCTCGAAAGAATAGTAGATAGATTATGTTCACCAGCCTATTTCTATCAACCCCTTGACCTGGCCTCGAACCCGTATGGAGAGCTTATTGTGTTATCGCTTCTTCCGGTTTCGCAGGATAGCCCGAGTACTTTTGACCACGAAACCCTGGAAGTATACGGGCCGATCTAATTGAAATCGAAGTGTTACATATGGGATCGACCTCGGTGTGTGTGTCTTGGTTGGAGTAGTAAGCTCATAAAAACGTCCATGGCTAACAGGCTGAGGTTGTCCATTCGGGGAAGGGAGCCTAAAGCCCATTTTGTTATGAGTACGGGAGTCCCCTTCAAAGCCTCTTTACATAGCCGTTTCTACGATATTATTCTATACCCTTGGGGCGGGGGTCGACCGGGCCAAGTAGACCAGCCCACTACGCTCGAAGTGCCAAATGGACTGTCAGCACGTCACCATTTGATATATTTCCATCTGTGATGCGCATCGTAAGCTTAGCCTATTCTACCCGGAAACACGGGCATAGGGTGATAACACGCACGTCACAGTGCTCCGAACAGATTTCCGGCTCTAACCTTACCATGAGGCGTGTCCTTAGCAGGGCGTACTGTAACCAGATTCCGGCCGATTGGAGAATCTATCCTCGGGGGTAATCCAGGTCGAAAGGACCTTCTTCAGCGATAGGAAACACGAAATTCGAATATCTAGTTCTCGACCAGATGAACCCTTACGGCCCTAACGGTCAAAGCCCGGTGGAACCCGCCATGAGCAATCTATGACTAACACTGAACTTTC,1326,50.75,Caenorhabditis elegans
SEQ_429516,ATCTCAAATCAGGCCGGAACCTCTAATCCCCTCCTGCTGCTCGGTGCACCGCCTGGTTGGACCTATGATGGGCTCCCTGGCGGGGATTGCTGACAAGCAGTGGGACCTACATGACCTGGATAAGTGCGTTATCCTGCGAACCACAGTATCATGGAGGCACCAGCACACCAGTAGGTGTGTGTGGCCGCCCACCGTGGTAAGGGTTGAAGCAGCTTATCTAGACACAGCTCAGAGTTTTCCTTTAAGAATGATTGTCACGTTTCAAAAGTCCCTTCGAGCTGCAGCGCTCTCGGTTCACCCTCAGTTCGCCCCTATCGTCACAGCCAGGAACTTTGCATGTTCGATCCCTCCGCATAGGTACGGAAATAGAAGCTAATTCCAGCTGTATGCCAA,393,53.44,Arabidopsis thaliana
SEQ_381255,GTCTGTTAGGGATGTCCTTCCGGACCACTCTTTAACCGCTTCCATTTGTGCAAAACCCAATGGTTGCAGCTACACGCTTCTTAACAGGCTGTCATGGCGAGGTAAGCCTGACGGCGAACTTATATCATCCGCGTTAGACGGCGAATCGTCTTGTCCCGCTAAAGAGCCATCACGAAATTGGGCTATGAGACGCTAACGCAGCCGATGCTCAGTAACTTTATTGCCTTGGGTTGACTGGTACGCCTAGGATACAGGGCTACGTGTGGACTCTTGTCTAGTTTTGCCCCGTACCCCATGAACAACAAGAAAAGCTGACGGGATCCATACGTTGATCGAAGAGCTCGATATCCGAACCGCCGTAGCGTACATGTAACCCACGTGCTTACACGCGTTCGATAAACTGTCCAGCCTGCCCCTCGAGTACTTAGGCATTCAAACCCGCGCCGGAGCGTTTCTTGAAGCGGCTTTCGTGCACCCGTTGTGTTATTAATATACAATATACCACTAAATTAAATCCAATGTTCTTCATACGATTGTGCACAGTTTCATACGACGCGAGGCCTTTGAGTTAGTCACAGTTAAAAACGGCCTTGCCTACGGGAGGGTTTTAAGATTGCCGGAATGACTACATGGAGAATTCGTTTGTTTTAGCAACATCAGGAGCCACGTTATTGCGGAATGAGAGGCCACCAGAGGACTGAGGGAAGCTCATAACATAAACGAAGATAACTGGACCTAGACGCAAAATTCATGTAATAAGCAGTTGTATTAGGCCCCGTTCAGTTATCCTCCACAAAAGGCCCACGACCTCTCCCACATCGTTTCGGCAACTACGACTTACTGACGCCTTAGCCTAGGCATTAGGTTATTCTTCTGGCGGCAGCGATTCATGGCATAAAACGTCGTAATCATAAAGCTCGGAATACTTCGGGGACTCGGTAATAGCACTCCTGTATCGTGTTCCTATAAAGGAATCGACCGATCGATATACGCGATCGAACGTATCTACTTACTTGGCGTGCCCTAACACGTAATCGCAGAGAGCTGAAATGCAATGTCATGCCGTCGGTAGTGGACGGGTATGTTTAAGATCTTACGCTGGGGTAGTGTAAACAGGCTGATTCGTTTTCTAGAAGGCCAGAGTTGACAGTGGCCGTTAAAACGTGCTTCGACGGTCCTCGGCACACGCGACGAAGTGTACTAAAGCTAGTGCTGAACACTGCTGCGAAATTTGAGCAACAGCGATAGAAAAAGCCGTAGCAGGTGCACGGCATAGTCGAAACCAGGCCTCTCTTATGTTTCTGGATTAGGTAATGAGGTGACCTACCAGGGGCGCCTTTTTGTGGACAAGTCACTATACGTGAGAGTAAGCGACATACCCCATCGCAACGGTCCGTTACCCGTATTGTATTGCCTAAGGCCGGGGTTAAGCCTCTCGCCTGATAATGCTTCACGTCCATCAATTACGTCGCTGTTATATCGCTTTGTGCCCATGCGGAGAAGTGGCTCCGGTTGGCAGATACATCCCGGTTTAGCACCAACAGTGAAATGTAGAAATGTTCACGTAGTGATTTATAATGAACCGAACGATAGGCGAGCCAAAGATATCTCGAAAATCTTCAAGAACCGATTCAACCTGCGAGTCCGCCCACTCACGAGTCTCCGGGTTTTTTTGAATGGTACGGGTAGGCTATTCCAACG,1701,48.62,Arabidopsis thaliana
SEQ_963765,AGCGTGCTGTCGCCTCTAAGACCTAAACGGGGGACCCCGGACCCATTTCGTTGGTGTTAGAGTATCATGGCTATATCGAAAACTTTCTGAGGACTGACCGGATCATGAAGTGAACATTGAGAGACATTAGCTGACCATCGGACTGTACTCCAGTTAGGCGCATTCAGAAGAGTGATCTGGAGGAATATTCTATCCTAAACGCCAGCACAACGACCGTCCCTTGGTAAGGTTCCTTTGAGTTAAGCGTCACCGGTTCGTTACACTTCCGATAGCGCCTACAGAAGTTCACTATGAAAGGGTTCATTGGCTAAGGCTTCGGGTCATGCACGATTCTTACTAGGGCTGGATCTCTAACCGCCGGTCACCTCAGTTTTTCCAAAAGTAGCGTGGATTATGACAGCCCCCACCACTGCTGATACTTACGTTGCGGGCCTTGCCATGGGCGCCCATGGTTTTCGGGATGACAGAGAAGGACTACTATTCCATAAAGTATGGTGGGGCGTGGCAGATTGTTTTTTGTGCCCAGACGGAAATGTACTTGCGCAGGGTCTACCGACTTATCTTATGCTTGCCGGTGACTTTAGTTCTCCTTCACTAGACGTTACGGGAGCTCGTTGTTAACCTGGGGACACGAGTCTACTACGCGCGCAGCCTTTATTTATCGTGCGAAGAGGGTCCTGAGCTGTATGATCCTTTTTAAAAGGCACGGAATACGGCAATAGCTTTCAACTAGGCTGGTAGAAGGCGAGAGAATCAGTAGAGGCTGGAG,769,49.8,Homo sapiens
SEQ_545058,GGATTATCTGAGATCGTGTCTGTCTTGAGGTTTACCCCGTACGCCGAGGCGGTGTGATATTACCGCAGTAGGTTTCAACCACTGGGAGGGGGAATGAACTGCTCAGGCCATCTTAGGTGTTCTGGAGAATCTGAGGCGTACCTACCTGGTCCTGACCAGTACTCAGGACTACACGATGTTAGAATGAGTTATTCAGTCTGATCAGTCATGTATCCCCGACGACAGGGCGTCCGGACTGCACACATTCGCGCTTCCATTTTTTCCCGACCCGAAATGGCGGCCTGCCTGAGCCCGTGACCAGTCAGTTTGTAGGGTTCACCAGGCCTGATTTTAGGGCAAGGATTCGCACAACAGAAAGATCCCGTTGATATAGGCAACCGCCCCTTTCGAGCTTATTGTCGCGGTGTGTTATCTCGGTCGGTTGTAGTAGTAGGTGTACATTTTCTTGCTTTTGGGGGTGCTTTTATCATCAACACCTGTCGACGTCATGCGCGAGCTGGTTCGTGATGCGGTCGTAGAGTCAGATCGGTTCTCTGTAGCTTGAGTAGTTCTCGGCAAGCAGTCACCCCACATACGGATAGTACGTTCTGCCGCTCCAAGGTTAGCCCTCGACACCTCGCCATATTGAGATTCGAGTGCGAACCCTGCAGTTTATTGACACAGGAGCAGGCTTAGACTTGAATCATCTTAGCATTGTTTGCCCGAGTGGGAGTGGCGCCCGTCGTGAACATTCTGTATTTCTCTCCTTCCAGATCGGTAACAAGAGCTTATATTGAACGGGCGAAAGTAGTCAGGCCGCAAATTTAAAATGGGACTTCCACCGCTATCTCTGTCGAGGGCGAGAATGTTGTAAGAGAAGAGAAAATACTAGACCGTACCTCGTATGGGGCGCGTCCTCGACTAACTGCGTAACAGCGGGGTGAGTCACTGGGTGGATTCGTGATGTACGCTCTGAGCTTATCAATGGAGAGCCCCCAGATGGTGTCACGCCTGGGAACGTGCCCATGAAGAGAGTGCTACTATAATTTACACACCTTAGCTGTTGAGAGAAACGCTAACTGTATTTCAGAGTAATGCTACCGGGTAATCAACTGAACAAACGGGTTGGTGTTGAGCAACCGCTTGGCTGACCTGTAAATTCCTAACGGCCAGGGTCGACGTCGCGACCTGGCACGGCCTCTATCGAATCGGATTTGTGCGTTTCCCCTAGTGATAGTTTCGCCCGAACAGGGATCGGCAGCGTCAAACTACCAGCATGGTAACCATAATCTATTTGGACGGAGCACCGAGTTCTTGCAGAACCTAATTATCCGCTGATGTACATGACCATTCCCGACGCCGGTGCCTTAAGATGACGGCCCAAACATACTACGTGTACCTCAATAATGCAGGCAGAATCTATTCAGCACTCGTTAAGCGCTAAGGGACCCGTCGTTCACTTTAAACGACGCTCGAGTGGGTGACGCATCTACTCATGGCGTGTATCACTGGCTAGCAACAACTTGGCTGTCATCAACGAGTGGGATACGCGTCCTCCATGCTTGAAAATACATGCGTTGATTACCTTCCCAGGGAAGGCAAGAATAGCAGCCGTTTTTTCACCAACCGAAATGCGACGTCTAATCGGCTATACGAAACGTTTGCGCCTA,1649,50.82,Mus musculus
SEQ_817625,GAAGCTCCGCGGGCACAGAAGCTCCATAAGCCCTTGCCTGCTTATTAGAACACCCACCGTCGTCGTCCACCGGGGTGTGGCAACTTCTACCGTGACCTTGGAGGTCGTTCAGGACACTAGGACTCGAACTTCGGAATATTTGAATGCGTTGAAGCAGCCCAAATGACATAATCCAAGTAAGTGATGGGAAGCATTTAGGTCGTTGATGTAGTCGTCCGCGTCGTGAGCCACGCCTCTACAATTGTCCACCCGTAACTCCACGCGTCCTGGTCTGGGGACTCAGTTCTGCTACCCCTACACTCTTCAGCTTCGACAAAGCCCGGGGATATGACTAAAAGTACCTACTCCTATCATCACCCAAGATGATCGATTATCTATACAATTGAATTTCTACTACGTATGCTTGGATTGATGGTCAATCGGAAGTCGTCTCAAAGTTTTGACAGAGTTCTACATCCTAATCTAGCTTAGTAGAGTATTCATAAACCCACCTTAGTCTCCTACCACATATAAAACACCACAGAGCGAATGGTTCAACATGCTTTTACTGAACAAGATCGTATCCTACGGAGGTCTAGCCCCGAGCCTAAAGACGATATTCATGAACTTGCGGCCCTCAAGGCCTGATGTTTTATCAACTGATACCGCCGACAGATTGATTGAACTCCCAGCATTGAGTGATAGGTGCGTGATTGATGCCTAGTTATAAATCACTGGACGGGTTGTATACCACACGGGGGTGCCATTGTCTGCACAAGCGTCCCGTTAAGAGGCTTCCGCGAATACCAAACTCGTTTCCTTTAATAACAACTATGCGAAACAAGGCCAGCAGTAAGGGTATGTTGCAGCACGGTATAAGTACAGGTTAATAAAATCTTTCTATCCCTTGCTTAAGTCTTCGCTAATCATTCGATGTGCCATTCGGCACATGGCGGAATTCTCGTAAACACTATACACTCCGATCAATTGCTGAT,974,46.71,Homo sapiens
SEQ_557905,AAATGAACAGAGCCCGCCCATACTCCGCTTGGAGGCTTAAGACTGAAGCACAACAAGAACAGGTCAGGATAGGACTAGCGTCTCCTTCTGGCTTAGATGAAGCTGGGCTAAGGGCCATGATGTAGGACTTGTAAGCCTGAGGGCTGAATGCCAAGTTAGCGCACCCGCATTCGGACATATTCCCGTGGTGCTCGGTGTATACTATCTCCGCCTGGTCTGGATCATGGTTAAGTGTAACTCACGTACCGAATTGCGCGAGCATGGCGTCCCTTGTGGGGTTGGAGCGACGGTAGCTGAGCAACTAGTACTTGGCGTGCGGGCCTTCGTCTTACACGCATACCTAGTGAATTTACTTAATGGGTTGATATTCATACGACTGCCGATTATCTAGAGACGCCTCGGCGTATACCAGAACAGCGAGTTGATCATGCTCTGAACCTTACACATCCGCCTGTGTTACGTGGGCGACGAAACGTCTCTA,481,51.77,Arabidopsis thaliana
SEQ_189365,TCTTCCTACGTATGTGTAAGGGAACATTCCCGCCCGGATCCATAGGTCGTTAGTTTAGTGCGGTGCATAGGTAGCGGTCGAGTGGCTATCCGATGACGGATCCTTTGACTCAAGCGGGCCCCCACTTGTTCTATGACGCAGGTAAATCCGCTAGGGAGGTGGCCAATCACGCCCCAGTGGTTTGCACTTCGCTTTCCTTTAGTTTCACAAGGAACGCACAATGGCGAAGCCATCATCGGCTTCTTCATAAAATGGTATCCCATCCCAACCAGGAATAGTCATTGTTATGAGAGGTCACGATAGCAGGAGAAGTCTAAGCTTAGCCATAACGCGGTAGGTAGGAGGACCCTTATGATACAGGTTGTGCCTTAAGCTAAACAGCATATCGCTGCATAAGGACAGATATCTCCTATGACGCACGAGTTGTCGTTTACAGGGGTTTCATCTTCACTCATCAGCGGGCTCTACACATACGCCTTATCACCGCTTGGTCCAAGAGCGCGACAATCGAGAGCTGTGGATCTACTGTGCGAAGAGCGGATGGCAGGAGGCGCTGACCTTGTTTCTTGGCGTTCAGCTGCTGCTGAGCTGGAATTCTAACACGCTATAGAAACGAGCGCAACTAAGAGGTACTCTAGCCATTCCCAAGTTCGGCGGCAGGCTCCGTCGCCTATCATACGAAGTATCATGGCCGCCGTGAACGTATGGCCGTTCAAGCGGACCTGCTTGATTCTTCTCTGTTCGCATCCCCGGAACGACCACAATAGCATACGTGTATCTGCTGATGATCCCGACTGACCTCTCGTCACCACGGAGTAAATTGGTTCCCTTTTCGCCATTAACTTTAGTAGTAAATGTTGGTGATGGATTAAGACCTCGTTCTCACCTGATGGCTTCATACTGATTTTAGCCCTGATTGAATACATGAAGAAAAAATACGAGGAATTGGCAATGCGAATGTCGGGACGCAGGTGGTCTTCGTGATTTCAGAATGTGAGTCGCGTTCTGTAGTGCTGTTCCCAGGTAACGGATTCGACTCGTGCAGTCCAGGCTCGCATCGAGACGGACTAGTAACCGTCGTATGATCTCGAGCGGACAATCGACAAACCCATCGTGGTCAGAACATCCTTTGAGTACACGTGATCGCGGCTTTTTTCAGCGATCTCTACCTAACGCATAAGTCTTCAGGGACTTCGCTGTGTAAGCTACTATGGCGCGACTAAAGGGCGAAATGAATTGATTCTTTGGGTGGTGTCTCGTACAACCACGTTTGGCTTCCGACTCGTCTGCCGGACATAAGGCACTAGTACTGTCCCTTCTGAAATCTGCCGAGCGCTTATGATTTAAGACGTCCCTTGTTAAAAACAGGTATACGTTGAGCCTCACGTCACCCCGGTGAGCAGCACACGAGATACACCACGCATTGTTGCTATCTGAATAGACATGGTCCCAGTCCTGTTGCAAGGCGGAGGGGGCAGGGATTCACGTGGGGCTTGGAGAGTTAGTACGGAATGGCCGACAATACAAAGGTTAATCTTGCCCTAGTTTCTAATATCTATATATGCGCGAAGTCGGGCCCACGCGGCTGAGAGATACAATAGG,1602,50.19,Arabidopsis thaliana
SEQ_742934,TGTATGAGATTTGATTCGATCCGGATACTCCAGGGTCCCAGTACCCATGGGGGCGCCATGTTCTAGCATACCCATCTGGACTTTTCCCATACGACTGCACATTCGCGCGGCCCAATGATATCCTAGTACCTGGACTCGGACAGATGCTTTAGGCACTTGGCTAGGTTCGTTCGGTTCGCACGAACTAGTTCCGAGGACGCAGGGAACAACGCCAAGCTAGGGTGTCCAGAGACAATTTGCATGGACCCTTGAAATGTCGGGCTCGCCAATATTTAGCTGGCGGGTGTGAAAGAGAAAGGTCGAAAAGAGCACCGGTGTGGTCTGCTGATATTGACAAGTCGATATGCTGTCTCTCAGACGTCGTTGTTCCGGCCAGTTCGGCCAATTTAAGACTGCTATGCGAATAATCATGTCGCTGGCCCTCATCAATGGAGACGCTTCAGGTGGCGTTACAATTTACCGGTGAACTTTGCCATACCCATTCCCATTTCGTGAACTGAGCGCGGCGGGCCGAGACCCCGCATCATTTGAGTCATATTCAGTTTAACAGGGGCTTTGATTCACGCCGTGCTTGGGAGATCCCAGTAACAGTCCTATTACCGCAATGGACAAAGAATAAGAAGAGCCCGACGTCTGCAGACATTGACGTGTCTATGGCGGAAGAGGTCATGCGACCCATTTCCACCTTTTGGACTAATCGCCACAGACAACGTTAACACTCCTGCCGCGCTAAGTGGGAGGACCAGGTAACCCGCGCTTCGAAACATCCGCTGGTTGGGTGATCCACAAGGGTCTAAACGGCGTAAGAACTTGACAACGACTCTCGCCGCCAAGTTATATGTTTACCTGAGGAGAGGACTTCTAGGTTTCGTTCTATAGCCGAAGTCCGACGAAAGGGCGCTGGCCTGATATCACCGATCAATTATACAGTACTTGTTAAAGAAAAGGTATGACTCTCCATAATGCCCCGGCGCTCTTGCATAGCATCCAAACCATTTGCCCTTAGCTTGTCGAGCAGGAGGATATGGCGCAGCCGCAATGGTCTGACAGAAACTGTCTAGGAGAGAGGCGTGTTTCCCTCGAGGCCTGGAATAGAATGAACGATGCCAGAATTCGTATCCCAAAACACAGTACCTAAACGAAATCGAAGCAACTGTGGATCAACTCCGGAGTAATTTACCAGAATCGGGGGTGTTTTAAGCCCATACCAGATACAAGTAGGGTGGCTGGGACACGGTTCCCACGCGCTGCCCTCAAGTCACGAAGCAGCATACTGCCTCGACCACAGCGAATGGATGGAGTACGTAAGATTCGTCGCTTACGGACCACCAGGGTTATCATTTCCGCCAGAAATAACGGGCGGAGGCCGGTCAATTTAGGCTCCCGAAGCATAGCCGTGGCCTCCCAAAGGGACAGCTTATGGGGTGGGCTCGCGCTACTCGCCAGTAGATCTATGAGCAATTAAGAGAGACACGGGAGCTATTACAGACACGTCCCATCATTCGGTCCTACGATAGATTTACATTTACGCAACAAAGTAGTGGGAAAAGAACACAAAGTCAAATCTTGATGCTTTACGGGGCCGTTATCTTTCCGGCTAGCTATCATGGGCTGATCGCACTAGCCTGGTACTACGTAGTTGCTTTGAACCTATCACCTATCGGTATAAGCAAAGCGCGGTTTTGTACCTGGTTTATGACTCATACTCTCCAGGGCTTAATACCAGTCAGGATCGTGTAGCTACGATCAATCGTCCTGCCGCAGCGAGAATCGATGAGACTGAGACGGACAATTCACCGCAGGCCGCAGTACGTTTAGTTCAGAGCAATAGTCAAGCAGTTACCGAGCACCAACGACGTGGGGGGCACACGGGGGCGGGTGGAAAAATGACGCCA,1895,51.24,Drosophila melanogaster
SEQ_891523,CTGCGTCAAATCTACATCATCGGCAACTATCCAACCAGGGTAAGTCAGGTACGGAAAACCCACTTTCCTGATTAAAGTGGATCGCCCCAAAAGTGTTAAGATAGA,105,44.76,Mus musculus
SEQ_484329,ACCCATTCAATCGGCTAGTGGCAGAAGTAAGCCAGCTGATCACCGAACTAGTAACTAACAAGCCCGACGATTTAGTAGCCCATTCAGCAATCCCACTAGAGCAGCCTACACGACCGCCTCCGTCGCAAAGCACTCTAGCAAGATCAAGGATCGAGTCGACCACAGTGCGTGGTTATTCATTTGACGCCCTCTTACGGACATAGACTGTTGTGTCGCGCGCACCGGGGTTGCGTGATCACCGGGCGAGGGAGGGAACAAGATTACCGGCTCCATCCTGCGTCTCCGGTGTTATCTATGCGATCAGTCGTCTCAAGTTCTGTTACCCAACGTTATATCGCGTCGGTTAAAAATGGCACTCGAAGAGACTTACATAACAATTTTTCCTCCCCGCTGCGCCGCTCAATATACTATCAGAGTTAGAGTCCTGTTGGCCCTTTCCGGGCTCGGTCATCCAGAGGCTGATGATATCAAATGTAGAAGATTAGCTCCTTGGTAAGGCTATCGCCGCCTGTTCAGTCCATGCGCAATATACGCACACGTTCAGACGATAAAATATCTGTTCACGTCGGGTATTAAAGCTTGGGTGCTTATAATAGTGGTGCTACGGGGACTCAATGCATTCAGAGAATGTGCAATTTATAACGGGTTATCCTATGCGGCGTGTATAAACTTTACAATGGAGAATTGCTACGGAGGAAGAGACGCCGTCCAACGTTGCTTATCGTGGGAACACACACACTACATGGTAAGGATACGAGTGAATAACGGGCATATGGAACTATCCCTACTGATGTCGTTACACGCAAAGTGGGACCGTCTGATTCTTGAGTTAAGGAACCAAGCGCTGGAGACCACAAGTATTGCAAGGGGCTACTACGCGCGCAGCCCGTTGATGTCCATCGTAATAGGATTAGCCCGGATTCAGTTCGGCACGCAGAGCCAACAAACTGAATGAAGAGGGAGTACGCCTTGCTCCTGCACGAGGGCCAGTCTAGCGCACGTTGAACGGACCTCGAGCTACTCGGTTAGTATTTACCTTAGAGTAGGCGCAACTGACTGAACTGCTGGCTAGCTGGACTAAACATGATTTCCCGTTGGAGATGGCCGGCGGACCTATACTAAGAACACAATGTGGTACTAGGACTAGGAAGCACCATGTCTGACACAAGCAAAGGGAGATCTATCCCACGGAATGACTCTGCTATCAATAGATCGAGCTTAGATTACATGCTATGTAAGGTGGGTAGTCCGCTCCTCCGCCAGCGAAGTGACACAGCGAGCAAGTCATTAGCACGTATCGTCCCGTTGT,1309,50.04,Drosophila melanogaster
SEQ_531345,CGGCCCTTGTTCCTACGAAAGCCAAACTAATCATCATCTGTCAAAGCGGTAGGGGTTGGCTGCGATTGGCGGAGATAGGTGTAAAGCGCACACACCCGAGTTACATAATACTACATTGAAGCTTTCCTATTTCCCCCAATTAGACGAAAACACGTCTCAAACGACTGTAATACCCAGCATGAATATGAATCTGTCTATGTCTCCTGATCATAAGCGCTAGATTTACCCTCGGGTATGCGCATGGAAACTTGCCGAGGTGAAGCTTCTGCGAACATATGAGTAAAGCTAAGAAAATTGCTGACTCAGCAACCCCGTGCCACACCGGATCGTTGGGGGAACGCCTCGGGTTCAATCAGTGCGATGGCACAGGGATAATTGGCATATACAACCCCTGACAAACCTGGCCAAGGTGGACAAAGTATGGGTCAGCCTCACCCCTTCTTTGTCCTTTCAAGTTGTCCTCCTGTAACTTCTACCATAGCTGTGCTTAGGACGTTAGCTCATGCGTCCCTTTACCTAGGACAGTAGTTCCCACTCGCAGATTCTGTTATGTTCGTCAAGGTAAACGTGTTGTGCCATGCTTGCAACATGACTGGACCAACGTGCGTACAGGCTGGAGCTACGTGGTGCGGCATTGGCGACAATCCGGTGCGAAACCTGCTACTTACTAGTTTGAGCATCTCCCGTTAATAGAGTGAAACAAAGCGTCGGGCCCCGTCGTATACTAAAGCATTCCGCCAATATTAGTACGGGTACCCGGTGACTGAATCCCCGGCTCCTTGAGAGATGGCTGATCTGAAACGACCTGATATCATTTCCAATCCATGCTTGAGATAGAGGAGGAAGAAAATGGCTCCGCTATCGGCTTTTTACGGTGCACCTGTGCACAGTACCATCCTCCTTTTCCGGGGGTAGGTACTAATTATTTCTTACACTTCTGGATCAGCATGGAGCTACACCGTGCGTCATGGTTGTTCGCATTCGCCCGACCCCTTTTAGCCGGCTATCGCGGGCGGTGGAGTACAGACCCCAACAATGACTGTCTACTCCGTGACTCAAGGCACTTACAGAGCAGGGAGATAATGGTGGCAGAAT,1095,49.86,Saccharomyces cerevisiae
SEQ_563219,ATGGAGGGGATGAATGTCCTCGTAAGGGAAGAGCTGATTTCGCAAGGGAGGGCGCAATGTAGAGCTGGTCCGAGGGACTGACTACCCACGGGGGGGCCACCGAGGTAAGCGTAAGGAGGGATAGGTTGAGATGCCCTCACATAACATCTCACAAGATTTGCCCAGCTTGGGGATCACACGTCATCTTTCGGCGCCAACGGACAAACATAAGTGGATCCGACACATCTTGTATAGGGTGGCAGCGGTACAACCGCGCCCGGTCCACGATTTAAAGTAGGGGAGATGCTGACACGAAGTGCAAGAACCAGTTCGATGCGCACCAGCAAGTAGCGACTATCGCCAGGGTCCATGGAGCCTCAAAGAGCGTTTCGACAAGTCGCCCTGGCGACTACAAGCTTACGCGCTAGGCGCATTCCAGGTGCAGAGCCGGACAGCCTCTTTACATTGGTATCGCTTACCTCCGCTGCGGAAGTTAAACGCTCGGTGTCGTGCTGTCCATATGTGACGTTGATTGGATTCTACATACGTTAGTGCTCGGTGCGTTTGCATAATTAAGCCGCAGTGAAATCGAAACAGTTGCAGACGCAAGCGTCGAAAGGAGTCATATCCCAGCAAGCGGTAGACAACATCCTCGATGTAGTTTACTCGTTATGAAAGGGAGATACAGGAACGCAGTAAAGTGATCCCCTTCCCTTTTGGACAGCGTAGTTGCCTACCAGTGTACACGCATGCAGCTAGCAACGTCCGACGTATGCGTACCAGATAGATTAGGCGCCATCGCAGGCTGGTCGATCATGAGAGATCTAGTCATGGTGCTTGCCCAGGTAGGCGGTCTAAGAAAGCCTGAGAATACAACAAAGACCAATGCGTCATCCCGGCTAGTGAGCGCGATAGCCCTACCGGACCACGCTAGAATAGGTCACCTGATGAACGGCCTTTCAGAATCGTCGGAATAGGTCCTTCCTAGAGCAGCCCAGGTTGCCGTCACACCACGACGTAAGTGACCAACTCCGTACCGTTCACTTTACCGTGGTCCGAGTCGGACAAATCGCCTAGGTAGGTGTACCTCTTATCGTGTTGACCTCTCCCGCTTGAGGAACCTAGTCGCGGAGGGCTCAGGATCGACATAACCACTAGTAAACAACCGCACGCACTGCATGGCATTCGCATCGTACGACACACACATAGCTTTGGAAGTACAACCTGCGTCAGGTGGATCGACGTACGAGCTATTATACCGCTACCTGTAGGATAAGGGTCCCCTCAAACTTATGTTTCCTGTCGGACGACTACGACTACAACTTTCAGAGCCCAGGGCCTATCATCATTGATGTCGGGACACGTCCCGGTGATACTGGGGCGACTGAGTTTATGGTCGCCTGTTTCAATTTTACAGGAGGCATCCGACAATATGTCCT,1418,52.82,Homo sapiens
SEQ_439989,ACAGCTGAACATTCTACCACTGTACTGTTGTATCGGGTCCTCCGGGGACGTTCTCAGACAGAAACATTTTGACTGGACCAACCGCGGAAGAAACGATTCGGAACACTGAAGTGCTACGTGACAGGAGTGTCGCCTAAGAGTCCTATATGCCATTCGCGAGATTTTACACGGCGTTTCATAGTCTCACCCTATCGGAACCTAGCTACGCACAGACGCCACTTACGGCACGTTCAAGTTCTAGCTCCCTACGCGACTGAGTATATATAGTTACCGGCGTAAGCCGTGAATTCCAGCCTGAGGCAATTTTAGACAACGTTTGCTGGGGGCGCGTCGTGTCTCATCGATAAATTTCCTGGTTTCAAGAAGCCCGGGCACCAAAGCCCGGATATACAATGAGAGACTCAACTGCGTATAGCAGGGGCTACGAGGTGTTTGTCGTGACATCAAGGGCTCGAATACTCTGATCTATAATGTATCAGTTCGTAGTGTTCATCTGCTTTTTGTCTTTAAGGCTTACTCATCTCAGGAACCGCTGTCCCACACTGGAACAATCATACAACCTACATAGCTAATGGTAGTACGGTGGTACTTATGTGAGGCCATCAAGCCATTAGGCGCCTTTCGCAGTATTAGGAAAGTGACTACGGAGCAGCGCGCACTATGCAGGGTTATAGCGAACCGGACTGGACCTGAAACCGAACGGAATGGAGGCTCTCTGGCGTACTCAGGCCTCTTGAATAACAAACTGCCTTGCCGGGTCATCCCATAGTCAGGCGGGTCCAAATGAGGAACCCAACAGTTATCTTTATGCTAAGAGACGCATTTGTAACCAGTCCTCTACGCAATTTTAGACATGAATTAAGCGAGGCTCTGCATGGACACTGCAGATTTCGTTTCGATTCCGATCGATCACACCCATGCCTCTCTCTTTTAAAGGCGGTCCTCGCTGAATGTTCCTCCACATTTCCAATACTGAATGGACAACACTTATACGAACGGCCTTCCGCAGTTAGTCGGTTTACGGTAGTATCGGAGGGTGGATCCACTAAAGAAGCTACATGGAGATGATCCATTTTCACAAGGTCCTTTCTGCAGCGGTAGGGAGAGTTTCCGCGCAACGATGATGAAAGACGCTAAAATAGGCGAGCTTAGGATCGTAGAAGGTGTAACGCTCGGAGGCCATCAGTTGCGACGTCCGGATGCCACTCAGTCTGCGGTTTTCTGGTTTAGAGTCGCATGTAGACCCACTCCCGAGCTTCGTTGCAGGCATGCTTGTCTTTTATATCAGGTATCTCGGACAAGTAGGATGTCTTTGCTAGGGTCTTGAGACGTCGATAATTGAAGATATGACGAGACCCCAGAGACCATGGGGCAGTAGGACCTGGGGCGCTCTAACCGTCGGATGCCCTTTTGCCACTTGGACTCGCACTTAACTCCCCCGCTGAGATACATATAAAGTTGAACTCGGCCGACCTTTCCGGAGTTGTTGAGGATTCGTGACTCTTCACCTCTGATGGCGCCTCTGTAGAAAGAATCGCACTAGCCCTTGGACGATCAGAACTGCCCCGTTTACTCACAGCTTGTAGCACCGATCGTAAAGTAATGGAGACACTTCCTTCAAAGGGCCTTCGAAAGCGTATGGTAGTTCAGTACACACGCTTAACATACCCAGCGCGCCTTCGATGTGTGAGGGTATTGCGGCCAGCGAAAACCCCGGCGGTCCCTGGTGACGATTGAGCTTCCTCTCAAGTACTACCCCAAGCAATGCAACGGAAGCAAGATCCGGCATTAAAAACGCCTTGCGCAAGGCTTAAAAATTTTCCTAGACGGCGCTATCATCATTTAGATGGTTTCAGGTCTCCGACCAAGGCCCGCATTTAGGCAGTTTTGGTTTTGAAAACTAGAGTGCCTAAAATAACGGGATCCATATTCAGGCATCGACTAAGC,1947,49.61,Escherichia coli
SEQ_774247,TCTATCATAGAAGCCTGGTGAAGGCTATGCTAACAATACCCGATGATGCAGAAGTCGTTAGTATGCTCTCAATAGTAATCCAGTGGCACGGTGAAGGACGCATGGGTGGGCGAAGCCAACCTCGCCGGACGCATGTCGGGGCATCATATCATAGAAATACTGGGAAGCAGGCGCTAACCATTTCGGTGCGCGTAAGGGCGTCCTGTCATGGCACATGCCAAAGCCTCCCAGCAGGTCTTAAATTATCATAACTAGACGTGTAACCACTACATGGGATCTATCAAGCTTGCAATGTTTTTTAGATGTCTAATTCTTAAATCTCGTTACACCGCGACATACCGAGTCACATCCCCGAGTATTCCTCTTTCTTGCGGTAAGACCCCCTTATTGTGGCATTTTGATCAAGAGGTACTTGGAGCCTTGTAATCGGATCATCGTGTGTGCTACCCTGCACGTCGGCGCGGGTCGGCGTGTTTTCGAGGCTGCGCTGGCGAGTCGTCCTTCTTCATTTCGGCGAGGGCAAAGGTGATGTAGTATCAGTTTCGTTACCTTCGTCCAGATCTTGGGCGACGTCTCGCAATGCAAAGTATACGACCAGCCGACGTTTTGGAGGTCTCTATCGCGTGTAGGTTAGCATGGTCTAAGCGCCGAAGCATCCGTGACTAGACCAGTAAGTAGCGGCGTAGGAACGTCCATCTCTCATAAGAAAGCCGCCTCCGTAGTGCGGCTCTTAGCCGAGTTTTTAGTCCACAACTTAGCTTAGCCCGACACTTCGTATGAAGATTCCCTGAGACGTCGTGGCGGCCCCTTCACGATTGATGTACGAGCTATTGCCCCATTGACGCATAGCACTGT,855,50.99,Caenorhabditis elegans
SEQ_984334,GACATGGGTTATGCTCTACCAAAGTTGCATGCCGTGAACAGTATCGGACTGTTGCGCGGCGTGATTATCTCACTTTCTCATAGTCCTATCGGGGGACAATCGAATAGATTCTGCACGGTCGGCCACGGGGCTGTACCGTCCGTGACGTGTTGAGTCACAGTTTCATATGGAAAAATAGCTTCTCCGACGTGATTTAGACATCCAAGCATTTAAATGTCTTCAATCTTCGGTGATATGGAGTGCTTATGGCCGGCAGTGCCATGATCATGGGCTCGTCGCGAAGGTCTACTCCAACGAAGACTATAGTAAGGGAGCAAAAGTGGATGTCCGCATGTAGCTAACACCGGTCAAATTACAGGATTTGATGCAATCGTATGAGTCGGTCTCTAGGAACTTTTGCGTGGCAAGACCTCCGATTAACAGCGTGCCCCTCGTAAACTTGGGTCGGTTCGCTCATGCCAGTTTACCGGCTTCCACACTCGTCCCGGTCTAGTTCAAGATACGCTATATCGCTACCGGTTATACCTGAACAAACGGCACTGTGAAGTAGATATGAGTTTATGTGGAACCGCTACCGAGGTACTATGGGCTGTTGGATTATCCAGATTCCAGGGCCCTCACATCATCATAGGCGGGACTCGGGATCGCGTAAGCGACACACATGGGATATACATTCTACCCTACACATCCTACCCGCCATCGACGCTACCGATGACGAGTCCGGGCATGCTGCAAAAGAAGTGCGTCGACAAAGCCTGAGAATCCGA,767,50.2,Saccharomyces cerevisiae
SEQ_950071,GTAGGGAGTATCCTGTGAGTCTATAGACGTTTTTCCCAGGTTGAACCATTTGATGTCTCCCTTTGACCGTCATCGGCTTTGCCAGGGCCCACTGTTGATCACTCAGTGGTATAACGGGCCTTCTTAATCCTGGTAGACAAACCAATGGGACCATAACGTAAGGGGCTGACTTGATAGAGCAGACACTTAGGCATTGGTCGAGTAATCCCTGTCTGGGGGGACTTATAGGGCAACGCATTAACCCCTAGAGTGCCTTTTCTAGTACGAATAACGTTCGAATACCCGCTAGCTGTCCTCCTAACGTCCCCCTTTTACTCTTGTAGGCTTTTAAAATGGTCCGACCTTTAGGTGCTGAGACCGGTAAGCTTGCTGCAAGAAAGTACGCCGCAGGTGGGTGGATTTCGTTTGACTAGGCAATAGGAGCAAGCCTACCTGTTGCGTAGGCGGCTTGGTATCCGTTCGGGTTAATTCGTATCAAGTCCCCGCTTGCGAAAGGGGTCTGCCGTGATGACTGACGAATTACTTGTGCTCGTCTGACCCCAAGGGTTAGCGGACCCAGGATCTTCGGGAATTGATTGAACTGGCAACATGCAGGGTAGGCAGGGGCGCCTCGCTAACCCTCCGTAACATCTAAACTGGGCCACCCTTCTTAAATGGCCCACTAGTGCAAAATTTCACTTGCATCAACCAGCAGTAATAAGTGAGAGCGAGTCTGTTCGCGTGAATCCCTCCAGCCGGCCTACCCTACTTCATTTCGTACACATTTCTGCTTACCTTATACCGAGTGCTTTTCGCGGAATTACAGAAGCGCGCTGAACCAGGCCCGCTTCAACGCGGCCATTACTGTACTGGAGCCTCTCCGGATAGAGAGCCTCGGTTAAACAGCTCATCCCAAGTTAACGCCCGCACTTACTTGTGAGAGCGGCGCGTTCGACAGGACGGCTGGTCCGCTGCATCAATGCTAACTTGTACCTTAGCACGCTCCAAACGTGTTTAAATCACTCAGCTATTCGCGCATTTTCCCTGGGATCCCGCCCACAGTCAAGTACAGCTCAATGCCTTTGCGTAGTAGCACGGTTGCGCTGCTGTCTCGGAATTTCTTCTGGCTCAGTTAACCCTGGATGAGTCTGGGTGATCTGGGCCCTCACGAAAGCTTGGTGCGAACAATCTTTTGGGAGACCTATAAGGGTACTGGTGCTAAACGGAAATCATGATCTCGCGGGGCGGGTTCAGGCCTAGACGGTCGCAGAAATCGAACCCGGTGGACTGT,1270,51.97,Drosophila melanogaster
SEQ_932181,AGGTCCCGTATGCTTGAATACTTGGCAGTTCTCACGAGCAACTTTCTAGCCGCTCCCGAATGGATTAAGGCTGTATTTAGTAACAGGATGTCGTTATAATAACAATTCAGTCCTTCTTTTGGTGTAACCGACTACCGCATATATGGTCGAGATCTGGGTGAGTAGGAGACCTACATGATACAGAGACATACTACGCTAGGACTGGCGACGTGGAATAGGCTTTTTAGTTAAATACAAAGATTCTGTCTGGAGAGAGGTCCGGAACGCAACTGAAAAAGCAAATATTTTTGTCTCTATTGGTATACCCTCATGGTGGGGTTATTCTTTAAGGGCACCCGGACTTGCTTAGCGTCTTTCACCCCCCATTTCAGATCCCGGAGGTACAGTTACTACAGGTAGAATCGACCCACCAGTGTATCAAATTCGACCACCTCACACCGGACAAGGGGTAGAGATGTAAGAAGGGTGCTGCTCCGGCGGATGTCTAAGGAGTAACTCGATCTACTTACGAAGGTGGCTGTATGTCGCTTACCGTCTGCTGGGCGCGGTCTCTTGTGGGTCAGCCCTCCGAACGGCAGGTCAGTATGACCTGATTGCAAGGTATCTGTGCCTCGTAGGGGCCGCACTACATAGAAACTGAGGGACTAATCGCAGTAAAGAGCCCGAGAGTGTGCCCTCGGCTTCCATATATCTCGACGCGTGACCATTTCTGTTAGACTAACCTAGCCGGGAGTTTGTACGTCACTGTGCACACAAAAAAGTGTATCTGGAACCAAAAAACTTCGTTAGACAGTCGTACTGCGCATATCCTCTCATGTTCGCCCAGTCAATGACAGCCTTTATTGTTCTTTGCCTTCCAACCAGTGTATTGGCGCATTTTGTTATCTCGGCGACGGCCGCTCCAGTACCTATGCCACTTTATAGAGACAACAGACTCTCCTAACGGTATACTGCACCTTCGGCCAGGACAACCATCTGGAGCGCAACCACGTTTGCGGGATAAACTGCCCTTTCTAGAAGGCAATGGGTACAAACAGAGGATTAGCCAATAGGCTAGACCCGCAGCAGTCCGAAGAAAGAGCCAGCAAGTCTTGGCACGTTGCACAACGCGATTAGGTCGGACTGACTCTCCGGCGTCAAACGCTCCCTATCAGTAACAACTAAGGTCCGGCATCACAACTTCGTCCAGACAGGGGTATCCAAGGTAACATGTCTCACTTAGCTCGAGCACGCCCCTGACTATACGGGCTAAAACATTGCACAATTAGGCAAGCTGGCAGCTTACATTGGCTACTAAATGGCTAGTAGACTGAACGCAGGCTAACGGGTGTCTACCCCTTTTGGAACCCTTTAAGCATAGACGTTGTAGCGTATCAAGTAACCGATAAGGCCGTTATGGTGCACGGTTG,1409,49.25,Saccharomyces cerevisiae
SEQ_770647,AGAAGCGGCACAGGGCAGCCAATTCGGTTAAGATAGTTGGCCGATATGCGGTCCAAAATGGCAGACACAGATTCATCTAGACCTTCAAAGCCCAACATCCTCAAGGGTACCCGCAATCGAGGCCATAGCCTCAGCGTCCCCACCCTACAGTTCTTGCCCCGATACTACT,169,53.25,Mus musculus
SEQ_529705,ATCTGGGGTTTCGACCAGAGCCAGTTCGCACGTAAATTCGTCTAGCAGACTGACTCTTCTGTGGCTACGAGTATCTGCCGCGAGCGGAATAACCTAGCCATTCAGATCTCCACTACTCAAGATCGCTTTTTTGTCAATGCCCAAAAGAACCTAGCAATCGATATCTAATCCGATGTCGAAATCTTTCGAGTCTCTTTACATCATTGGGGCGGGCACGCACTCCAAACAGGTTTGCGTCTGGAGGTACACTGGCGCCTTTTAAGTGTCAGCAGGAATTAGGCTATGCGCGTGGTTGACGGCGTGGCACCGGGTCAGGGCTACCCATTGGGGAGTGGCAGAAGACTACTAGGCGTTAACTTACTTGAGTACCCATTCTGAACAGGTGCGCTCAATGGAACTTTGATGAATATCCGCCCAAATGTGAGAATAGAGTCTGCGTGTCGCGTTGTTAGACGGAGCACAACAGCCTATCGTGGAAAAGGTAGACGGATTGTGCATAAGTCCCATTCTTCACCTTCGAATTCCTGCGGGAGGATAGGAAGTAGCTAATGTCAACATAGGAGGGTACCTGAAAATGCAGACAGCGCACTAGTCAAATAACAGCGATGGTGCATGTCTGGGGATGGCACGTTGATCCTTTGCGGCAGCACACCCCCATAAATTTACCTCTCGCCCTGGTGGTACCTCCGCTGGCCTCCGCGTACTACTGAATTCAACTTTACTTGGTCCTTTTTCCCCTTACTCAACCTATTTCTCTCTCCCCTATTAATCTATACGAGTAATAGAAACGGTCAACAATAGTAGTCTCAATTGAGTCTCAAGAATGTTACTTCATGTGGCCCGCATTCCGTAAGAAGCGAGTCAAGGTCGCACCCACGCTGGGTAACCAAACGCGAATGGTGAGCTCACAGTCGTCCTACACATAATTTTTTAGAACGACCATATGATTCCGGGAGGACCCCCCTAGTCACGTAGTCCTACCTACGAATGGCGTTCGGCGAGTTACATTGGGTGGAGTAGCGAGCTCAAAAGAAGAGTGCTCTAGAACATATTAAGG,1057,49.01,Arabidopsis thaliana
SEQ_958546,CCCCCTTAGGTCGATGCTCCAGCCCATACCCGACCCCACCTACTTGGAAGGGTCCCTTCCATCGGTGATTCGTAGGCGGAATAAATATATCCTACAGTACGTTGTCGGTGGAAGCATTATATAGATCGACTCCAGTTACCCGGACCTCAGTGATGTAAAGATTTAGCTGTGTTAGTAGCAGGCAATCGAATCCCGTGTTAGACAGCGATTTTCCGATGAATCCATCGGTAGGATGTTCGATACGATGGCTTTAAAATCACTATATCGACCTTCGTTAGGAGCAGTTAGCACGCTTATGCTCCGTCGTCTCTGCAATTCGTGAAATCATTCTTTACGCACGGCTAGGGCCTCCCGAGGTACTCTGTAAGGACTTGCACAGGCCTCAGACGCGGGCAAATGTTCGTACATTTATCGTTCGATGCGATCGTTCCGCCGCAGGGTGACCGTAATAATACCTACTAGCTACCGTAGCAACAAGACCCAGCTGGATCACCCTAGACATGCGAAGTAGTCTCAGACGGGGCGCTACACAAATGCCGTGAGCGTACCCCTAGAGCGAGTCAGGCAATCGTTACCATTTGTAA,584,50.17,Arabidopsis thaliana
SEQ_837732,AAGTGTTCTGTAACATAAGCCCCGGCAGCAGAGCAGGGGTTAGATACGTGCTTCCCTTTACCCGTCGATCCTGTTCTCAACGGTTTTCCGAGGTCCGTCAATTAGATAAACTATCGGTTTATGATGAAAGTGGGAGGGCTCCAATTTCATCCCCGCGCGGGCGTCGACGAACAGAGGGGAACGCCCATTGCCCGCGCCACTTGCGAGTGCTTCTACGTTACCACACGTAGGGTCATCGGCATGATCGTACTGGCTAGACGATCGACAAACTTGGCCGGTCAAGGCCGGATTCGGTGTCACTAAATGTGACACCGCGCGCCTGTGCCCCCGCGGCTACAGCCTAGGACCCTTCCTGTGTAGTTGGCGATCTGCCTTCCTAATTAAAGTTACA,391,54.73,Mus musculus
SEQ_199776,CTTGTCCGGAATGAGGCACGAACGATTGGTATTTTGGTCGATCGATTAAACAATGTCTGGCGGTGGCGTAGATAGACCACTTGTGGGTCGGCAGGACAGATGAAACCTGATGACGCGGTGTCTTCGTCACGAGCAGCATTGACAGCGCGGGTAGGTGCCTGGTGTTACATCTCCGCCCGGCCGGCGCCAAACAGCTTTATTCGAGGAGATGCGAGCTCAGCCATAGTCACAGATATTATTGGTGACAATAAAACTAACGGACCTGGATTTCCCAGCACCAGTGGATCAGTGCCGTAGGGACGCTCAATTGCGAGGTCACCTCCCGCATCCTACCACGTTCTGGCATTTTTTCTGCGGAGGTGCGAGCCACTATCTTCTAGCCGTATAGATACTCCTTT,398,52.76,Saccharomyces cerevisiae
SEQ_689219,CTTTGATGATCCGCTCTGACTCAGTCCGGTTGTCAAGAACTATACTAAGACCATACTAGATAGCGTCCTGACCCTCGCAAAGCACTACCGGGAGCCTCTGAAACGTATGGTTCACATATTTGCTTGCTTTTAATCACAGCCACCGGCACACTCGATTTTGGGCTGCCTCTGAGCAGGCAAAGTATCTTTGGGTAGTGGAGGGGCCTTCTCGTACTATATGAGTGAGGGTCGAGGCCAGATCGAAGGATAATTGGTCAAAAGAGACCATCAGATAACAGGGATACGCGAGGCGCGGAGTGAAACAGCCAGCTACTAGCACACAGTTCATCCTAAACAGGACGTTGACTGGTCCCTGCAAATAACGTTAGGACTCAAGTCGAACGAGCCAGCATTACGATGCAGGCACGACCATTACGTTGAAGTTTGGGGGTTTGCACC,438,50.0,Mus musculus
SEQ_375462,TCCGGCCGTTTAATGCCTTTTGTGACTCGTGCCGGTCGCTGAGCCTTATCTAAGAATCAGTGGTTTCAAAATGAAAGTGAAGGATACCGCGAAGATTCCACCTGCGGAAGTACTAGGCCATTGTGAGCCGGACGATCAAAGAAAATGTGTAAGATTTTCTCGAACCAAAGTTGGGTATTAACTAATATTAATCGGAATGTGATCACTTATTAAGAGAAGAGTACTCTCCATTCGTATGCCTATTCTTCCTTAGACAGTAACCATTAGTGCGTAGCTGAGCATCCTACCCCGAAAGATGTTCGAACTCGATATCATGGGTTTCAGAGAACGGAAGGTGCTCTTGAGAATACGAGCAGTTGGTTCCCAAAAATGCGCTCGTCGTCCTAAGAGGATTTACCCCATACGAGGTCTTACATTAGGTTGATTGATTCCTCGGCTCTATATGCCCGTTTAAGTTTGACACGCGTCCGGTGACTGTAATCGGCTTCGGCACATAATCCGAACAGTAGTCTACTACTGTGTTATCTGACCTCCTACAGCGGGTTTGGCGTAATTACGCTAGGTTAGAGAGAGGAGTGTGTCGAATACCACTGCAGAGCATGTCTCTGGCACCAAACGTGCGATAGCAAATCGCATGGATCTGTGCCTGG,650,46.15,Caenorhabditis elegans
SEQ_993622,ACAATAGCCACCCTGGGCAGGCGATCTTTGCGACATACAAAGTAGAATGGGATTACAAGGTCGGGTTATTGCGCCGGTGGTAGCGTATAGAAGCACCCAAGACGGGCTCGAGCATGTTAGCTGTTTGATAGAATGGAAGAGATCGGTTGCGTCGTATCGCTGGGAGAGGGCTATAGTCGTTCAACCAGCTGGGGGTAAGTATGCCCAACCCTCGTCTTTTGTAACCTCTATCATCTCTAGTCTGGCCCATTTAGTGCCTCAGTGGGCCGACATTAACATGCATAGATGTTTTGAGGGGCAGTCAAGAATCAGCACCCGATAGCTTAATCCCTCCCTTGTGGTTCAGACGTTGAGCGAGCTTTAACGGCTTCAAAAGCCCACGCGTTCTCTGTGGACTGTCACGGTCGCTTAATTAAAATAGTGCGCCGGTCATCGCGGGCAGCAACGACCATTTACTCAGCCAAAATCTATCTATAAGAGTTGCTTTAATGGATCTGACGGGATAGTGGACCCACAACAGACGCTCAACTCACGACCAACCCAAGCTTAGCCAAGGAGGCCAGGCCTCAGATGAATGTTTGTGCAGCAAATCCGGAAGATCACCCGATAGAGATTCGCATAATGCGCTAGTCAAGTTGATCCTTACACGTATCGGCGTGAATCCTCATATACTGCCCATAAATAGGGTGGTATGCAGAATCGAGCTGTAACCCGCAACCCGTACTCGCCTTTCCTCATGTGCAACCCGCCAATATCACGTGTCGCATGGAACTGCCAAGAAATGATTGTTTGGGTCACTAATGGTAGCAAATAAACAATTGAAACTGGAACGTGCTACGAAACGAACGGTATTACAACCTTTTTTTAATATAGGGTTATGAGATGCAACTGGAGGTGTAGTCATGCTAGGGACTTAGTGGTAAATTAGAGTTGCGAGGCGGGCGCTTCGGACTTTGACGTCGCTACCCGCCCCCAGCATTGCGCCAGAACCTTCTTTGTAATTAACTACCATCCTATCAAATACTACTCTCGGCTGTCCAT,1041,48.7,Arabidopsis thaliana
SEQ_431133,CAAGGTACCGTGGCAGTTCCGGGGGACCTGAATTATCCTTGAAAGAGCCGCGCCTGCGATTCTGCATTATCCAGGTTAAACAAAAAGGCCCCGGAGCATGTAGAAAGCGCGCATAGATGGCCCAAACGTCGCACATTTCAGCTTTCCGCCTGTGCGTAAATACTTTGTGGTGAAGGCATACGCGCCTACACGCAAAGTCATTATCGATTGAGTTAAGTGCGTGAGCGGTCTTAACCCTGATAGGACCGCGCTCGGGGGTGAGGCCTAGACGAAATAGGCTACGTGTGGTCTTGGTCGAAGCGTGCGGCGGCATTATCGGCGGACAGTCGTCCTGCAGAGCCTAGGATACAGTATTGGATGCCCGTCGTACGCGTACAAAGCGGTGGAGAGGATGTGTAATGCGAGTATTTGTGATGAGATTCCTGATTAAAAGTCTCTCGACAGGTAAACGTGCTGCCGTCGGCCCACGTACTTAGTAGTGTGCGATAGCCCGACGGAGGGGGCAAATGAATCCGTAAAATGGTACTTGATCTGGGAACATCTAAAATCTAACCCAATAGATCGGGTGCGTGACACAAACGGCCGTAGTAATGTCTAACTGGTGCATGGATATGCCCATCGGAATGTGAACGTTACCACTCCTGCTAGAGTTCGAAACACTGCAAAAGCGGACCTAGGAGGAGCGCAGGGGCAGGCCGAAATTGGCTATGGCTGCATACATGGACCAAGAGATTAATCGCCAACATAAGAATCTGCAACGACGACCCAGAGAAGGTTCCGTGGCGAATCCACCAGTGGCAACGTTTAGGCAGCTAGTCGCGGTCGAGGCGCCTTTATAGCGGTCAGTATGCCGGCATGAAGCGCTTAGTCCTACAAATGGGATATACCACCCTGCGTTACCCGGTAGGGTGGGACGGATTATTCTAGTTATACTTGCGTGCCGGTCGGTGCCCCGTGATACAGCCTACACGCCCCAAACGCTCACGCGACTGCATCCCGCGTTATCACACAAGATATAGTGTCTCTCTTGGACATCGAGTCACGGGTGCGAACTGTATCAGCTGCCAACGTGTCTGCTTTCATAAGCTAACTATTATACAACATAAACATAAAACGAGCGCTTTCCATAGTTATATCTCGCGCTAACGAACTCCGACTGACGGGTTTGATCTGAAGTACCAGCGCGTAAACGGCTACCGCGATTCTTCCGGGATCGGGTTTGGTTGCCTCGCGGCCGTGAGGAGTGAACAATCGGTTCAGAAGCGAGTTCCTGTTCGGCATCCCCAAGGTAAACCCACTTCAGTAGTGGTATCGGCTAACAATCTACAGGGTATCCGAGTGGCAAGCGGTGCTGCTCTATTATCGTAGGTTAAAAGCCAGCCGAGGCATAGACGTCGGCATC,1402,52.21,Caenorhabditis elegans
SEQ_821433,CCAAGTGAATAGTGCCACTGGAGCCTTTAGATCGGTACGCTACCCGGGCCGTCTACCTGCTTTAAGGAAAAAGGCAGAAGTCTATGTCTGCAAAAAAGCAGTCCCTGACTGCACACAGCAAGACCAAGACGCAAAGAATAGCATCCGACAAGATGAGGCTAAGGTAGACAGACGAGCAAGCCGTGACAAATCGAACGTCGGATTGTTCGACAACCAGAGGGACCTTTTAGCTAACTAGCTGACTTTAGCAAGTTACTTTTCCTGAACATTGACTTGTCAAGCCCTGTCAAAGTCAGTCTCACCGGGAAACTTTACGGGGTCTTTCCCCGCATTCTGAACGCTACGACGCAGGTGTAGTACAGGCGGCTCAGAATGGGATAAATATAGGTCGTAATTAAGCACGGAGAAGCATCTTGGGAAATGGTCGCGTGTGCGCCCAGTCATACAGGGCCAGCACGTGTATGAATGCGAGTCCAAAACATGGTCATGTGTTAGCATACCGCGATTACTACCGTATAATTCCCCGCGTCGAAGAGGCAGGATTAGGCCCCGTATGTATTTCCCTGCTTGAAGCAGCGGTTTAGGGAGTCCTGCCGCTCACCAGTAGA,608,50.16,Caenorhabditis elegans
SEQ_787839,CGTAAATGCGCGGAACTTCGGGTCCACGATGACAATGAGGGCTGTGACGAACGTACCCATAAAATGGTGCTAGGTGTACAAAGTGTCTCCTGTTTCATTAAATGAGATAGAGTAAATGATATAAAGCATTGATCTGGGGCAGTTTCAAGCTTACCTGGCATGGTTCCGGGTGCAGCAGGGAAATAAGGAGGTCTATGTAGCGTTGCCAACGTAGGGCATGATCCCAAGAGACGGTCCTAGTATTTGGAGTACACCCCCGACAGGGCCAAGGCGGGGTAGTCCCACAGCGAATTAGGATAGGTTCCAGAGTAGGCCACCCTTGAACGCCTAAATACCTATGCTCTCACAGGTCTAGTAGAAATATGTCGTAGCAAAGACGGACATGATCTATTACCCGTTGATCCAAGATACGATCTAATAGTTCTTATACATTTCCGACCTCATATATCCAGTTGAAGGTAACTTAGGTTTCTGCTCTCACCCCATGACGAAAACAGTGATCTTCGCGTCGCAGCACAGCCAACAGCGAACGGGGACGGCTATGAAGTGTACACTAGTCAAATCGGGGAAACTCATCTATCCAAATCCAACACGAGAAAGATTCGTTACGGCTTACTGTACGCACTTGCACGTTCTTAGACCTGGCTACTTACGCTTGTAGTAGACGAATATTCAGCAAGTGTGGGACTCTAAATCGGGGCGTAGTTATCTACAAACTTGCCATGGAATCCGGGGATGTGAGGAGCTTAGAGAAGAATCGCCGGCCTCAACTCCCGACGGGGGGCTTACGGGGTTTTAGTAGCACGATGCGGAGCCACTTCTGAGTATATCTACGTACTGGCGGTATTCGTAACAAAAGTTGCCCGCATCTTACGCCAGGTTGCGTACCATCCACAAAAGCGCGGATTCCTTAAAACTCCGGTACAAGGCCACACACAAAATTCGTAGGTACCCTCCTGTCTACAAAGCGGTCACCGGTTTGTTAAGGCTAATGAGAGCCCGTCCACGCGAGCGTACTTATGGGTGAAGTCTTCACCACTGGGCCTATGCCAGCCACTACTCTAGCCGAGCAGTGTGAGAACTGGGGTGCATCCACGGGTCATACGCCGCCTTATGGCCGGTCGGTCTGCGTGGATAGCCTAATGGCGATATAAGCTATCCCTACCAGATACGCAAAGCTAGCTCCGATGGGTTCCACCCTCAGTGGACACGCGGTCAACGAGTCCTGCCTCGCTGTCATAACAGTAGCTGCAGGGGATAGGTGGCGGCGAGTTCACGGCCCACTCGCGCTCGCTACCGTGCTCGGACTTCACCAGGCGATGATGCGCGCCCTTGCATCCAACGTTCCCCATGGTGGAGTATGCTATTGTGACCGGGCGAGAGGTGTTCCCGCCAAATCTTCTATCCACCCCCGCGAAAATTTAAAGAGCAATAACCAAACAGCCTCGCTGTAGTTGTCCATCGTGGCGAGTTCACGCTCCGTACAGCTTGCTCAGAGTTGTAAGTCTGATAGTGTGGCAGATCCCAGGGGGGGACACTCATTCCATGGGTTAACCGCCGTTTCTCCGTCATGAACTCAGGCCTAGGTTAGAACCGACGATATTGATCGCTGGCTTCTTTTGATTATTGTATGGGTCGTGGCTATGACGAAAAGGTCGCCGGCTTGAAGTACCCATTTCCTAGTAAATAGGAGCATAACGCACATTCTATTGGTTCGATGACTCGTCGTGCACCCGGAGACGATACTGGGTAACGTCGAAATGACTGCGGGCTCAGATTCGGGGCCCATTCATAACATTAAGGACATCTTTACA,1814,51.1,Mus musculus
SEQ_740435,ACAAACCACGACGTGCTGCGCATAGTATACCCTAAACGCCCAAAGACGAAGGGATCTCCTTTTTGGACTGACCAGGTCGTGCTGTGATTCCACCTAAGGTTTAGGGAGGGGGAAAACTATTCACTCTCCCTCTCACGAACTCTTACCCAAAAAACGAAGGAGCAGTACAGCTCTACTTAAGGCGAGAATCACATGCGTTTCGATCAGAGCCGGGCTCAATTCGTTTTTATACCCCCACATCAGCCCCCCAGTACACTTATCAGACGATGGACAGGGAATACGCCACGTTGAGCCGCGACTGTACACTACGTACCCGCATGCATGAAGAACCCAGCGCTGCAAGGGTTGCGATGGGACATAGTGTAGCTACGTCTGGTGCCCCGCCCCAACGCAATATATCTCCGCAGTATAACCCATACTAAACAGAGCCTGGGTCAGCCGAGCCAACGACATGGCTCAGAGGCTGCACAACGTCAGGAAATTTCAGGGAGAGGGCGCTCGCCATCCGATTTGAATAAATTTGTGAACGGCCGCAGCTAGCTATAGCGGACACCGGACTATAGATAAAGTTTGAAATGTCGTGCGTAGGGTTGAGGATCACGTGAGTTTTGATAAGCACAGGGGCTAAACTCCTATGTAGATTCCAAGCTTCTAAGCTCTGTTAGCAATCCTCGGTGTCGCCAAGCGGGCTATTATGTGGCTTTACAAGTCCTAACCACCTTTCCGTGCGCGCAAGTCCGAGGTAACAACCCCATAAAGCCTCTGAGTGAACTGCAGTGGATGTATAGCGCCGCGCATGAGTCTGATCGTGAGGCCGATTAAGATACTCCATGTCCGGTAAGAGCGATCACTTTACAGTCCGCAGCGTCATAGCTCGGCCCCGTCGAAATCCGCACGGTGTTGGTTGTCGCATCAACATAGGGCGAGCCCGAAGTCAGTGGACTCTAAGGAATGACAACTGCACTGGTTTTTATCGGAGTACTCAGGGCCGTGGAATTGTCTGCGTAACTGGAGGTCCCCCTTCAAACGATCCGGCCGACTACACCGCCATACTCTGCGGAGTGATCTCCTCGTCCGGAGTTTACCTAGCCCTCTACAAGACTACAGAGCGGTGACACACTCAACATGTCCCGGGGTGCGTCGGGTAGTCCGGTATGGTGGGTCGTTAATACATTTTCTCTACCTATCCCCGGAGTACCGCTACCGCGGGGGTGTTGAACCGAACAAACGCCGCCCGTTGATCCCAAAGCTGTGAATGTGTGGCTACGGAGGCAAGAAGCGTGGGTCCTACGACCCCTCAAGAAAGTCTTCAGTAGTCACCGCATGAGTGATATCGCGTATAACGCCGAAAGGGCTATACTGGGTCTGCCACGCTAAGTTGTAAATTACCGATGGAGTAGGCTCAATCTCTTCACGCCACTGGTGCTTGACCAGTAGCCCCGGATCAGGGTAATCTGCCTTCTCCTGTTAGTTGTATCAGGGTCCCAAGTCTTTACAAAAGACCATCTTGGGGTCCATAAAAATCCACCCATGTGCTGATTTATGCCGATCGCCGAGGGAAGATTGCTCTCCGTACCGA,1579,52.44,Saccharomyces cerevisiae
SEQ_189286,GTTTCATGTTTGACGGGTCAGCAACAACCTCGCTGGCACTGGTCAGTGTAATGCGGACGCGGCGGACGTCGAAGTCATTCGGTAGGGACTTTCATCTGGACGAATATTGAAGTAAGGGCTGCCTTTGACCTACCAGCACTCATAGGTTTTCTAGCGGGACGGCATACCGCGCGGCTTAAGCCTTCCATGGGCTAGACTTATAGAACCTTGATTCCACGGCCTGTTCATGAAACAACCCTGCGTACTTGCACACGTGAGCTCACCCGACTTGGAGTGCTAATCTGCAGTACGATAGGTCATAGTATTCTGCTGACGACCCCGCTTATACACAGTGTACCACGTAATCTAGCTGTGTTTACCAGAACCAATTCCGTCCGTAAACTGTGGGCATCTAGTCGAAGAAATGGAATTGAGTACATCCGGACCGACGATGTCGTAGCTATTGCGCCCTAGACGACCGTCGGTTTCTGTTGTAGCCGAAAAGCGGCTGAGAATATTGCGGTGGGAGGACCGCGTGCTTCCATGTGCTCGGGTACTGCAGCTACCGAGCCGATATCCCTTCTCAGAGTCAAGTTAAGTTACCTAAGGACTCCATAATGATGCGAAGTAGGCCTAGCGATGCTTTGCTAACACCCGTTGCACTAGCTCTGCGTGGTTATTATACAAATAGCTTCAATAGAACAATTCTTCATGGGGCTACGGTGATTCTATATCCTCTTATTACCTTTCTAATGCTCCTCAAAGACCGTAATAGGTCTTGGTAATACCTGTCGCTTCAGGGAGTTTTGAGTCTGCGCGTTTCCCAAGCACTTCAAGTCGAGTAGTCTAATGCTTTCGCGCGCGAACCTGATCGCGCTAGTCAAAAAATGCTAGAGAAGTTCCAAAATAACCACCAGCGGTCTGCCGATGTATAATAAGCGAAACAGATAGGCGTATATCAGTCCAGTACATGCTCCCCCAGCATGCACGAATCTCTGGCGTATGTGGCTAGGCACGTTTAATAGGAACGACTAACTTGACCGATCAGCCACCTAACATGGGTACCCCACTCACGTGAACATTGGGACGGAGCAGGAAACCCGACCGGGTATGGAATTGTACTACGCCCCTGGATGATTTCCTGCCTATATATGACATCCTAGGTGCATAATAGACATCGTTGACAAATTGACCAATCATCCTAGTGTTGTAGTGGACTGAACTAACAGCCTCCGTGACAGTGGGGGTTGCATTAGCGACAAGTACTCAAGATGATTCATTGGTGGTCTCCCACGCGCTCACTTCATCTCCCGTTT,1295,49.19,Caenorhabditis elegans
SEQ_924739,TTACGGTTGCTAGGGCACTTGGGACCCCCAATCTACGAAAGACTAGTGGCGAACGGCAACTAGCTCTCTAAAGGCCGACTTGTTACGATGCAGATCGGGCGTGTGTATTTCCGCTAGCTTTCGGAGACTCGGATAGGGTTGCCTACTGTAGCCACACGATATAACGAGCGGCTCAAGCTGGCCAGGTCACCATCACACCCTAGCCTGAGTAATCGACCAGAGCCGGTGTACTAGCGCTGAGATCTTGTGTGCTCACTAGTGAAAAGCGGATTCGGGGACTTAATGACCTTTTTGATTGCATTGCTTACAGGACTTTTGGCCAAAAAAATGAAACGTTGAGACCGTCGGAGACGAATATACCTAATTTTTCGACTAGCACGTATCGCGGTTCCCCTACTCTTCCAGAATGGACATCTCGGCAAAAATCAATGTATACCCTTTCCAGCTAAGCACCCGTATATGCTTGTTGCGGATTACTGTGAATTATGACCGCAGTGGGGTGCTGAGCCATCAAGCGGGGGTGTGAGAGCCTTCCTCACCAACTCAGGTAGTCGCTATCGCATCAGTTGCTCCTTTTCGGAAATGCATCAGACACGGACGTGCGCATAGGTTCATTCGGTGATGGCGAGATGCACTTGGACATGATCTGCGTTAGCACTGCTGTTGCATGATCCAGAGCCCGAATAAGGAATACAAAAACACGAGGATCATCCTAGTCAACAGATGGGACCCAGAAAGTAGTAATTAGGCTGATGAGTACCAAGGTCCCAGGCAGCGGCAAATCGTCACAGGCGCGCGTGAAGGGTTCCAGTTAGCAGAGGCTTTTTTATTGCTCTCCTTCAAGGGACCTAAACCCAAAGAACTCATTCGCACTCCCACCCAAGGTGTGGGACTCACTCGGGATGGCAAATGTCCAATGCGATCCGCTAGACTGCAAAAACTACAGATATCTTGTCTGAGAATCCATTGCCGAAGTCCCTCCACTGCCAACTGTCCGATGTGACACATGTCATGTCACAGCATGCCATCCGGCCTTTTGTGGGGGCCGATTTTTTTGAGGCTCAACAAGCACATGGGTTTTACTTTTTCGACGTAATCCTGGAGCCCGCGCACTATGGGTCACGAACTTTATGCGCTGAGTGCCGGTCTGATACGCTATGGTGCTTTGAACATGCTAAGAAAGACATGCTCCCCACTGGGTATCTTTTAGGTCCTATATGTTTCACATGCCTCGATAGGATTACAATGACGTGATTCTACTCACGACCGGAATAATACTATAAATGTTGGCTCACCTGTGGCTCTATGGATTAAACAGATACTCTGCCATACGAAAGTGTTCGAAGTTCTTACGGAATTTGTTGAAGGCTCCGACGGCATCAGCTCGGCTGCGTGGCACAGGTGTCCGT,1409,49.61,Mus musculus
SEQ_270116,TCAGCAGAGCCCCTATGACGCCAGAGGCCGGGGATACAACTTGCCGCCCCCGACGTTTCTCATTCCAGATGTAAAATACAACCTCTTCAAGAAGGTTCTTCAACGTTTCCACCTGCGGTACCTGACCGTCAAGCCAGATGCGAGAGTCACGTCACCAGCATGATCTTATTAGTAAGACTTCAGCTAGGATCCCCTTGAATTATCACCCAGCCGATTGACAAGATAGAACATTAATCCTTGCTGGGCTCGATCTCCCCAGCGGCGACACGGCCGTGTTTCCCCATTGTACGAGTGGAGTGTGACTGGCTGATCACGCGGCACGAAGAACGGACTAGGTGTTCCCTCAATTTATTGCTCCCCGGCATAGCTGTACGCTTCGAATTCACACGGATTATCGACTCTAAAAAGTACACTCTCATAACGTCATAAAGTTCGGTAAATATGAACGAGCGGTCTCTGGGGCGCCTGATCAAGAGAACATCGAAACGATATAGCGCACGCCGTTATTCCCCGCTCGGATACAAGCACATAAGCTTATCATGCAAACATATGTAGACCGGTGCCTGCCACCTTCGAACGTTTCCTAGAGTCCCGCATGACTGACAAACCAGAACGTCACAAGGCTCAATCGCATCCTGCTTGGTAATCCCACTGGTCTCAGTTGACCTC,669,50.67,Saccharomyces cerevisiae
SEQ_303564,GGTGCTCAAAGTACTCCGACTAGTTATATGCTTAGTGGAGGTCGAGCGCCGCCCTAGCACTACATCGATGGCTTCGCGTAAACGTGAATTTTGCCGAGGCCGTGTGAGCCGACCACTTATAGAGATGGTGGGTCGCGATGAAGGTGAGCCGCTATACTTCTTGGATTTATTAGTCCTCATATCGCTCTGGACAATGCCACGCTTGATCAGAATCTAAATATCAAGGACCTCTCAAGGAGTGCTAGTCCCGTCCACGTGCGCGTTAGGCTTAGAAACTTGGTAAGACTTGTCCTCGCTGAAACCGACAGTATTAGAATCTCGCATCATACGAACGGACTGTCCTCGTGCAGTCCGCGCGGCGCCGGTAGTCTCTACTCCTTTGGCATGTGAATAATTTGTGCCTCTCCGTAGAGTGCCGCGTAGAAGATGTCACGCTATGTTCTATTTTATGCTCGCATTCGCAGTACCCAGCTCGCTCGGTTACCTACGAATTAGACCATTCCACCCGAAGGTAAAAAGAGTATGAATTCTGTGGCCGACCCGGTGTGCGTTTCGATTAAGGGCCGAGCGGCGAGCGAGGAGCTGCCACGGTGCAGACAGTAGGCCCATTCGGCGCCTATAGACATTCGCTCTTAACGCTTCTCGAGTGAGCAGAACGACTACCGCTAGCTTCACTGTGCTAACTAGCTTACGGACGACTGCCCTTCATTACCATTCACATTGACTCGGAGATGAGGGACATATCATAAGCAGGAATGCTAGCTTTTTAGACACTAATACTATGCAGTACTACAGTCGTGATGACCCGAAAGCTTACGTCGGCTGTTGGATTGGTGTTAGCCGACTCTTGGGCCTTAGGTGTTGGTTCTAGAGGCTGAATCAATGTGTGGTTCCAAAAGCTGAGCCGGTGGAGCGTTTACTCCTTAAGGGTTATGAGTTCTTAAGGCAAACATATTCAGGGGCTGCGATTACCGAAGGCAAATATAGCCCATAGTGCTATCGAGTTATAATAGCTCCATGGGCCCCATCACAAGTCTGACGTTATCCAAATAACAAACATAGTGGCCCGATGTGGGGTAAGATGGACATTGCTGTGGAAAATAATTTAGCGGTCTCGTTAGCCACAGCATGGAGTTTTAATGTCGCAACGCTTTTATACTCGCCTGGTTGATTTGTACTACAGTAACGCGACCGGGGACCTTTCTTTGATGGATATTTTATTGTAAAACGCCCAAACGCAAGATAGCCATTGGATGGATCTGGCTATAGATTCGTAATGAGGCACGTGGCGCGATCGCGCCAGAGCGGCTCGCTCCTAGTCCGGGTGCGGGTTGTTGCCATGTAGAGCGGCAAAGCGCCCTGTACATTCGGCATCTTACTGTGAAGAGCGCTTTAAAGCTCTAGATTAAGCCCTACCACTGTACGAGCATTTCCAACA,1438,49.65,Arabidopsis thaliana
SEQ_973521,GGGCGCAGCGCGTTCGGGCCTTAGTAGTCAGCGTCACTAAGTTTCCTCTAGATCTGATCTGAATCATATGGGACCGTGTTCCTACGACTTGATCTTCGCGTAAAAGTATAAGTTGCTTGGTGTGCTTTCCTACAAGTGGGAGAATCCCTCCAGAAAGGCGCGATACCGCCCGATACATGACTCGGGTCGATTTCCCTGATGCGTTGGAGGTTACGATGGTGATGTCTGTCCACCCTGACACGCACTTTACCATTACCCATTTATGTCCCTAACATAGGGCTTCTAACTCACGTTGGTCTAAGTCGCCCCGCGCTTGTTGGTTACTTCTGCTTCATACTGCGATTGCTCTTTTCTACGAGCCCTAGGTCGCTGAATATCACGTCAGGTTAATGCCAGATCTGCGCAGCGATCCTGTAAGGTTGCATACCAAGACCGTGTAGTAATGTCAGTTCCATCTATTTGCAGAGAGTCACGAGTAGTGGATAGCGGGTTTCTTTATTCGGACCTACAGACCGACAAACCCACTGACGACGTACGCCACTGTCACGTTTCCGGTCCATATCATGTTTTCGAAAGCCATGTCAGAGCTGGGGTTGCCTCTGGCCCATTTGTGATGCCTATCCAGTCCGGCTAACCTTTACGCGGTGCAAACAATCAGCGCCCGGGATGCAATTCGTGCTAGGTGGTCCAGTCAACCTGCTGACAACCAGAAGTAGTCACTGTTACATAATAGAAGTTTGAGACCATGTTAACCATGCATTGGAGTCATTGCGGGATGGATCAATAGCCTTTCGCCTTGTTCAGCGAAATCTGTTCCTTCCCGTAGGTACGTTAGTCCTTAATATTAAGGTCCTTGGATTTATTTCAACGTTAACGCCCATCTCACATGTCATGGTAGGGTTAGGCCTCTATTTCAGGCAAAGCACGCGAGACATGAAAGACTATATAGTTTGGTCCGGTGTGGCACCACATACCAGGTTAAGCTCAGGTCTCGCTTACTCGCACGAGTCG,1011,49.26,Drosophila melanogaster
SEQ_662679,AGGAGATTATATGGCCATGCGGGCGCGGACGCGCCGACCCGACTCAGTGTACTTCGCTTGCCTGTACCAGAGATTCCGATACCCGAGCAATTTCGACTGTGTTGGAAGCTATTTACACTTCACGCGAGCCACGGATCTTTGTTATCGACGACTCCGGCTAAGCTGACAACAGATATACAACATAAATGCCATTTGGTCACTTCTTGGGTGCAACTAGATAGTAGTAGCCTCTTCGGACCATTATACATCACTAGGGCTGCGAGATTCAAGCAGGCGAGCGGCTACTGGTCTTGGGACGGTGTCGGATGATGGTCAGTACCACCTACAACCAATCTGAACCTTGTGACCGTTGTGTGTTGTGCGTGGGTGCTAAGATCAGAGTAGGGTCAGACCGACCACGGGGTTGTCTGTAGGAAGTTCCTGGAACTGTATTGCGTTGGGCACTACAAATACGGAACAGCCAACGGTGGACGTACGATAGGGTACGGTGAGATGGCTAGATGAGTGTTGGTTAGTATAGATACCCCAATATTATCGCCTTGTGGCGTGAAACCGCTTATCGATGTGTCGCTTGACCGCTGCTACCGGGATTGCACTGAGTAACATTCGTCCAGTGTTGGAAGTAGAGGGTGCTGAAGTGGCCCTTACTCGTTGGATATTAGCTTTATTAACACATACACTCTTGGAGCGACATGTCGTAACCTGGAGGCTGCGTATTGTCTCAGAATT,729,50.21,Drosophila melanogaster
SEQ_877162,CATGACGCAATTAGGTCTTTAATTCACCTAACCATAGCATCTAGATCGTCCATAGGATCGTTTAGCGCGCTATGTCTGTAAGTGCCGAGCCATTCCAATGAACCTATTGCAACGCTACGAGGCGCGGGCAGACCTTCGTCCAGAGTACCGGGAGCTGACGAAGAGTAGCGAATCGCAGCTATGCGAGTGTCCTTACTTCAGGTATTCTGGATGCCTGTTATGCACGACCGCCTGTTTCTGCTGTCTCACCGGCAGCCTATACAACTAAACCACTCTTGTCTCGTGGCATAGGGCTTCCCACTCGTGCGGCATTAATTCATTGGTTGATCGAGGACCGGTGTGTTGATATCGTGGTGGGAGCTTCGCCAATGTAAGCTACCGAACAACATCTTCACTACCTGACCCGGGACGCAAAGGGCCCGATCAGGCTCGAGTTTTGGTCAGCACCACTAATCCAGCAGCGACTGGGTTAACGGCAGTATAACCGAGATCGCCGGATTCCATGAGAAATCGTGGATCGGTACATTTAGGGATTATCCGATGACTAACCTCCTCTCCTCACATCGTCTAGGGTACTTGGTCATGGATAGTTTCAAATTCCTACTGCAAACTGGCGTGGGGCGCGGGCGTATGATTCGCGATGCCAATTGGGTGAGGTCATGGGTGTTACCCCTGGTACTTTGCGGTATCGAGACGGGCATGCATCAACGCCCCATCCCCACGTCGGCCGCCGTCGGATCTGTCAAGCCAGGCAATATCCCTCCTCGATCTTGGCTAGATCAGTATGCCCATTCGAGCTGTCCAAGGGTCACGCTGATGCCGAGACTAGTTTCGGTACGGCCGGACGCATAATCTAGAGAGCCGTGGGGTAGACAATGTAATCATAATCTGTGCGGCATGCCGCTCTCTGTCGCCTCTAAGGTTTGTAGATCTATGGTCATACTGTCATTCACAGCGGGACAAGCCAGAACCCCTTGATACCTCGTAAGAGAAGAGGTATGAACTAATACAGGGAAGACACCGAGCCGGGCTTGTAGTCTGACAGAGTCTGCGCCTACGCACGGACTTGGTTAAAGTTTTTGGGCGTAGCGTACTGAACGTGTCGTGTTACCGGGGTCTCTGAGATGAGTTAGCGTTTTACAAATCATACGGTAACGTGGCACTATCCAACTCCATCTGACCGTTCTCAGAACTAGGTCGTGCATGCCTACAGGATTCAGGCACCGAGCATAGGGGGTCACCACCCTC,1248,52.48,Escherichia coli
SEQ_336066,GTGTTTAAGCTCCTGTCGACGTAGGAAGCGACTGTCGGATGCCTCTCAAAAACAAACCTGGTTGGTCGAATACGGGCCTTGAACAAGGACGATCTCTTGGTTAAAAATCGACTGGCCAAATACATTCATCGTATGCCAACAGTTAATTGGGCTTTGATCATGAACGCGTTGGGTTGTATTATCGGTCATAAACAAAGCCCCCGGTATTTTCAACCGAATCTATCTTAATCCCGAACAACGTCCTATACGCCGAAAAAAACTCTGAGCTCGGCACTGGCAGGTAAGGTCGGAGCAAAAGTCGGCCTTGATTTTACTCCGAAGCCCCCTGGTGCTTGTGGTAAGTTCTGGCCAATGCCGAGAGGGGCTCACATATTCGCCGGGTTCGCTTCCCTAGGGCTGAGTTTTCGTGGACGCGTAGAGTATATATGAGTGGATGCGAGCCTCAACGTTTCCTGCGTTCTATAAACGAAGCTGAGCAGGAAAATCCTCGATTGCCCGCCGTTCGAGCGTAGCACACGCGACTCTTTGAAAACGTCTTCAAGTCACAGCTGAAAGCCTAAAACATAATGGATTCCTACGGTGGTCCCTTGAGTTTGGGTTACGCGATTCCATAGCCCTAAACACTTTCAACGGAGCTGAAAACTTCTTTACGCAGTTGCCTCGCTTCAGGTTACTCGTAGTTGTACTCAGTAGCGCACGGGTTTCTTGGCCTCCCCTCGCAGTCCCCCCACCGAGGCACAGGGCCACTCGTTCACGGAACAACGAGAGAATCAAACACTGTCTGAATCAGGCACGGACCGGGCTCCTTAAATTTTAGTAAGCCTTTGAAGCATCGCTTCCAGTCTCCTTCCGCAAGCATGTAGATATTTAGCTACAAACCCTTGGCGGGCCTAGGCGACGGAAGGATTTAAGGGTTTATCCTTTAAGAACATTTAAGCAATTGCTTTGGAGCAGCGTCGTCGATGGATACGTCGGTGCGCCTAACCAGCAATCTCCCAAGGCCAGATTGCCAGTAGTCCAGTAGGGAGAAGGCGTGTTATCTATGTATTGGCAAATAACTCTTGTGACTCAGTTAATAACGTTCGTGGTCAGACATTCGGCATAGCGTGATCTTACGTGGTAGGAGCGAACCTGTGTGCAACCATCGTACCACGAGCCTGTGATGTTGCGTTATGTACAGAAATAATCCTCGCAATTGCGGTGGCTCTACACGGAACTGTCCTCTGTATTCCCCTGCGGCCCTAAATTAGATGAAGTGGGTGCCCGGATCGTC,1273,49.73,Arabidopsis thaliana
SEQ_622119,TCTCAGGTATCGAGATTGGTTGTGATGCAGCCCAGATCCTCGTATCAGACACCGCCAGATCCAGGCCCTGCCCGGATTTCTCGGCGGTGCACCATTTGATAGGAGGGATTCCGGGATCATTCGCCATGTCGATAGAACTCGAGGACGGTTATGCACTCACCGGTACGATCTTCGGATCACAGGAACACCGGAAAGTTACCCACCTTATGACTGAGCATGCCGGGTAGGGCTACCAGAAGTTGGTTCCCACCTTAATGCGTGGATAAGAAACGTTATCACGGGATGCGTATATCGTCGGCCTGTTGGATGCAATGGTATACTGCGGTTAAAGGGATGCATACCGGTGATAATTAGAATGAAACGCGCGATAATAAGACACTACGGGAAAGAGGTTTGAAATACCCTGACGTGATAACGCGATAATATGGGGCGAACGGGACCTTCTATGCCTTACTGTGTGATGAATCTTACTCCTGGGACCCCAACTGGACGTTTTTGCTCGCCATTGATAGTATCAACGGTGAGGTGACTCGCTAGGCGGATCCCATATCACAAATTACAGGCTAGTCATGCCTGATGAAAGTGCATATTTCTATGGCGACTGCGTACACAGCCATATCATACCGACGGTTGACGCAGTCGCCTCTGGTAAGCTGTTGACCTATCAGGCGTCTCTTGCCGCGCCGCATCAGACCCAGCTTCGCGTGAGTCGATTTGCCGCTCTCGACAAAGAAGTCTGCATCTACAAGCTTGTTACAAGATCCTGGTACACGGTCAAGGTGTAGCATGGAAACAGCTGCTCGAGACGCTGTAAGCTGCTGTCTACTAGCCCCCCACGAGCGGAACGTAATGCCGGTTCGTGGACGTCAACTCGCTTGAATGCAATAATGAGTTTTCCCACCCAAAGCAGGTGGAGGTAACACAGAGGTTCACAATGTATGTGACGATCGGCAAATGACGGCTGGTTCGATCGCACATAGGTTGAATAAGATGCGAAGAGACAAAAGTATTATTCAAAGATGCCTAACTTGGATGCAAACACTAGAGATCTACCGCCTGACGGCCCTCACATGCAGGGGTTAGGGAATGCAAACCTCTCGTCATAGATAGAGGGGTGACTATCGACAGACCCCGCGTCCACCCCATCGATCGGGGAGCAGTGTTTTGCGGTGCCTGAGACTCGGTGACCCCAATGTATGCGCTAATGTGAATTAACGGGGCAGAGAAGCTATCCTCACGCATCCATCAGACCTAAAAGCGAAAGGGCCACTCCTCCGCGAGCCGGATACTTTAGAAGGCCGTGCCGGATTATGGCTCTGCGTTCTGAGATAAGGTGCCTAAAATGATCACTGTATCGGAACGATTAGAGTTGCCGTTAAGTCCGCGCAAGTCTAACAGTCCGTCCTGAACCCCACTCGGAATCTCTGACCGAATTTGTCTGATGCGCCCTTCATACTGCCACCCCTTCATGCAGCTCTGGATCTACGACCTGGTTTGTTGCCGTAGAGACTATAACTTAGATCGTACGTCAGAGCTACATATTACACGACGCATGGTCAACCCAACGCGTACTGCGGGGGGCCGATGTACCTGTAGTCATCGATACTCTTAAGCGTGCCCTCCCGGGCCAAGCTTCGCCCGTGGAATCACTTGGCACAGATCTTCACTTGATCGGTCAAAAATTTGTCATGAGACGGGAAGGCCGCCTCAACAGTGCATTCTAAATAACGAGCGACAGAGCTGGTTGTTAATTCCTGGTTGATGCCTTAATAGCCGTATATTTGCGCCGGATCACCGCCACCAGAAGACGTTCGTTC,1817,51.24,Mus musculus
SEQ_787475,TAGTGTATGCCCTCTAATCTGTGGGCTGTGCCCTAAGCTCGCTAGACCCCGCGTTGCATAGTTCGGGTATCGTGGGTCAGAGTCTCCTGCTTCAGACCGCGGATCCTTCGAAAGCCTAGTCGTGGGCTGACTCAGACTTCAACTGTATAAAACACCATGAGTAGATTGGTGTCCAATTGGGTGTAGCTGCAAGATGATAGAGAACTCTATACGAA,215,50.23,Arabidopsis thaliana
SEQ_659773,GACAATTCTCCATAAGGTGACTAGCATACCTGACCTTGGGGATAGGCGACGGGGAGATACCGGGGATAATCTCGGTGCCTCACAGCAAGTTTAGCACAATGAGTACGGTTGATAATCCCATAGTGCCGGCGCAAGGGTGTGCTCATGTACACAACGAGTACTCCTGTAAACTCTGTGCTGCAGTGTGAAGTATAGCGAGATGTGTGGTAAGCAGTTTCTCGACGTCCCCTAGCTGCACGTTGTGGCACTCCAAATATTGCTCTTTGTACCAGATAAATGGCTAAGCGGACTTGCAACGCTAACGTGTAACCCTCGCGTGTAATCAGCTCTTTTGCATCCCGTCATTATTCACTACTACTTCCACCACATGCCATGTGGGGGAAATGACAGATAGTGCTCGGATGACCATGGTAGCGTCTTGAAAAGGAGCCGGAAATTGTCGAGAATAGCCGACGTTCGCAGTATTGGTTTAGGATCGATTTCTAATATGGACTACCAGGGAGGGCATATCCCGTTAATAACGTTATGGAGGTGTCCTATCGGCTGGCCATTACCAACCCCGCTAATGGCTAAGGCTTGGATCAGTAGAGACCTAA,596,48.99,Escherichia coli
SEQ_690047,AACCGGTCAAGGCGAATTCTATATGTCGTGATTGCTCGAAGAGTAAACTGGCTATGTCCGTACCGGGTCCTGGAAGAAACATAGAATAGACTGCTCGGAGCAACCCGCTCGCCGCTACGGGTAAATGCATGTGCAAGGCATAATCATCGCATAATAAGAATGGAGATCTATCCGTCCCTGTGGAGGCTGCCAAGCCGTTATCTTCCTGCAGCAGTGTTTTCTGCAATGTTCCCGCTCCGAAGCGCTGGTATCACTCAGAGCACTCCTTTTGTTAACACTTTGTTGAGACAAATCTGCATTTCCCGTATACGTACAGCGGGAAACCGTGTGCAGGTATCCGTTGTGATCTTGTAGCATCTCAGACACCAGTTTGAGACCCAATCCAACTACACTCAAGGGCGATGAACAGACGTACCTGGACTAAACGTGCTGTTGTATTCTGCTCAACACCCAAACCTCCTTTCTTAACCGTGGAAATTGGAATAACCGTAAACCATTGCCTCAGACCAAATGAGAACGTCGAATGAATGGTCCACGAGAGTCTATATTGAGCGATCTCCTACACCTTTCTCACATTTAAGGAGTCTTGAGAAACACGAGACGATGTTTCTAGTTTAGACTAACGCGCAAAGCGACTCATGTAATTATCGAGAACAGTCCCGATTGCCTCGGGCGGCCATCCGGCGAAGACAAGTCCGCCAATAGCGATAGGACATGCCGCTGTTTAGTGAGCTCCTGTTCATGCCCGTGAGTAATCGCCTGGTTCGGAGCCTCTCTGGCGTCAGTAGCCTCCGGCGCGACACAGTATCCCTCCCGGCAACCTTAGGCATCAGAAACCACACTGCTATGCAGTCCCCGAGCTGAGAACCTCCCTAGACTTGGTGCTCACCGATGTAGGTCACCAAAGCTTACCATCTAATTGCGAAAAAAATCGCGCCGCGCTTTAGCGTAAGTCTAAGGTTTTTCTTGTAAAACGTGGTGGGGATGTTTGTCTGACCTGCAAGGACTTGCTTTGCGTTAGGCTTCCTTATTTTCCGCAACTCAACGTCGGTGCCTTAATAGCCTCGGTCTTGCTGGGCGAGTCATAGAGCCTTCGTCAGACCAGCTCTGTCGATTACAAATTTCCTGATGATTTTAAACATGTCATCACGTCGCGGTGTTCTCCGTCTAATCCCAGGGCTATTTTTATTGTATAACAACTGCCCAAGGAAGGAGGGGTGCCCCTTTGCGAATCACGTACCTGACCCATGCTATAGGGTCTTACCGGCTCACCAGAGGTGAGTGATACGACAGTAAATACATGAACTTGGCGAGTGCGGACGCAGAGAAATGTCGGGGACAAATCGTGCCCGCCGCGATAGTGCTGTGTGTAACAATCTCTAGTCGAACGATACAAGCACGGCCCTTCATGGACGATTCTCCTAGAAAGTACCCGCCTGAGAGATGACGCTTGCATTTTTTTGCTCATATGCTACTCCAGATATTAATTGTACCTCTTTATAGGAGAGTAGTTTATGTAAATAGATCTAGCCATTTCGGAAGTAGACACAGAGTCGTCCCCTACTTAAACTTTCATCGCATGCATAATTGCCCTATTAACGCAGACCATCGATTATTACGATTTCCTTATCAACACCCGTGTTTTTACCAGTTTCACGGCGTTTACTTCAGATGAGACGCATGTTTAAGTGCATATGCAACGTTGCTGTCTAGCTTATTCTTAGTTGCTCTTATGTAACATGCATCAGCTTGGTTTTGCTGTGATTATGAATTCCTACTGAGATACTGGATTCGGCGTTACACAATAGATTAGTAACCCTGTCCCGAAGGGATGGGGTGTTTCTTACGGAAGTCTCGGAGGGGTTCAAGCACGCGCACAGGCGGGGTCGTGTCCTCCGAAAATCCTGCGGCATTTTTTGA,1920,48.07,Caenorhabditis elegans
SEQ_358050,CAAAGGCACGGATTTCAGGTTTGCCCGCACCCCGAGCTTCTATGAAGCCTCAAGGTCCACAGTCAATTGTCATCGCCAGACCGTCCCAATCAGTAGACACAGACCCTGGCGACTGGTGTCCGCCACCTCGCGGTATGGTCACTGTTGCTGTACGCTCTGGCTGAAACCTGACGTCCCTCTTGTTGATGTAGGATTTGAACGACATTTCCGACCAACGTTGATCCGCCGCTCGCCTCGCGACAGACATTAGGGTAGATCACACGAGCTGAGCCGTCAATCCAGGGCACGTCGCAAAGGTGGCAAAGATCCTCCCATACATCCACGGGTCTTCCAGTATATCACAGCCGTCCCGGGCTGGCACAACAGTACAAAAGCCGTACATGAATGTTCCATAACCATGTGGAAGGGTCCATGCCGCACGTTCTCACCTATTCTGTCCGCCATCGGAATGTACTGTTTCACCCTTAAGCCAGTAACCCATTAACAACACACGATGACAGATTTCTGCCGTGGGCAGGGCCAACTTGAGACGCAGAGGCTCCACCGTCCTTTGATCGTGCCACCAACACCTTTGGTCAGGAGAACGATTCTGACCGCGGCAGAAGCTCAGATGGTGCTCGCACCCCATAATCTGCGGGACCAAGTGCGGTTACATCAATGGGGTTCATTGCATGGGGGCCTTTAAGCTGCTACAAAGAGTATAGCACCCCGGCCACGGCAGTAGTGCTGGTCATTGGCTCGGTTGGTAGAAGCGCAACGCTCATTCCTTAGTAACGAATGATGCCCTTCAGCTTTTCAAATGAAAATTGCCGGTAGATCTTGACCTGCGATGCGGCGAAAGATAAATAATTCCGTGGGAAGACTGCGGACGTGTAGTCTTAACTATAACGGCTGAAACCTTGAGCATGTCGGACCTAATCACAAGGGTGGGAGCCAAGTGTCACACAAATCGTGGTGAC,959,53.08,Homo sapiens
SEQ_102093,ACGTCCATATGTTTACCATCGGGTACCGCAAGACATTGGTGCCCCATCTAGCGTATGTCTCGATCGAGGGGATTTGATTGAAGCAGTGTTAACTGGTTAACTCAAGTGGCGCGCAAAGTCGGCTGTAGACATTTTATGCCTCAGTCCCCTCCAATTCAATCTATCGATTGGAACACAGCTTGAGATCATGACGTCCCTAATAACCGAGTGTATCCCGAAAGCTTCTGGCCATATTTCTAGCAGGAGCATTAGGGTCTAGGCCCACCCGTGTGAGATCATATACATTGGTGTGTTAGAGCTGTGGCGCAGTAAGACCTTCCTAGAGTCGGTGCGACCTCCTGGGCAGTTCACAATCGGAAGTTGGCTCCGTCGCATGGTACGACCAGGTTCCTTGTGCACGCCTCGGTATTGCCTTGGATGATGCCAACAGAGCCGGGCATTTAAGGGGGTAGATATTGAATACGAGACCTCCCTTTCTAATCCAAATTGCGCTAGCGTGCCTTTTACCCGTCCCGTCCGATTGTTAGTTAATGCCGCGAGGACCCGGGCGGCATCATGCGAAGGCGGCACGCAATGTGGCTGGTTACCCGTCATGAGGATGCCGGTTGTACAGGAACGTGCAACTATTCTAAACCAGGACCAACATATCCTCTCACCTTAGACTAACGATTTAATTTGGACGGCTTGTTGTGGATCTAATTATGGCGCCCAGATGGAGGATTCTTGTTGAGCATATGATTAATCGTTTGGTTATCCCTGATTACTTACAAACGAACGAGCGAGAGGTCAGGAAACACATAGTTCGGGTCATGCAACACCAAAGTAGGTATAAGGGAGGAGTCTATCTTACCAATATCTACCAGAGACGGACCGCCGGCCAAGGTGACTGCAGAACATAGAAACTTTGTACGATTGGTGACGGCCTCGACTTGAAGATCATCAAACGCTACGCAGCCACAGCGGCTGCTTATTGGTCATAGAGAATTTCAGAATAACATACAACCGCCGCTCGCAATGTAGCTAGTGTCCATGGCAAACGATGCCGTTGCGTTATTGTGCTTAACTGCTTAAAAAATGGGTTTTGTCAGCGGAGTA,1095,49.04,Caenorhabditis elegans
SEQ_101107,TTCGAACTGGGTTCAGGAATTGGTCGAGAAGGTTTTGGCCTAGGTTGGTATGACATCGGATTGATACGTGAATTCAGAGGCATTGCGTTGTGATCTCTATAAATTTCACTGGTTGGCAAAATGGTGCCATTTATATAAGAGGGCAGAGAATATAGTGCCTCGGCTCTGTGCATATAATGCGGTCGTGACCGTTATGTAGCGGCTGATCGGTGGCCTGCAAATGTCGGACTCGACTGCGACCGAACGCAAGCTGTGGCCAACACGCAGCACGCGCGGGTCATCTTCGTTAGTCCGCTGCCACGACCAACATTCAGCCCACACTCAGAAGAGAGTCAGCGGACCAATCCCTGTGCACAAAGGCCGAGCAGTTGATCAACTGAAGAACAGACGAACGCCCGCCGACTTTACATCTTCAGTCCCCTCCACTTTCCGTGCGGGAGTAATGCCACAGATTAACACGTGTCTAGTCCTAAGAGCCTGTTCTAAGGCCGGCGGATAGCAGGGGGGGCTTGTCGTGCCCCATTATGAGGGTCTACACAGAGTCTACAAGGTGTTCAAAATACTTAAGTTACGACTCACAAGAGCGGGGGTGCAAGCGCGAAATCAACCTATAGATACACGTCTCCGCCATTCAGCGCACTCTATGACACTCTTACGTTGACGCTACGAATATAAGAGGGAACGTCGCTCCTACTAGTTTAATTGCCTCATGTAGCTTTACAGTTAGGCGTGTGTGCCGGTGCGCAAGTGGTTGGTGTTACTCAAAGCGAGCTGACACATATTTTTACGGGATAGGCTCATCGATGGTTGAGTGACGCGTGTTCCACTCTTCATTCAATCGGGCAAAGTACTGGCGATGTTTCCATTTTAGGTGGCATACTGGCAGTTTGCCGATAAGTGCCGGCGCAGGTTGTGTAATCCATGGCACACGAACCGTGTGCCATGTGCAGGATCGAGGTCTAGATACCCGCTTTTCCTCCCGGCCTGCTATACTGTACTACACCCCTTTTCAATGCGGTTAGACTGCCAGTAATCCGCGTTATGCGGTGCAGGTGTGCACTCTTTGTAGATCAGGAAGCTCAATGGACAATCCTCAGTAAAAAACATTCTAAGGGACGTTAAGCACCGTTACATCAAACCATGATGTGGCGTTACGGAATACGGTATCAATTACCTATAAATGTCGGATTATTAAGAAAAAGTACACACCTGGACAGCCCGTCGGTCGATAGCAAAGGTAGCGGTGAAACTTATTCATGCCGGACGGCGTTGAATCTAGCTGCTCCCCCTTCAAGCCGGTATGAGGGAGCTGTACGCCGGTTGTTAGACAATGAAACGACACTTAGGTACTGGCAAACCTGCGGACGCTATTGCCACTTCACAACGACTTGGGGATCGCTGCGCACCGGGGATATACTACCGCCCCGCTGGCCATAATTGTCGACTCTCATTCCATAGCAATCGTAAGTATTATTCCGTTGCGACTTTAGAAGACAACCTAAATTACTTACTACCGGTACCCATCCGTAGATTCGTTAGGAAAGTTCGCGTGCCCGTGTAATAAGCACAGGTCACCAACGTACGGAATTGACAGGTGGCCTCTTGAAGCGCGTAAGTACACCAGAGCTC,1629,50.09,Homo sapiens
SEQ_123901,AAATGGTTTGACGTACTATGTCTAGCGGCGCTCTAGCTGGATCAAGCCTTGCGGTGGTGCTTCTCCCCGGTCTATTAACACGCCAACATCTGTGCTCCCCGTGATATGAGGTTCCTCGCAAGG,123,53.66,Mus musculus
SEQ_320522,CTCCTGGAGGTCATCGTACGGTCCCCAACTTCTAGTGCACGGACTGACAAGAAAAGCAGGGTAGGCAACCTGTTGGGCTGAAACCAGTCTGCATCTTCGCGGCACTGGGTGCTCAGTTCGATTCTTCCTGTTCAGGACTTGGCGCGTCGTAAGTCAGGCTGACGGCAGCACCGACCCACACCTGCGGTGGGGTGAACCCGGTCCGGATCGGTCTCCCTTCTTACCACGGTTGTGGGTATCGCATGTCAGTTTGTCCAGGCATTCGGATGTCGAGCAGTCAAGTGATAGACCAGCCAGTCTTTGGCGTTTCATGAGCACTGTCCTAAAGCTAGAAGCCTATCGGTGTGGGATTGTTGCTACTCGTTGGTTATAGTATCCTCAGCGTTCAGGAATCTACACGAGGGCCGCTTCAAACTTCACAACTACGGAAATGGTAGCCTCGCTACTATAAACGGCCTTAAGTTGTGAATCTATCGTATTTCAAGAACACCTACACTACGCATTAGTCGTTTACCTCATGGAGGTATGCCGACGTTAGTTAGCAAGGGGCAATACGATTTGTAACGAACGAACTTCTGAGTTGCATTATATGGAATGGTTTATGAGTAGTCAAGCCGTGCTTATCAATTGGTTGTCCTAATGTCTTTGACCTAACGTGTGTAGAAAAGAGCACATGCAGCGCGGGGTGACTGCTCGCTGGGCGCTAGCGGAGCGAGTCGCACGAAGTGTCCCATCTTTTTGCTTCAAATCGCGACCAAGCGCTCTAAGAAGTTCACTAGATCCATCTACTTGAGCTTCGGCTCTATCTCAAGTGTCGGCGACTGGTAGTCCCGTATCAGCGTTTGCGAGAGCACACAGCATATCTTTAAGACCACGACGTTGCTCACGGGCTTAGTTTTTCGCATCAGTATTCCAGCCATAAACCCTGAGAATTTCACGCAGGCCGCGATTCTAATTCCTCCCCGAACGTAGATGAAGTGTCATCTCTTGGGCCCGGTGACTGTTGAAGTCCAATGCTCGTGCTGGTGACTTACACATTCGAAGATTACCGTGCTTAACGATCATAGATGGGAATCCTGTAGATACGAGGCTCCATAAGGTAAAGGGTCTGGACACCTGGAATTGCGGAGAGTAGTAAGTGCACTTACCTAAGAAGTATGGACAGTAGACACGCACGGACGACAACTCAACGCATATCGGCCCGTTACTAACCCTTCCACACCGACCTAATAACTGGGAAGCGAGCACTGACATCGCAGGGCCGACCCATACAAGCGGAGAGGGCGTTCCCTGGTTTCTACCAGTTTGGCGACCGGAGCGGCGTGTGTCGACACCCCATTATTACGCCATCGTGCAATGCCTTCCCAGGATTTGATTAGTGGGAGCCCTCCAATGTAGGAAGACTACTAAAGGCCCGAGATTTTGTGAGGCTGTGTCTCCAAACACCGTCCTGGCAGATCGATAAACAAACGAAGCCACAACACAAGCATAAATTATGCTCAACAAGAGTAGACTCCTATGGTGTGCGGACATGGTTTTCAACGTCTATTCCTGCGACAGGCCAGTTAATCTGTCTAGGCCTGATTGAATCAAAAGAGAAATTGTATACGAGGATACTTAATTTTCTTTCCTACGGGTTCGATCAAGCATCCATGTTGTTCCAATGCCAAATGACCCGGGCTACTTATAGACATAGCAATGCGCAATGCAACTCGCTGAACGGGGTTGTGAAA,1733,49.86,Arabidopsis thaliana
SEQ_710548,AGCAAATTCAGTTCCCATTAATACATCTCTATGCTTGGAGATAAAACACGTCTAGTGCATTGGCCAAGCGGGGCCGAGGCATGACGTATCGTTAGAGTTC,100,46.0,Caenorhabditis elegans
SEQ_450750,GCTACTTTTCCATGCATAGCAGTTACAGAGATCGGCCGCTGTGGCATGGCGCGGCGCACGACTCGCAAGCACAATTCCTACCCCCGCACTCTCGCACAATTAGTGATGCGGGAGCCAAGAATGAAAAGAAGACAATTCACTGCCTGGGTGCTTGTCCTAGGGATGTGGTAATTTGAAGTAATATGTGCCGCTTCAATTCAGCACACACCAGAGCGAATACGGGCTCTAAACGAGGTGTTATAATTTTAAATGCGTGCTTCCAGCTCTCCCCCGGTTGCGGTGAAGGACATAACGTCCTACAAGTGCGATTGGATCTTAGAACATTAACGTATGGTTTGCGGTACGCTTAGACGATTTCCCTTGCAGGACCAAGCCTCAGGTCCAGACACTGTCATGCCAGACAATACCGCTGAAAGCGGTTAAGTCCTCGAAAGGAATTGTTTGGGCGCGAACCGACGCAAGTGTGGGCGCCACAGGGTGATGCATCTGTCCTGCTCCGGGATGGATTTAAACCTATGAGGTAACTCCCTAGTAATTCTCAAGCTTGGGTCTCTGCTATTCTATACTCCATAAGTAACAGTACCACCTTTCAGCCAGCAGGATCCATACCGACTATTAGTGTACGGGCTCAATGTGGGAGGTGCTCGAGAGAGCCATTGACTAATTGACGATACAGACCTATGTGTCCACCCGCGACCTTACTCCTTGGCATCAACGCATCTCTGAGAATAACGGAGTTAATCTAATCTCATCGTAGCGCGAGGGACCTTAAGCGGTTGCGCCCAGTGCCGCATACCGTCTGTCGCACTAACATAAGCGTGGAGAATGGTGCGCGAAACCTTAACGTTCTACGCATCGGCGGCGGTTGCCTGGGGAATACTTATGTCTTGTTGTAGCGTACCGAGGTCGAATCGCACCATCTGACACTACAAATAGGGCTAGTGGTCGCCAATTCGAGTTCTTGCATGATAGCCTTTGGGTTCTAACGTCCTGTACACTTCGCGCTACAAATTTACTACACCGTCTCACTGGGCTCCTTTTGTGTCGGTCAATGGCCCCCGAAGCCCCGTCTTTGATCAATTGAAGGCTGGGCTACGGATATCAAAGCAGATCGCGATGATGGGGACAGAATCTAACTGGCGAGTCCGAGCCGATTCCTTTCGGACTGGGAATGCAATGGTAAACTATTCTGTATTATCCCAGAACAGGGGCTCCCTAGTGAAAGCACTGGTTTGTCCTCACAAAAACGCAGCGCCAATTTTTTTTGAACCTATGCGTACTGTCATAACGGGCGATAAAAGTGACCAGCCTCGTGCGGGTGTGTAAGAAGCACGGTTGCGACTTTCTTGCTTAGAACTGTACGGTAGCATTGGCTCCACTATATGATGGGATGTCCCTAAATATGGTTCAATTCGACCCGGAGATTGTTATCGGTGGCGTGTCCTTTGACCTTCACAACAACGAGAGCTTGTCCAAAACTTCGAACCCTATGCTTAATTAAAATCAGTTAGCTCAGAGATAGAGCGTTATTGGAGGCGTTCGTGGTCACACCACCATCTCGGGATGAAGAGGTTCAGGGTCTTAGTCAAGTGTCTGGCGTGCGCGCTCTAATCTTCCCCAAATAAATATTTACTGCAAGGGAAGTCTTGAGGCTCATTCGGGAAGGTTAACTGAGGACCGCCAAGCACGTGATCTACAGTGTCGGGAAGTCGAATTCTGTGCTCGCAAGTTTACGTGCCTCG,1742,49.83,Drosophila melanogaster
SEQ_802078,GTAGGGCACAAGGCATGGTTCCAAATCTGAGAGATCACCGTTTGATGGAGTAGATAGTGCCAACCTTTGGCCGTCCGTAGGCGCAGCAATAATAACGGTCCGTGGTATAAGGTTCCCCTTGGAAGGATGACGTAGTTAAATACGGTGACCACCTGAAGAGGAAAATGAGGCTGCGATAGCGGTTAGTTGCTTGACAGAACCTCTCCCATTTGGTTGGATAGGGACTGCTACTTAGCTCGAGGTTTAGGAAGCTCCAGTGATATACATACGAGCCACCCCGCTGGTTCTTTACGCCCTTATGGCTCTGATAAAATAGCCGGTCTTCAGGGAAATTTATTGCCCAGCCCACACTAACGGTTGCAATTCACCCGTATCCGTTATTGGTGAGAGTCAAACGAACGGGGCACCAAGTTTATTCCCGATCATATACTGACGCGGTGGCGTACCTATGACCTGCGTCGTATATACACAGTTCGGACTTTCCTCCAAGAATTGCCGAATTACCAGAGAGTTTGGGAACGATCGTTTCCAGGTTGGTTCTGAGAACGGCTTACTTGATTAACGTTCGGTACCCTCTTGTCCTTGTAACTATTCCTGACATTCGTTCCTGCCGTTATGGTATAGTACTGGATGCCATTGTTGTCGATCATAAGCAATATGATCGGTCACGTGGCTCATTCCTTATTTTTGTAAATTAGAAGTTTGTTACGTCTGAATCTAGCTAATGTGTACGTGTCTAGTGGAGCTCTCAGGCTGAAGTTTGAGCACCACAACATGGGCGCACAGGGCATCCGAATAGATCTGTGTTGGTGGGCCTGGGTTCTCTGGAGGGGCAGGGTTAAGTACTTGGATGCTCTGCAGAATTCTGGACAGCACCTCCCATAACCTGTAACTAGCCCGAACCAGAGATATGAGATTGCCTCGTCGATAAGGAAAAGTCTGGGTGGAGGGCAGCTGCTACTTATACCCCTTGGGAATGGCTAAGACGTATATGGGTAGCTAAATCAGCATCATCGTCGCTGGTAGAGTGCTTACGGGCAATTCACTCCCTACTTTCTCGGAGCTAGGGAGGGGCGGCGTGTTAACCGGGACTTAATTTGTAGGTCCCACATGCAACACCCTTTCATGCGACGTACCAAAGCCTAGTAGTGTATAGTGCGTAGTCTCTGCCAGATTCAGCTTATGGCCTGGGTCGTAAGGGGAAGGACTTTTTCTTCACACCGCCAAGTCCACGCTAATGTCGGAAGTACGAGTGATACTTTCCTGAGGGAGTTCCGGGAGGACAAATGTATCAGG,1296,48.92,Homo sapiens
SEQ_763771,TCATAAAGTAATGCACCGTTCTTTACAGCTAGTAATAGGCGGGGTATACACCTGATTGCTAGCCGACGACTAAGTATGCAAAAGTGTAGGTATCGGGTTCATCTGCACTCCGGTCCCCCACTATGGTGTC,130,47.69,Escherichia coli
SEQ_417603,TGAAGTAAAAAGCCTAGGATAATTCAGGCGCCTCCAGAATTTGAGACTGCTAGAAGATGAGCGCAAGACGGGTACTTACTGTAGGCTGCACGGCGCCAGGCCCGTTTATGCGTGCCGAGAGTTTATGGAAATTCGGGAGGATAATGTGGAAGTCTCCGGCGTTATCTGCCAACGCAGTGACAGTACGAAGAGCTGAAACGTCTGGGAAAAGAAACGGTTGCCTGAAAAAGTAGTCCATTACGTTGCAGGTCTACGGTTGGCATTGCCAAGATGATAGGAGAAGGGCCAGGACGGCGCCTGGACCGGTTTAATCTATACGGCCGAAGGCCCGTATCCGGCAGTCTACTCAGAACGTGAATGCGCACAAATTCGCGTTTGTCTCCATATCAAGGTTACTAAAGGGGGGTGAAGTATCAGTTTTTAGTCGAAAAGACGATGCTATCCTCGTCATGATTATGGATAAAACAAAGCCCCTTTCTACGTGGGGGAGAATCATGGATTTGAGCCATTTCGGTACCTCGGGTGCACCTGGAGTTTAGTCGAAGCAAAACCCATCTTAAACGTTTCCGGGTAATTCATGTTTCAATACGTGCAAGGCTACCCATTATCGGCTGACTAGCTACTGCGACTTTCGGCTTGGATGCATCTAAGGTATCGCCCCCTACTAGGCTTTTCGCTCCCCAGTGAACCCAGGGAGATTACAGCGAC,708,49.58,Mus musculus
SEQ_609114,GTTCTCATGCGCCAAGACAGCTATACGTTTCAATATTGCTGGCGATAGATCCTCAATAAAAGTGTCAACTCAGGATCACTCGACGCCTAAATTCCCTACCTTGCAGGTACTCAAACGCACGACCATTGCCATTCAGCAGGTGCAGGCGAATATGTTATTCAGTTATGTGACCGTCTCATTGTGAGATCGTCGGGGCACACATGTCTGACAGGCTGGGCACGACTGGAACATCGATTACTATACCGATTACATATCAGAATTCAAGTCTTGTCTGCATCGACTTACACCTAAAAGACCCCGGTAACCGCGTGTAACTAACGATCCCTTTAGTTTAGGAACGCACGCTAGAGTGCCCGCTGTCACTCTGGTTTGTAGGCACCCTCAAATATCGCGATTCGTCGTGGTCTCCGTAACCAAAAGAAGACGGTAGCCCCCTCTAATGGGTGGCTCATCGAATCACTAGAGCGTAACTTCATTCACCAAAGACGACGACCCGAGAACGTTCCTAGCTAACGCTTTTGACTCCACGTAGAGGAACGCGAGGACCTCAGGACGCCAACCGCCTGAATATTGGATCCGGTTTTAACTGGGTCCAATCGCACCGCGAGGCTTCCGCAATCCTGTTTGTCTCCAAGGTCTATAACGTGGCTAAAGCGTCCTTCGGTGGCCTTCCATCACTTGATACTTGGCTGATCACTTCCAACCTAGATAGTAAGTCCTAGGATGAAATCTTTAGAGCCTAAAGACTGTGCTTAGGGTGTCAACGAGTCAAAGCCTGAGCGTCTAAAGACACCGGCATAGGGTGTTTCCTTCGGCGTACGAAACCGGACTCAGAACGGCCAAGACGTGACGCTGATTGGTCTGCAACTCTCCGCTGCATACTTCGAGTGTTCCCGCACCAGATACTTCCCTTAAACCGTGCAGAATATACCCATATCGGCAGCCCATCCTCGTGCACAAGCGACACCAGCACCCATCCACAGCCGATGTGTATCTTGCTAGTGAGTCATCCATATAGGTTATCCCCACCGGTAGCAGTAGACCGAGCCCGTCGAGAACAATAAAACTGAATCTTAACGCACTTAGGGTTTCAATAAGCTAGTGCGCCTTTGGGCTTTCGAGTCTTCCCGAAGCCGAGGGGCTCGGTTTCGAATTCCGGAAATAGGTGTCGGAATAATAGAACCGCGACAACCGTATTAGTGGCGATGGCTGGAATTAATGGTCCTGAAGTTTCCAACCATGCGCCGTATGGATACATCCAATAAATGGATTGTAAAGAGAATGACCTAAACGCCCTAGTCAGCGGGGTCGCCATAAGTTTAGAGATTCGCAGAGTCAACCGAGCGAAGTATAGGGCGGTTCTGTCTTTCGGCGATCAATCTGGGAAGGCGACTCTC,1397,49.96,Caenorhabditis elegans
SEQ_180416,CGGTGCCCTTGGTTGTTAAACTTCAGCTTCCAGGCTAGAATTCCATTCATATCCTCCTCAGAGGGTGAGTTTCGCCCGCCTAGGGCTGGAAATCTAGAGGACGACGTTTCGAATGACAAGTGCTGACCACCCTGAATCGAAAGGAGTAACTATGGAGGAGCAAGCGCAACCTCAATATGTACGCCACGAGTTTGGCTCAAGGGACAGCTGTGAATGCTGGCACCTCTCACTTGCCCTAATTTCAGCACGAGATAATGTTTTTTTGATGGCCCGGGTATCCATACCATTTTACGCGCTCGCTAGCCTCCCAACCTGTGCACAAGGAGACTAACGCACCACTCATGAAAGAACACGTCTTTTAGTTCGCAGCTTAGCGGGAGGTGAGGGAGGGCGGACCGACGTGAGAGACCTGGCTTAGTCAAATCGTACCAATCGGTCTGCTCGATAAAGCTGGTCGCCTTCGTGGTAGGATCATACTGTCTAACCAGTAGGCCATCGACTGACGTTGTGTGCCACAACGATGTTGACATCAGAGGGGCTCGCTTCAGGGACTTTTTACCAACGACGCATCGCCACAATCACTATCGTAGCCCAGACAAATTCCTTAACTCACTCCTAGACTTCGCTAGCTCTCGTCATAAATGTGACTTCAACGGATAAAGCCCCCAGCCAATTGACTTTGCCTCAACAACTAATAAGTAGTGGGGAACTAGCCGCCCGAGTGGCGCCATAGCATCACATTGGCAGTTCGCGACCCGTCTCATACATGGATGAGTAGGATTCAAGCTGTTAAACCTCCAAGCCGTTGTGTCTCTTTAGTGTTCCAAGACTGATCTAAACGGATGAGACACCATCACGGCCAGAGTGACTTCAGTGTCTTGCAAGAGGTAGCCCCATGACAAACCTGCTTAGTAGCCCGGCTGGTAATGGGAGCAGTTTAGTCTGGGGGTTACAAATGATAACAAAGGTACAGTCACCTGATAACGAGAACTCTAAAGGGCCCGCCAATAGCCCGGGGCGGGCGGTTAAAATCACGATGCTCTTACTTCTAGGTGCTCTGCAATAGTACCCATCAGATGACGCCTTTCGGGTCTTGATGAGCTCGATCTCCAGGCCTGCCAGGCGAAAAATCTTTGGGACATTATGCCGCGGCAAAAGAACTATCGTCATCCAAATTCGCAGACCGCGGCTACATTCAAGATAGTGAATTCTGCGACACGAAAAGCCCTAGGCAAAGACTTTCGGGCCGGTAGGATAGCTAATCAGGCAGGTCACCAACGACGTATGCATGGAAGACCTGCTTCAACCAACAGCGCGCACGACGTACGGAATAACCATACAGCCTGGTAGCTAACATTTTTCGTCTACCGTATAGAGCTTCGATCTAGTAGTGTTGGTTGTCGCTGCTGACAAAGGCTATCCGGGAGGTCAGGCAGGGAAACTGTTTATAGATGGGTCGCATAGATTGGGGACGGAATTAACTCAGATCTAGAGTTCTGATAATCACTACCCACTAGTATGCACGGAGGGACCTGGAGCATCGTCTTACTCTCGACATTGGGGAGAGAGCTGCCGCGGTGGAGTTTACCGAGACTGAAGGCTCTACATACTTTATGCCTTTGGCTAATTGGAATCGGGCATTGCAACGCCTGCTTCCGGAGGAATACCGAGTTCTCGATAAGTGCGCTGAGCATGAGTCCCGCTGGAAGAGGAAGCGAGTCAGGAGATCCAGACGGA,1737,50.78,Drosophila melanogaster
SEQ_697041,CAGGATCAGCCGCTGGTCGCTAGGGGAAATTTATGACAAAAACCACGTCGGATGAGCTAATAGCCGTAATTGGATTGGGAACAGTCCGTGGTACCAACCTTTGGATAATAGATTTGGTCACTACTGCGAACAGAGGTTTAGTTGTAAAAGGCCGCAATCTGAGCTTTAAACTCTTCGTACAACGACGCATCCAGGCCAATTTCAGGGACGTGACAAGTAAATTATTTATCCCACAAAGAGCTACCCAGTAGAATACTGCTCCCCGGATCAGCTCGTATCTGGATTAGTATCACCCGGTTTTATGGTGGATTGGCAAGTAATAAATTCATGGTTATACATGTGATTCTTGCAGTAGGGTTGTTACCAGGTGTGTACCGTCAGATTGCTAGGGTTAACCTGTGCCAGTTGCCTCTACCTCCACAGGAACTACCGGCGCGAGGATTACGAGTTC,451,46.34,Homo sapiens
SEQ_366687,TTTAGGTCCCAACGTCTTTTTTACTGATGGCCTGCCTTTGCATATCGTCGTAGAATTACTAGTCGTGACTCTCTTTCGAGTTACGATGGACGGTATTCTTGCTGCGCCCGATGACAACGTTCGGCTTTCTTGTTATATAATGTAATGGCAGACAAATAAATGATGACGTATCTCGCCTCAATAGCTTTATCTTACACGAAACCATACCCTCAGTTGGATATGATCTGAGACACTACCAAACTGAAGCGTTGACGAGCGTCTCTTCGGAGTATACTAATACAGAGACACCAGTCTCAACTCAAGGCAAGAATTTGTATGCGTTCAGAATCTGCTTAATCAGGGTTTTTCTACAGCGATGGACGTGAAGAGTTAATTCGTGGTACTCACACAAACCTCACAAAGACCACGGCTTGCACGAATTATGCCCGGCAACATAGACATAATCATTTCCCTAGCATTGTGGATCGTGTCCGAGGCTGGTTTATCCAGATGGAGCTAATCATCGGAAGTCATGTCGCACTACGCGAGAGCCAAGCGGCCAGATGTGGTTTGCAGATAGCTGCCTCGGAGGGGCGGTCTCCAATATCCGATATAGGGGTTGTGATGCGACTAGGCTTCTCTCTACAATCCCATAAGTGTCCCCTAGACCGCTCCGTGGGTGCTTCACCTGGTAGGCGTACCGAGAAACGTGCGTCTCCGTCAGACACCTCGACCTTATGGGGGTAAGCGAGCGCGGTGAGTACACTTTTGCGCGTGCAGCCACGTACTTTACAGTTCGCCTGGCCGATATGTTAGTTGCCCGGGCCCGCGAGGAAGGCGATCTATATAGGTTTTCCGTTCGTTTCGGGCGTGTGCTTAGGACCATCCCCCTCTCGGGGTTCTAACCCTACACTGATCATCGGCGGCCAGATGACTTCAAATTCATGGTCGAGGGGTTGCGGCCGTTCCTCACGTCACTCCTCTAGTATTAAGCTACCTCCTGAATGAAACGAGATTTTTGTGTTACCCAGTTTCACCTGGCATAGCCAATTTCTTCCATCTCAAGAATGTATTCAATCCATAAGA,1065,48.92,Arabidopsis thaliana
SEQ_506728,CCGTCAGTTCAGGTACGTGTCCTTTTCCCCTCTTTAGATCGCGGCAATCCTTGAACGACCGGGTCAGGTGAATCTCTTTTCATGAGGGCTGACGTTTGCGGAGTGTAGTTCTAGATCCCTGTCATATTACTCGTACTTCAACGCACGTTTCGGGCACCCTGTGTACCTTGTCGCCCTGACTACCGTGCCCTCTCAGTTTATTCAAAGTTTGGCGGCGCTCC,221,52.49,Drosophila melanogaster
SEQ_113472,GAGTTGGTTGTCTTACGCTTACTTCGCAGAACCGTCGACATGGTAGGATGTAGGTTCGCTTAAGGTGATATTGGCGTGCAATAGTCATGCGAGATGGGGTATCAATCGATTTCCCCCCGACTCACTTTGGCTAGGGAAAGGTGAGAACAACGGTAGATGCCCTGTTACCGTAGAGAGAGGGAAGCCCTGCGAGCCCCGGGGTTATTTCTGCAGCAAATAAAGCCACCCGCAGCTGCCAGGAGGACAATCGGCAGGCTTAGAGGTCGACGTCTAGTCTAAGATCATGATGTCTGGCCGGATAATCGCCAGTAGTGGTCCCATTTATTGGAGTTTTTCCACTGGTTCGGGAAACTGCTACCCATGCTGGGTGACAAGAGCAAACATTTTCAGTTAGTCGGGTGTTTGGGAAACGTGCGATTATCCATCCAATCGGTGACAACGCAGGCGTTGTGTTGAATTGACCAGGCTATATACGAATAGTGATAATTATCTCTATTCAGATCGAAAGGGTTCTTAGCGGCTAATTCAGAAAGAGTAAAGGTGGATTCTCTAGGTGAGCGAGCAACTGAGCTATCTTCTAAGCCTAGGCAAGACGTCCGCTCTTCTCTAAGTCGAACCCAATTTACCCTCCATTACTCATGTACTAATCAGGAACCTCAGGCGAGGTGCACCTCTCCATGGAGCATCGCAACGGCACCGGGAACGGCACTATCGTCGCAATCAATGTTGAACGAATCCCTTTCCCTAGAGTTTAGTGGACTGATTTGCCAGCGCCTCGACTCCGCTGGGGTATGCATGTCTCAGGTCATCCAGTCCGAACGCCTTCATTCTACTGGATGCCTAGTGGACCGCCGGCACCGCCCAGTTCCTACGCTAAGATGGGCCGAGTGTCTAAGGGCCCGAGCAATGTTCGCGGCTTACATCAGCACCTCCTAGACGGGATGTCATCTGCTGCTGGATTGTATCATCCACCTATGTGTAACAGCACACCTATTTCCTCTTTCCAGCATTCATACTACCACCTCCGTAGCAGGAGACGGCGGAATGTGGCAGCTTTCACTGAGAGGGCGGTCCCGCGTGCCACTACTGGGATATAGGGACAGACACGTTTAGCTGCTAGCAGAATAGATGGCGGTGTTCGACCCACAGGTGTTATCGCGCGAAGCTCGATGTGCCTCATTCGCTTATATCGTTCTTACTCCTGAACCTGATGCAGGACTATTTATTTTCCTTCAGTTGAGTGCAGAATCGGGTATGCTGGTTAACACACCACTACGAGAAAGCCAATCTATCTCAGCATGCGGGTTCTGAGTGTAATCCTGTTGGGTAGCCAGATGAGGGCACTCGTTTGGACTTAGGCCGCATCTACCCGCCCACGTGCTGGTGTCAGCTTTGCGCCAGGCAGAAGGTATGAGGCAATATATCC,1426,51.26,Arabidopsis thaliana
SEQ_708525,ATGGACCGCTATAAGACCGTGGCGGCAAGATTATGGACTAAGTTTTCGATATCGTGAGGAAGCTGACCGCTGGGCTTAGTATTCCCCGTTCTCCCATATAATAATTCGAGTGTACTATGGTGGCAAATAAGTGTAAAGAGTCGGGGCCGCAGCTCGACGAGAGCGAAGATGTCGAGGAGCCAACCTCAAAGTTTCCTACGGGATGCAGTTTTTTCTGATAAGGGGACGCCCACTGAGCCGGGGCTACCGACTCAAAATTAAGGTTCCCTCCTATGGTATACTCCCAGGCGTCGTTCGGAGTTCATATAGTCCAACTAAGCAAAGGATATTAATTTAGGGAAACTTATTTTATCACGCGAGGGACCATTGGCTTATCCGGCTCCTCGGAATGCATTAATTTCTGCCCTTGTTCATAAGCAAGCTCCTGCAGGCACAAAGCTTTAATCAATAGTGGACCTAGCGCGGGGGTAGACCTTAAGCCGTATGAGCTGCGCAGGAATACTGTTCTTTGGCTCGCCGGTCGTGGGGGCTCTAGGCTTCCGTCAGTGGGACCCGGTTAGCTTCCTTCGTCCGGGGAGTTCCCGGCCTCGGCACGTATAAACCTATAGTCGTGTTGCTACCCATCCGCAGATTCTTCAGCGTACATCACCACGCGAGGGGTTCGGTACATGTTAGTCTACGTAATATTCCGAATATGAATATACAATAGGTCTCCGGTCGAGAGGTCGACGAGTGTAGAACGGGGCGGGGGCGAAGCTTCATTCGAATGCCACCAAGCATGCGGAGACCACTGCTTTAAGCTGCCACGTAAGGGATCGGCCTCGGTGTATTAGATCGGGTGCTAAACCGGAAGACTTCGCAGCTGCTGCCGATTCCATAATAGATGTTTATTCAAAGTACATAGCAGTTTGGCATCTTCATAACAGTAACTAAACGGTCGGTGATCAATAACCTGCCTAGACTATACTCGATGAGGTGGGCAGGGGTCAGAATGAGGGTGAAACTTCGCCTATGGATGCACTTACGGCTGCAGTACGTCATAGAACGATATGTGCGGAAGGACTGAACTGTTAGAAGGTTCAGAATTATTGTCGGGCAGCCGCCCGGCGTGTGAGCCTACTACCAAAGATGTTGATGTTGTAATAAATTTAGTTTAGCAGTGCACTGCATAAAGCTCACCGATGCGTGTGGCGTTCGAGATACTGAGTCGGGAGGTATTGTTAGAAGTTTCACCTGGCGTAGTGGGATTACAAAAGTAAGACCTTTAATCACTCGATACCCGCACTCGCAGGTATACATTACTAATTTGGTTTTTCTCCTAGCTTCCCACCCGAATGCATGGGTTGTTAGAGTCCTCCCCCCAGCATAGGGTATGTTTATCCCTGCAGACGAATCGCAGTCTATATAACGTAACCCGTTGAACAAGGTTTTCATGCCGGACGTACGTGGGACACTGGCCACTGCTAAGTAAATGACGGGAAAACCATCTACTTTGCTTTGAGGGGAGCTACTTCCTCACCTGCCGCCACCGGAAGCATTGCGACACCGATCAATGAAAGCGGAACGGAGACATCAAGCGCCTTGAGTTGTACATACTCAAGTCGGCTTCGGACTGGGTATTGGGATTCATCGAATAAGTTGCAACGTACTCGAGGCCCGCGCGTAATGGCTC,1672,49.76,Mus musculus
SEQ_319795,AGCACGCTCTCGTCGTGTGCAGACACGGGTTTCGACCATATTAAGGGATACAACTCTGTGCCCCCGCTAGCTTGCGCGTCAGAGTTTCTAAAGTATTTCCTTGCAACCACATTGAAGCGAGTCTTGAACGCAGAGAAACTTTTTGGGTATCAGCTGTCATATTCTATTCGCATAGGCCAGTGCATACTTGCGAATTAACAGTTGCGCTCTGCAGGAATTAACGTTCTGGGAGTCTTTCCCTCTTCGAAGTCCTTCGGGCTGCATTGTAACGGTAGGTCAGCTGCCCGAAATCTAAGAACAGGGGACAGACAAACGCCAATTAAGACGCTGGGTGAGTGAGAGAAAGGTCGAAGCTCGTAAAGCGTGAGCAAGATGGTCGGCGCTGTGGCATGCACCTCCTCCTGGGTGACCACGAATCTGGCCTATTTACGTTAACACCCGTGTCAGTACAGCTAGGAGCCTTTATCTAATTGCCTTGTGTTCATTCTCTGGATTAGAAATTTATAATAGTTTGGCTATCCACAGCCTCCCATATTTAATCTGTAATTCGATTTATCTACAAAGCCCGCCCAGTGCCTTTTGCTACAGGGTTCGCGATTAGCAACCATCCGAGCAAATGGGAT,623,47.99,Escherichia coli
SEQ_811670,CGGAACACTCAAGCCGGATTTGAAGTTCTCATCAACGCTCTCTGCGCAAACAGCATGGGGGTTGTTCTCTGGAGGGTCAGGTTGGGCTAATTTACTGACTTCGCCCTCACTAGCATTAGCACAGCGTTCACGGCCTCAAACTCGAACGCATGGGCCCAGCTTAAGTAAGTCTAGGGGGATATACGTACAACGAATGGAAAAGGGCCTAGCTCCGTGAAAAAGGGCGCGGTAGATATGAGCTTATAAGAGCTAAGTCTGGGGGACCCGTTGAATCTTGCTACACCTCCGAGACTTTTGGTCCCAGTTCTGTACTTTAAGAAATACTTGTTGTAGTAACTCACAATCTGCATGGAGAGCCTGGACCGGTACCTTCCGATTGTTTCTTGGCGCAAACATTAAACTCATAGCACTGGTCTTTACACGTCCAGCTTTCTGAAGTAATGTTACGTAGCGTCTATTACATTTGGCCAGCTTAGCACCACCCATAGGACCTGGTAAATTGTATTTAACAGCCCATGCACGCT,524,48.09,Escherichia coli
SEQ_453383,GATCCTGACCGAAATCCACGTAGGAAGTAGCTGCATATGACTATCAAACCCTTCTGTTTTACACAGGGTGTCCGAAAGTAAAGTTTCGTGGACTCCGTTCTTCCATGACTTAACCTAGCTAACCGGAGGCTGAGCCCTGTTTACTGAAGGCCCCATCCACACGGGTTTTCGTTGTCTGCGCAAGGCGTGCCTGCTGCGTCGTATCCTTCGCGTGACATAAAAGGAGAAGTAAGAGGTTCCAGTTTTTCTTCTCACCAGTGTACGCTGGCTAACCCCCGGATTTGGTTATTGTCGGTACACTTTGCCTTGACAATCTTCTGCTGACCGTCCTATGAGCAGGAGTTTCGCGTGGGAACCCCCGGGTATTTAGTTGGTTGTCAGATTGTCACTCGATTGAACTAGGAGTGAGCGATGGGTTGCGTCGCTCTCTGGCTCCATGGAGGTTCAACGCTCCAGGCGCCAGGAATGGCCAAGGCGGCGAGTGCCAGACATCGCCAGGGGGAGGTGTAGAGTTTCGGCATGGGTCTTAAGTTTCATGAATTCGATCCTGTTTGTTCGAAATTCCACATTAGATAAGTACGGACTTGAGGTACCACCTGTCAATGTAACCTTGACTCTTTGACACCCTGAAATTGAGCTGACTCAGCCGGAAGATTGTAACAGAGTCAGAGTTTGAGTTACCTCTGGGCATGTGAGCGCCGGCCGCTGAGAGATC,715,51.05,Drosophila melanogaster
SEQ_297852,AGTATGAACCGTCTTCTCACGTCGGTATGATAGAGTTAGATTAACCACTGCAGGTGGATCGCACTGCACTTTAGACGAGCGCAGAAATTATTCTTACGGTGACGCCTGCTCAATATTGTGAGTAGGTTCTATGAAGGGTCATGATACTCAGCGCAACGTCATTATTAGAACGTCGTCCGTTTACACGTACGATGAAGGTTCAACTAATATATATGTGGGGCGGGGATCAGTTTCCGAGTCCTCGATGGGCAGTTGGGTGTGTTATCACGGCGGCGTGATAGTGAACTAGGACCTGATCGTGGACGTTGATGAGATCCGGTAGTAACGTAATACTGGTTTAGTGGGAAATTACGATATCTATTAAGACCTTACGTATTACGATCTTTGAGCGAGAACTCTACTGTAGATACACACCAGCAGTTGTACTGAAAAGGCTAACTTTGTGGGTTAAATCTGTTACTTGACTCCTAGAACCTTAACGATGGAATGCTTGGAGGCTAAGCAAGGCAAGCTGACGGTCAAACATGGAGTGAGACCCAGGCTGACCACGAGCGCTCGAGACGATCTAAGGCGGCAATGTTCTGCCCTATACGGAATCTCGCTCGTCGGACTGAGGGCTTAGCACGCAGACAGCCCCCCACTAATATGAACTTTCTTCACGCAGGATTTCACCAATGCATGGTTGGAAATCTCCCGTCACAACGGCACGTAAGCATACACTAGATCCGGCAAACCTCAAGCGTAGTCAAGGATCCAACAGGAATTACGTATACTCCGACGTCACTACACCGTCGCCCCGCAAAGTACGGATCGCCC,816,48.28,Arabidopsis thaliana
SEQ_916586,GCACCAAACGGAAGTATTACCGGGGCATTGCGGCGAGCTAATACGCGTTCCTGACTGAGTTGCACGAGGCTATCCATCTCCGATCCCGATCTAAAGGATCGTGGCTCCTCTCACGCTACATCTACTACACCCGCCGTGAATCTGGCAGCATCTCCATCGGGGACACTCATGTGTCGATTATTTCGGATCGGCAGATCAACCCAGTCCTAGCAGCGAAATGGAACGCCGCAGCATAGGCTGGCACTATGTAAGCTCAAGGCGAAACGTATACTGACGAAGTGAAATGGCAGGTGACGTTACGCTATTCCCGGGGACTGCGAAATAGAGCTGCAGCATGGAAATTCGCTTACGCGTTTGTTGAGTGGTTATGCCGGTGGTTGCGTGATGGTCCTTAATAACAGACTGACCTCAACATCCCGCACTACCAGGTCTCTGTCGAATGATCCACCCTATAAAAAACTGAGACAAGGGTGTCCTACGGCCGGAGGCAATTTGCGGGGCGTTTCTAGTGCTTTGGATATCTGAGGCTCGTTCCAGCTCATCCATGTAGTGGTATTCTGTCCCGATAGAAATCGCGCTTGGGGTCCACCGACGGCGTGGTAATGCGGCGCGAAAGACTATTAGTCATGAGTTCCGTCGGGACTACGGAATGATATAGCCTGGTAAGTGCAAAGGGGTCGCCTTCTAAAACTAAAGAAAAAACCCATGCTCCAAGATCGCGTAATAACTTGTAGTAGGAGTTCTATACTGCTGGCGACAGTCTGATCTACTCCGCACGCTGCCAAGCCGAATGGGCTACACTCGCGGTGACAAGAACAAACGTCTTACCTATCTCTTGACACGCGGGGATATGGGCGAGTCTCTTCAACGATCCATAAAATTACCTCCCTGCACGACCATAAGCAGAATTTAAGCGGATAATAACGGGGCGGCCACCCCGAGCAGTCGGGCTAAAGAAATATCGAACTGGGGGCCCGCCGGCGCTAAGTCCGATTATAACTTCCCTGTCAGTACTGTATCTCTAATGGCATAAGCCGTCCGGCTAACTTTTAAGGATGCTCACATATGCTACATCGGACAGTCACAGATGGACTCGGTCCTTGCAGCTTCGACGCGGGCTCGAGATTTACACTGACCCGATCAATCACCCGTAGATTATGATAGGCATTTGTTAAGGTTTCCCGGTCCCATGCATAGCCTGTCCAAGGGGCGATGTTGGCGTTCCGCAGCATCGATCGGGAATATCGAATCCTAATCTCCATGCACGAACCTTCGAGAAGTAGCAACGCCTAACTCGATTCCGCGTACAAAGCCTATTCGTATACTGTATACGCAATCGTTCTGGGGACGAAGGAGCACCTCGCATCAGACTACACTGGAGTAACTGTGGTTCAACAGCTAGATTCGTTTGCATCTCGAACCGTGGTATTGCCGTCTGCGTGGTTCTCTAGTAGAGGTCGCACATTAATTCAATTAAGGGGGTCCTTATCATGTACCTGACTGTGAGTAAGGTAAGCCGCCAGCCGGGCCATAGGTAGGCTGAGTTTGGGTTACATGCAATTAGAGCACTACTCTAACATACAATCCGATTCCGGGCTTTATACCCTTCGCATGGTCCCCGGAAAAGTGAGTCACACAAGCGGAATACAGAGAGGACCATCGTCTATATGGTATAATGCGAATACGGAGCTTGAGGGTCAGTTGAGAGCAACCCTCGGGCATCATAGTAGGTATAATACTTCTGGCGCTGCCCTGTCAA,1759,50.82,Homo sapiens
SEQ_905756,CCGAACTTAGGTTTGTGTAACCCTCGACGTGGAAACCATGCTACGCGTTGCAAGCGTATACATCGTGATTTGACTTTCTAAGTGGCCAGACGAAAATTTGGTGAGGAGAGATGTCACACGGTACGGATGAGTGAGTACAGCAAAGGCGGGTTCGCGACCACCAAAGGACTAAGCATAGAAGGGCCCTCCAGAATAGTCAATTAACCATACACTAAGACTTTATCGGTACCATGAAAAAAGCTGCCGGGGTCCGTGAAACATCTGCTACGCGGACGTGCTGCGGGTTGACTATTAAGACCAGGACAGTGCCGTCTGCAATCATGGCCACACGCCGCTAAGCACGCATTCAGTGTCTATATTCTGCCTTTACTAGTTGAAAGTTGGCAGCTATAGCTTTCGACTTCCCTGGATAAGTCTATATTTATATTCCTCCGACCGTCCTATACGATTAACACTGTTTCGCCACACTATGCCGATAAGCCGAGCCCCTGACACGCTCGCCTATGTGCCTTCTTTAGAAATTTGGTCTTGTGTCCACTAGTTAAAGTAACTTTCAACAAGTGGATACCACCTAGCTGGTCAACCCTGTCATCTAACTTAGCAACGCTATTTTTCGCTATTAAGCGGGACGACGACTTTACGCCACCAGCGCGATGCGGGCATCAATGCAATCGCTACTCGTTAGGACTTTCTGTTTGAGCGTCAGTAACACTCACCCGTATTCCTATCACCTAGAGAATCACAGCTAGCCGTGGGAGAGCGAAACAGTATAATGGTTCGATGCGGCGCCGCTTGATCAGTGTCGACGGTTCGTGCTTACGTGGGGCCCTAGGCAACGAAGTTACGTTACCCCTTATGCGCATCATAGGCATCTTTGATCAAATGATGGGTCAGTCAGTAACACTGATGTGAGCTCAATGCGACTTGAAACTAGCCCGACAAGCCGTTAGAGGTAGAGC,959,48.8,Drosophila melanogaster
SEQ_206024,AGGTCGACTACTTACTTATTCAGTCCCATCTCCGGGATTATGTTCCTGTATCTTATTTGTCCATGGATGAGTTGTCGTCAGGGGACCGTAAGTTATCCGTCTAGGGGTATACCGCCCCAGAGATGTTTAACTCGTCTCCCCTCTCCGATCGCTATTTCGTACAACAGAGTATATCTGAAGAGCCGGCCAGAGATCCTACTGCATAATCACCAAACTGCTTAGCAAAACGGTGGAGTATGAATGCGCGAATTCTAACGAGCCAAGGCTATTGATTTGTGCATTGGTGAACTGTCCGTGCCTGTGGTT,306,47.39,Homo sapiens
SEQ_286796,TCAATAATTTGTGGTGGTCACATTTGATGTGTTATAACGTGCTCCTATGACTTAGAATGGGACTAACCA,69,37.68,Escherichia coli
SEQ_841288,GGATGCCAGTGGAGCGCAGGTAGGATAATAATGAGCCCAGCGTGGGACACTGTACCTTGACGTAATCGACTTAAG,75,52.0,Saccharomyces cerevisiae
SEQ_814061,CATGGAGCAAAAATTAAAACGGGCCCAGGTCGCGGAGGGACTTTACTTCCCCTTCAAACTTAAACAGGGCATTTAAGCGTGGACTTATCTCCTGACCCCATTGTTTCTACGACTAACTTCACACTAGAAAGCTGTTTGCTCCGATCAGCGTCTTTCTCTGTCAGCAGATCTGGGCGTTATGGATAAAACGAGCCCAAAACCCATTCCTATTCCCTCCAGGTCATTAAATGCAAGTGGAACAAGCAACGATGTATCGGCGACATCGATATTCTACTGGTTGCTGGGGCAAATGCAACGTGGCCGATAGCGGTGGTAATGTCCATCACGTTGAATATTCAGTCTGCGAGATTTAACAATTCCCCATCCATCACTTCACTTATACGAAATCGGCTCGGAGGCTCATTCACTACGTCGAAGTAACGTTGCCAACGACTCGCAGCGTCGAGCATTTCTGTACGTCCGACAGTAATAAACCAAAGGGGAGTCCGGATATTATCTGACTAAGCAAGCGTTCTCATATGTCTGGGTGACCGGTGACGGTACTCGTGTCTCCGGGAGATGCAGCACACTGGATGCACCACAGTTGATACATCAGGTTGAAGTGTCCGTCGCTTAACCGGGGGGCGTGGTGAGTAGTATTGTCCAGCCACTTCGCACCCCTGCGAA,666,49.4,Arabidopsis thaliana
SEQ_795193,TATGAAACTTTCGGGGACTTGCGGGTATTGTTTGCGCTCACTGACACGGGAAACGTGAGGTGGTGGCTAAAAGATGCTGTTGTAGGGCGCCTGCTCTGACATTGTACGCCGCACCTAGTCCTCATTACAACGCGGTTTGGCGTTAATGCCTCTGGAAATTTATTTTATTCCGGCGCAGCTGGTAATCCAGTAGTTTATGCATAAGGTGCCGCTTCCAGAACTGAAGGCACAGCTACGCGAGGCGTTGCCACTGACTGAGTAGCGAAGCAGGTGGCTCGGCAGAACGTTCGTTCCGCCTAGCGCTTGCCGAAGTCGATTCCGAGAAAGTATGGAGGCTCTGGCGAGCCACGCTAGCGCCCTGTCAGCCCCCAAATTGCCACAAAGATTACCTGGGTCCGAACGCGCGGGGCCCGACATAGACATTACGACCACGCGACATTTATGGGCTCTTCATCGTGCATGCCAGGAAGCTATAGCTTGTGGGTGTCGGACTAGCGCCCCTATCGTAGTTACGGCGGACGAGACTTCCTTCGCGCGAAGCACGTCCGTGATTAGTCACCGTGACATGGTCCTGTTAACGTCAGACAACAGCTCACAGAAAGCGGAGGGCGCGAGTATACAGCGAGAATAGCCGGCCTTACGAGCGTTCGGTCCTTCAGGCGTGCGCTAAATTTGGAGAGCCCATCCTAATTCGGGTAAAGAATCCACCAATGGGACTGTACAGTTAACTGGGCCGATCATGGGAGGAATCCTGTAGAGGTCCAATCAGACCTATAGACCACCTGGTCTATGCATGAAACCCCAAACGAACTTAGTAAAAAGGAACAAATGGAGTAACCGATAGTTTGGAAAATTAGTTAGGCGGCGCGCGGTCGGGGGGATACTAAACCTCAAGCCGAGGGGCGCAGCGAATGACGAGGTGGACAACCTTACATCTGTAGTGACTGTAGAGACGTACATTTGTACGTATACACTCTGGTTAGGCTGCCTCTCATTGGCCATACAGGTTGCTGGCAATCCTCCGCGAAATCACGGGAACTGCCAGTGCGACCAGACTCACGAAACGCGAAGTATGTTTCTTTGTATACGAGTATTTTACAATCAAATATATCTGAGTCGATATATGTTCTTGAGAGCGGATAGTAGTGTTATGTTCTCTCCACGTCGGTTGTGTCGTTCCGTTCTTACAATCGACTTCCTGCCAGTGTCGCTGACAGAGGCGAGTAGTACTCGCTAATCAGTGTTTAAGTACGTACGACGTTGTGAAGCAGTCACCTGGAGACTATCACGGAACTTCTGCTTGTCTCATACGTGATGTCGTACTCACCGTCCCAGAAATGTTCGTTTGGCCCGCCTCTATACGCGTTACATGTTTCCACTTACCTACTTGCCTCGCTGCATAAGGGCCAACACAGCCTTTTGTAAGCCGTGCACGTGAAATATACCCTCTTAGTGGTTTATAGGTAGCACCTATACGTAGTTCGGATCGAAGGCAATATGACTAAGAATACCGTAATCGAAGAACTACCACTGCTTAAGAACAAGTTGAGGGAACCCAGTCGTGGACCAATCCCCGAAAGTACGCTAATGTAACCCGTCTAGAACCACCGATGCTTGCGTAGCGAATCCATCCCATGAAAAAAGTCTTATGAACCAGCGCCCCCTTTGAGAGATCAGATGGGGCCTGGATGAGGAAAGTGTAGTGTCTATTGGGAGAGTTGATGACAATCGGGCAAAAATCTCATTGATTGAGGTTGTGAGCTTACGCTTGGCTGCAGTTCCCCCGACGCCGGTGCACCTTCAGTTCCGCGCATGCTGCTGGAAGTT,1827,50.85,Saccharomyces cerevisiae
SEQ_292321,GGCTCTGAGTCGGTTCGTATCATAGGTGTGGGATCCGATTGAAGAGCCAATGTCATCTCCTATACCTGCTCGCTGCAACGTTGAGCAGTCTAAGAACTTTGATATTTCGCAAAGCATATATCAATCAGTTAGGCCATGTGACCGTACGAATCCCCCGCACGATCTACCTTGTGCTGCACTCCAGAATGCGCTCGCATGTATTACTCTCGGATCGACATCGGTACATATGGGATAGTAACTCTACCGCCCTTCGAATGAGACCCGACCGATGTGCTGAATGTACTTAGAAGGGGGTCTGTTCTGGCGCAGGTCTTATTCCATGATAAACATCTCGAGTCTCACCCCGCCTAATAGTCACAGATTGACCTACGTCACACGCCTCTTTCGTTGCGTATGTTACGCTGGTATCATGTCGCCCAGGCCTAATTTGTGCCACGGGTTGTTTGGGGTAGGTCATTAGCCTCATCTAGTCGCAACCAGGTGAGCCGGCCCTGCC,496,50.81,Drosophila melanogaster
SEQ_791119,AGTAGCGTAGGGATTTCGCTAAAGACGAGCCAATTCAGGCCTGACCGGTACTATCCCCTAAATAGTCTGGAGTCATCTGCTGCTATTTGCCTTTGGGTCTCGATCATGCTCTAGATAGTTGTTGTACCCGCGAAACCGTCCTAATGTATATTCTGCCGACGTATAAGTTGGAGCTTTCACTCCCATAGAAACTGACCCTTACCATTACTGGTGTAGTATGCATCGTGAATATTGTCACCCCCCGTCCGTCGACGACACTCTTTTCATCGGCGATATAAAATATTACGCACTTAGATTATCGTACGAGTTTTAGAATTAACGACAATGCCTCAACTGTCCCCAACGGTGTTTGTTCATTCGCATTCATCCTCGCCACCCTGATGCGTCCCCCGGAATGCCTGTTTTGGATACGCTTCGCTAATCGCAAGAGGGAGCGCACCCGCGCCCAGCTAAAATATGGTTCGAACATGTGATGCCGCCGTCACTAATGACCGTCTCTCGAGTTGACGGTTAAATTCCGTATCCAAATTCCATAAATATAAATGGTGGCGGAACGCTTCTTTTGGTAAGCGGGTAGAAGGGGCCACCCCGTTCAGACCAGAACCGTAGACAGACTACATACTTGGTATCTTATATGGGTACCAGACTCCTGCGAACAGCGCAGAACAGTAGCGCTGTGTACAAGCAATTATCGCCCTCGAAGGGGAGGAAAGGCCTGTTTTTCCCAAAGAGTAAGAGAGTCCCGCATGTCGGACCGACTCGTGTCGTATCTTAACAACGGGTCGCAGCCCGGAACGGGGCCAGTATGGCATTATCGTCCACGCGAGAGGCTTCTCCCAGGACGTGGGAGATATACACTACCGTACAGAAATTGCTGTGCTGAAGGTTGGCATTATCAGTCTTTGGGTTAGCCAGTTCCAAACAGCAACTGAAACGGTGTCCTAGATGACACAATGTCCTCGGGTACTGTGAGAGTATTCAGTCTTAGGACGCTGATACGATTGGCGCGTTTGCGTTCCCTCGGGCGTTAATGGGTCCGCTGGAACTTTGCTCCAATCATCTGATGGTAGATCTTGTGGCCAATTTAACTTGGGAGAGAAAATATTTGTGTTTAAGATATTGAGCCCGTGGTTTCTCCGGCGTTTTAAATCACACCTATACTATCATAAGAGTTTCGCTATTCGCCGCGAGAGGATTTAGCCTCTTTATCACGGGTCCTTCGTCACCCTAAATGCGATATGTCTGCAAGGTGGGACCCTTAAATAGCCCCAGGCCCTCCAGTCGTACACG,1290,48.99,Saccharomyces cerevisiae
SEQ_375147,CTGGAGATAGGATCTGGGTCATTTGCTAGGCAATTTAAAGAATTAGAGCACAGATAGCTGTTAGCCGAAAATTAAAACCGTCTTACGAATTGGTGAGAAGCGAGGTTGTGCCTAAAGTATGAATGGAATACGTTCCAATAGTACGGCACGCGGATCGTGCGACGCGAGTCTTCGCTAACTTCGCCTGAGGAGGTTCTCGTCTCGCTAATCTCGACGGACCCATTAACAATGCTTTTTTAGGTACTGGAATGTTAATTATAAGATGGCGACACCATTTGTCCGACCGTGCAGTCCGGACCTGTTCCAGCGCCTAGACTGAACGGACGTGTCATGGCGATCACCACGGCGAGCCCGTTCATCCACATTAAAAGCGACGGACGGTGTATAAATCTTATCTGAGCGGACCTGTACAAAACCGGGAGATCCCCCCAAGAGTACTGTGTGGTTTGGTGTACAAATGCAATGCCTACCATACGCAGGCCACTTGCTACCTGTCTAGCCTCTCTAACTAAGCGAGCTTATGAGATACGAAAAGACAGTGCTCTAACTGTTGGAAGCTGAATGCTAAAACTCATGTGTACCTCATAGTTCATGGTCAACGCGTTATAGCTACATGCCGGCGCTGGACAGCTTTCGTGATAAGAACATAGGGCGTCTGGTTAGCTGAACCCGATTACCAGACGCACCAACCAGTGCCCTCCTTGATTCAGGGTATTGGCTACGATGACACGGAAAGCGTAATTATTCGAATGGTAGACTCCAACGGCGGGTCATAATGTACACTGTACATCTAATCGGCCTGTGTTAAATAACGAGCGCGACGTTCGGGTCTTCATATCTTACGTATGGGTCTCGTACCGAAGTTGCACATCATAGCATCAGACGGTATCCGGACCGGATATGCACAATACACGGGGAATGTGCTGCGCTGT,932,48.61,Saccharomyces cerevisiae
SEQ_967251,CGGCGTTGATCACGGCTTGCAACAGAACATACTAAACTCAAGCGACGTTCAGACTGATGCGGTATTCAATCATTTTTGATACTTCGTGCCAAGCCCCGCGCTCTTTGCCCGCTGTCTTTTGCTTGTCGCATGGCAGCGTAAGGGTAGACCTGCGCCTGCTTCGTCTCACAGCCATGCGGACCCATAACTCTTGTGGATGACTGTCTCACACGGTGGCAACGGCGTAATGGACGTCATTCGAAACTGATGATCCACGGAGTCAGTCAGGCCCGACCATGTAATCTCAGATGACTCCACAATTAGCCCGAGTGAAGTGCGTGGGCAAACTTGATTGCCCCCGGAAATTGGGGCTTCGTTCCTACCCTTGATACTAGAGATTGTCTATTCGGTGCAGTACGTGGCCGGTAATCAGATGACTCCACGTTAGCGGAGGCGGCCCGGAAGGCCTGCTAAGATTCCCAGTAATTCTCTTTTTACGGGTATAGTAGCAGCCCCAATTGTGCAGCTCTGATAAGGGACCCACCTTAGCATCGGTAAGGGGTTAGTAACAAAGAGCTTTTGCTTCATTGCATTTCCATGCGGATAATGCAAACCAAGATATGCTACGCGTGCTATTCGGCAACCCCAGCGATAAAAACCACTCCTATAGTGTGCACCTGTAATCTATGGGAATTTACAGACCAAGTATCGTTAAGGTAATTGATCCGCTTGATAGGGCCCAAAAACCTCCCCAATCTTTCTCTTGAAGCAAACGAGACGGAGTCCTATAGGGTATGTATCGCGGGATCATTATCCTTATTAATGCTAATACCATCCGACGCTGGACGCCAACCAGACTTGCTGTTTAGCTACCGTGCGGCTTACACACCCCATTGCTACCGAAGCGGAGCCTAATCCGTGGGGGCTCGGAACAATGTGCCCCTCCTAGAACCGGCGACCGATTGGTTATTGAAAAACTATGTTCTCCGGGAATGTGACTAGCAAGGTGTACGATGCCGCTGGCCCGGGCGCTTACACTGTGAGCGGCAGGCTGTTAGGGATTAGAAACATCTTAAATCGTGTGAACCACTCATAGAAAGTTCGAGCTATGACGCTCTGCGCTCCCCGTAGGCCTTGGCCTGAGATTCCGACACGACTAATTAGGTGCAATTAGACCGGTCTCATACCTGCCAGTGACAGTATTGACACGCGGCACTTCCCGTGCGGTGATCCACTACTCCCCGCACAAAGCCTCGATCCCTACTTTAGTATTATACGTTGCCATACTAACTCGCATTCGCCGCTCGCCTAAAGGGACAGTACTTTCGATCGCTGTGATGATGGCGTCAACGGGCGCC,1337,51.23,Escherichia coli
SEQ_980200,CATCTGAGGCGGGAACGAAGTCAGTTCCAAGACAACGCCCTGAACCAGCTGGAAACGGATATTTGGGCTCGACGCAAGCAAAC,83,54.22,Mus musculus
SEQ_878349,AAGTGCCACAATTTATCGATTAATACAACTGCATTCCCAGCCGTCGACGATTCAACTGGTCAGGAACAATATGGCCTAAAAGCGCATCGTGAACAGCTGTCGATTCGCAA,110,45.45,Escherichia coli
SEQ_395192,CTGCATAGACTAAATCCACTTTACACTCGGGCGTAATTCTTCATCTGTTAATCTATTCTTCATCTGTGGGTATGTAGCGTTGTGGGTTCACCAAGAAGAGAGCGGCGTATCCGATTCTCCGAGCGGTTACCGAACCGGTGGAAACTCTAGGCCTTCTTTTCGACCTGGGTGTAGGTTGTTGCACGAGTTCTTCTGTGAGGCTCTGAACGGAACTGTAGCACTTAGCGTCATATGCTCATGCTGTACGAGACTCCTTTAAGAGAGGACTCTTGAGAGTCTGCAGGGTGGATGACCGTCGTGCGTATCAACGACAGGCATTAGCATGCTGATTTGACTTATATCGGCTCGTAATCACTGGTTCGGCCAGCTTATACATCAGCTGTCTTTGCTTTACCTGCCTGTGTTAACGCCGCTCCCCAGTAGGCGCCTTCCATCGTCTACGTAGCGCATATAAGGCAACACACGCATAATTGTTCGTTTACGGTACCTGCTCTAAGCGTCGATGATCTACATCCTTGCAACCGCACGTGCCCGGACAAGTACGTACATTTAACCCGGTCTGTGAGTAATGAAGAATTGATAGGGACTGGCAGCGTGCGAGTGCGCATGTGTACTTCAAATAGCCAATGGACACCACAGGTATAGCCGTAGTAAAGGTCTTTATAAATCCTGCAACTCTTAGTTGTCGCCCATAAC,696,48.71,Mus musculus
SEQ_530078,TATGCGGGAATGACTGAGATAGCCACTAGGAGGAAATTCAAGAATTGGGATCCCTAGGTCTCACATGCCTCCCCTCAACGGATACACGCTCGGAACCCTTTGCCTTAACCGGCCCTGTCGAAATATTGTGTTTACCATTCTATATGCCCTGAGCAAACCGTCAACTGCATTGTGTCACCTGCATCAGAGACTTGCTGAGGGGCGCATGCATGGGTGCCGTGGGAAATTGCCAGTATAAAGGATTTCAATCTCGGGAACTCGTCCCTCTGGGGTACGGAAGCAATTAAAGCCAAACTCAGGCCACGGAGATGTCCCCCAAATTACGGTAGCCATTACGGACTCCGGCCAGAGGAGACCCTTCGGTCCGCTAACGAGCCGCGCCCCGTTCGCCAGTGGCCAGTTTGCTTACCATTGTTTTCATATGTGATCCTTGCCGTTGGGTCTGCGTCTCTGCATCTTGACCAGCCGGAAAACTTCACTCTAGCTGCCCAACACCACCTTGCCAGGTCAGGTTTGGTCCGCTAAGCGCTTTAAGAATCAATTTTAGGACTTCCCAGTGCTATCTGCATCCTCGA,575,52.35,Caenorhabditis elegans
SEQ_472749,TATGTCTACTGATACTTATTCCTGATTGCACGTTGGAGTGGCCTGTCATCATGTGGGACTAGATATTAGAGAAATAACGGTGCCACAAGGATAGATCCCAATGTTGTCCCGTGGCATAGGCACCACGAAATGGATCGAGGCTACCCAGCTCATTTCAAATAAGGGCGCCCGCAGGACACGATAGTTTTATGTTGGATGCGTTGTGAGAAACGGACATCATGTCGTATCCTTCGCAGAATACATTTCCCGCTCTCCTTCTACAGCCGTGCCAAACTCCGGTAAAGAGGCGAAGATAGTATCCGTACGATGACATATGACCAAACAGTAATAGTTCTCTGCTATAAAACAGTCCGGTGTAGTAACTATATCATAAAAGATTGGAGAGTCCTAATCCCGCCGGACAGGGTCGTGACTACAGCCGACGTATGTGTTACAATAACTCTATCCTAAACCATCTATCTCCTTCTCGCACAAATTTCGCTGGCTTTTCGGTTGGAGTGATTTACGCAAAGACAAATGCGCCCTAAGTCGAGTCAAGGTATCTTTCTAGAAGTATATCGAAAGGGCAACCTAACTGAACACACCAATCAGCTTCTCACTCGAACAAGCGGAACCTGATGGCCGGTCTTTATGGGCCGCCACCTGGTTTAATTAATGAGTACACCGCCAAGCTGAATGTGCATGACCCATTGATCTCTTACTAACTGGGGATTCTATAACACCACATGGATTCCTTGAATGAATTCAGTTCATAAACCACTTGTTACTACCGCAAAGCGTCGGCACCGCGCCTAACGCAAAGGATAGTTGAGAGGAGGCGGGGATCAGCTTCGAAACCGATCCTCGTATGATTGACAAGATAGTCTTGTACCCGCACCGCGCGCTGATATCGTGCCCTTACTTTCTTCTACACAGCGCGTAACACGCTTCGTTAGGTATGTTTCGCAATGGACCTATTGCCTTCGTATCGGTAATTCCACTGGCCGCGAGGCCCATTGGTAGTTCCTCGCCGCTTAACTCTTCTCAAATTGTAGCGCCTTGTTACAAGAGCGAGGTTACTGGCAGGTGCTCCTAGGTTGCCGATTACATCATGAAAAACCATACAACGACAATGAGCACGCGATTTAGCAACCCTGCTTATTTCGTAAAAAATTCACGACGGCGCTCCAATCACTTAGTAATTGACACTTTCCCCAAGCCCGGGAAGGCAGAGCATCCCTTGACGATCGACGTATGGTCCAACGACGGGGCCTTTCCCCCTGACCTTGTTGTACGAGATGGGTCTCCCCGCAATAACTGGGTCATCTACGGAGGACTCTCATGATCACCGACAAACGGATCGGATAACAGCCGACGGAGACAATCCGAGAGCCGTGCTAAATGATGACGTGAATCATGTTTGGTATGTCAGAAACATTTCGAACCTGGGAATATACAAAGTCCGGGCAATGGACTAGGAAATGCCCCCATCAGTGTGCTTTCATACCATAACACGTCCGCCTATCTGCGTCGCCCAATACTAATCGCTGACACCCTTGGCTTAAGATCAGCTTGCGCCTTCGCAATATGTAAACCGGAGTTCAATTCCATGATTACTGGCAATAAGGAGGACGTGAACTGAGCCTCAGTCAGTCCATGGGGAGGCGACGA,1650,48.24,Arabidopsis thaliana
SEQ_308078,CCGTTGTAGGCTTACACACGTGTGTGACGCACACGTCACGGATAAGAGGCGCTTTATGCGGCTAATTTAGATGTTAACCGACAGCCTTTTCATAGGCTATCACTGCTACATGGGTAGAGTTCACTCCGCACTCCAAGCCTATCGCTATGACCAGTGCCAAGTCCTGCCCGTTTCAGTTAAACGCCAATCTACAATCGAGCAAGCCCCTCCCAGCGGCAAGTCCGACGGTTGCTTTCAGGGGCATACAGGTTTGCGAGAAATTTTCCGGCCACGTTCGGACGCTGTTCGCCACCCAATGACCATGTTGAAGATAGCTCATAGGCGTAAATGACATTGCTCGTCAAGACCCCTAATGGGGTGGTAACCGGTAGTCTTTCGGGCGGATTGCTCCATGGCATCAGCAGTAAGGACACATGATAATGGCTATCTAAATAACTGATCGGAGAGGTGTCTCCGACATTATTGTCCCAGAGCCTCCTACTAGTGTAGTGGAGTTATATGAATCTTTGCCGCAAATTCAGTTCACTGCACAAGCGTTGATAGTCTTGGCCCACTAAAACACGAGTCTGATAGACCCTGCCAATAATTACTACA,594,49.33,Arabidopsis thaliana
SEQ_995803,CGTTTGACTTTAAATACCTCGCCACCACTCTAGTTTGCCGATAAGGGTCAGGCCAATACGACAATGCAACTATCCCATGTCACTAACCGAAGGTGGCGGTGCAAATCCGATTCGGGCAGCTATCACTGACTATACCGGCTCAGTATGCGATGCCCGTACATTCCTATGACTGATCTAAAGTGTCGTGATATATAGAGTGCAGCGGGTTTGCCCAGCCCAGTTAGGATATCTTTAGTTTTGTCCCTGACTCATTACCTTCCCATTGACAACATCGTTGGATTTAACATGGCCCGGCGGTCAGCCGGCGACCGGGAGGCGAAATCGCTTTTATGGTGTCGGTCGAGTGGAGCATGTTCCTCAAATCTAGCACATCGGTCAGTGAAGCGTCGCCGTGCACGATAACGCCGTAACTTCGATTACCCCGCCCGCCCACTACTGTGGAAAATGGAGTTCACTGGGTGCCAGCGTGTACTTTTCGTAGAGTGTATGAGGGTACAAGGTGCAAAACAAGGCCACACGATCTTATTTCAGTAGTTAGGTGAGGCAATCTGGTGGCACTGTGCAAAATTGTTCTCTCATAAGTGCTAAAAGGACCAATACACACTGACGAGACCACCTCCGGAGCGAAACCCCCGTAGAGAAGACGCCCGTGACAGCGGCTCGAGGTGGCGATGTCGATACTTAAGAGCCGCCACAATTGAGGACGCATAACCTGCAGTGTAACCCCGAACATCACAGAATCCATAACGGGCAAGTTTTACGATGCCTACTGACCGGGCTTCTTGATATGGATAGACGCCAGCCTGCGCTGATAATGGATATATACAAGATATTCACTAGATAGGCTGACAACGCGTAATGCCACTGGTAGTCTGATTGTGGGTCTCGCTACGCAGCTCCCTCACGTTGTATAGGCTCTCCTGTACAGTAACTTATTGGCGTTCCATTACGGTTCGCTTAGTCCTATCTGACATCGTGAATTAATTAATCTCGGTCGTCGAAGCGTGTAGTAGTGCAGATGTCATCTATCGCGATACGGTGATATCCGTCTTTCCGCTGTCCGTGGTGCGCGATATCATCAGTCCTAGTTCCCGCTTGACCTTGTCGGGTGTGCTAGGGGTTTGACCAATGCATTATGGGATCACTGAATAATGTACACAATTCAGTACGGACGTCCTTGTGAGCCATAGCCCACGACCCGGGTTTGCAGTATCATCTAACATATGGGCGCAGAATTTCGTATGTTAGTTTCGTCGGTGACTATCCACCCACTTTTTAGCACATTTAAGTTTGATCTCACTTGAAACTCCGGAGCAAAGCTACAGTACATCGATAACTATGAAATCCGGTACCACGTTCAAGTTCTGGCCCTAGGCCTGTACTGTTACCTGCGTGTACCTATGCCCGTCTGTGAGTGACTTTTTAAGCGCGTCCAGTTAGCTCGGAGCGAATGTCGTGGCTTTAGCAGACAATAGCAGAGAAGTCGTAGGCGGTTCGGGTCGGGTAGGCAGTCGTTCGGGCTTCACATGCTTGCATTAACTCCAATTAGTCTTACCTTTAAGGGACCTGACGGTTTCCGAACCACATGCACACAACGCGACTGAAACGAGTATATCTACTTGCCGGAAGTCGCTTGAGTAACATGGATGCTACACCCGGGTTGCAGCGACCTCCAAGCCACATTTCCATTTTAGACCCTCACATCGGTGTAAACTATGGCCTACGCTTCTGAGCTCGGCAGTCCGTTACTGGCGCCAAACAGTTGCTGCACCTCTAATAACTATGATGCCCTCGCTTAGCGTACGGTAGTGAGATGCCAATCTGAATCTTTAGCAGAGATCTAACTAAGGGTGGCGAATGTGAGGGCGT,1869,49.76,Drosophila melanogaster
SEQ_773265,CGCAGACAAGGAGGGAGTTGGATCGAGAAGTGTGTTTCCAATATGAGAAATATAACATCGCCTTCGTGTGATAACGAAGACATCAATGCTACCGTCACATATATGCGGAGGGCATATCCAGTTTAGAACTTGTCAAACATGTTACGTCTACGGCGACCCTTACCTGCGTAACTCCTCCAAAAGGAAACCAGCCCGCTCTCGATGCTCAGAATGTCTCCTATTTAGACCGGGTTTCGGTGTCTTGTCTTCACCGGAGTAACCTAACACCTAGAATGGCCGCATAGACAGCTATGACTAAATCTGGTAGCGTGCCCCGGCCCCTATTGCTACAGTACGACCTGTGGTGCCATCGGCAAGGACGGATCAGTGATCATAAACCATTGAATCGTCTCTAGAGCCATTGGTTGTCGTAACGGCGTACCGGCTCAATACCTGCCCTTTAATCGGTAAGATGACAGAGCGCACTAAACCGATCACGCTTTAGTCGCAGGGACCAGTGCTGTCTTCAGTCCGGCTTCTACATGAGAGCTGGACTAAATGTAAATTTTCTCGGGTTGCACCACAGGAAATAGTGAAGCTCTAGGCAACTCAAGGTGCACAAAGTTCGCAGTCCACCCTTTTATCTGAATTCGTGTAAGGGTTCGCACACTGCTTTATTGTTCCGCACGGTGTACATAAAAGGAATCTATGCCCGCGTGTACACAGTGTAGTAACGGTGCCTTCCTTACACCCCCGCTTCTGCCAACGAGAGGTGACTTCTTATAGGTGACGTCCCATTGGGACGTGAGCAGGGCGCAACCCCGACATCGTTAACGAGCGGCGTACTACAAGCGTTTTGGTGATGCGTTGCCTCATAGCGGAAAGAGAAACAACGCTAACTACAGCGCCGTTACGAGTTGGAACACTTGTTCATATATTATCAGCAAAATGGATTGTAGGCTAGGGTTCTGGGAAGTAGCGGTGGCTGCAACGGAGCTGATGTCCGCCTATTGTCAATTGACTCCTATCATCGTGT,1015,49.36,Drosophila melanogaster
SEQ_436895,TAGTTGTATTCCGCATCATTAGAAGCACAAAGCCCGGTAGTGAGCTTAGGGCGGGATGCGCCTGATCCCGCACAAAAGTGCTGCCCCGAAAGCTCATATAACCGGACAGGTTATTAGTGGAGATACAACGATGATGTACAGGCTTCAGGGTAAGGCTGTAATGCTGAGAGGGCCGTTAAGGACTGTCAATAGGCCGGATAAGTCCTACGAGCGGCGAGTCGGTTACCGGGTGGACCATGTGTGTGAAGCATATGGGCAGGCAAGTGATAAAAGTTACAAGGCGACCTGAAAACGGGTGATGAAGACCAACACGGGCAGCTTCAACGGTGTGCTAATTCCCAAAGCCTCTCCGGAGCAAGTAACCGATGACATAGTCAAGTGCAATTTTAGCAGAGGGCCCGGCTTCCGAGCCTTTCGCAATTGATGCTTATTCATGGGCGCGGAATCGTTTGAACGCTGATTTAGTAAACTGATCGGCGTATGGTATCGCGCCTCGTCGCCGTGCGGCGGCGGGGTTCGATTACACAGCCACGTGAACGATGGCAAGAGGACCATGTGCTCGTACTGCGATAGTGCCACAACCGTCATGGGGCATGTTCCATCAACAAATATGGGTACATGTGCAATCCAATATCTAATGACCTAATGCCTGGACGCAAACTGGCAAGGCAGGAACAGAGGGACCTGCTCTAAACCCACCACTATGATCTAGGGCGGGCCCCCCACAACCAACGTGCAAGTCACGGCCGTGACTTGTTTACACGAGGTCAGCTCCCGTCCGTGATGTAAGTTTTAAGGACAGATCTCTCACTACCCCAAGTTCTATACATAGCCCCCGATGATACGATTTTCTCACCTGGGCTAAGACAAAATCCTTCTAACGTCCGCCGAAAGCCGTGCCGTTCCCGCCACCCTTTAAGCCCTATCTTAGAGAGACGGCTAACTGTCTCGCATTTGGGCCGTCACTTACGCCTCCGGTTGTTA,984,52.34,Escherichia coli
SEQ_984716,TTTCAGATCCTTGCCGCCGGGGTTTTCACTATTGGCCCTCTGGTATGTTTAAAAGAACACGGACACTTGTGGAGATCTGGTGGATGTAACGCGTAGTGTAGGAGACTATTAAGCCCCGACGGTTTCCTTGTGTGGGAGGCGAGAATTGACGCGTGGCGGCGGCCATCTTTCAGGACTCTGGGATGTCGAAGAACGGTAAAAAGACCACTCTGGTCACAAAATGGCGTCGTATACCGTCCCAGACCCCAGATAGCCATCGTTTTTGTCCCCAGTCATGTCGGTCCAAGCTTAGCGCTTAAAACCACGGCCCGGGACTAGCGGGGTATTGGTAGATCACTTACGCTGAACCGTAAGTGCTCAAGTGGGGTCCCTGTACCCCTGAAGATAAACATTTCCTCTAACCGGAGCTCAACTGTGGACCGTGATAGGAAGGCAATGGGGTGATCTTTACGCTCCCCGTCAAAACGCACTCAGCCGTATAGAGCAAGGCCATATAGGAACTCCGACGTATCCACAACATGCTTGGCCCGCCACGCATTTTTAGATACACCCGCCGCATCGGGAAGCTAAAACGGCTGCCCTCCGGCAGAGATAAACGGACGGATAGCGTAACCACCAAGCTCGCGCCAATCTTTACCTCTTCGAACTTCTATGCTTTCCTTCTGCAGACGGACCGGCGACTGGGAGCAGCTGGGGTACATTCTGCGGGAAAACGCGCTACACAGGACGCCGTTGTTACAAGCCTGGTTCGGATGCGTCCAGTCGTCGCTAGGCGAAAGCGCGGACCTAAGCGTGGATCGCTATACCTCCACATATGGTCATACCAAGTGCTTGCCCTAGGGATTCCTCTCGCTGATCAATATAGTCTCGGGGCACAACAGGCCCAAATAGACGTGGGCAGTGAACTGGTTGGGGATAGCTCGTCCCTGACGTCCTAGATTGCGATGAAGCTAGAGACCCCCGCGGCGATCCAATAAAGTATCTTTTCCCATCCTACCCCATTCTTTTTAACTAACAGAGGCGAACCGTATCGCATCGATGCGGTGTACCTGAAGCTATTGTGTTGTTGTTCCAACCTTGGGAAGCAGGCTTAGGCCTATTAGCCTTGCGTATGAAGGATACGACGTCTGTTCGCACGCGGACTGACCGGGTATCCACATGGGGACT,1167,53.38,Arabidopsis thaliana
SEQ_858773,TGGCCCCTACTTCATAGTCTGTAAGGAGGGCGTCGTCTGGATCCGCGAGGCAATACCTGGTGCTATTCGGCGGGTATTATTTCGACGAGATTGTTGATGGTCCTAAACCGACAGGACGATTAATAATGGCAATAGAGGTACGAGTTGTATTTGGTTTTGGTTTGGGGGCAACTGGACCTAACTCATATGACAAAAATATCCCACCTTCTCGCGTTGGGAACAGTCCCTCAGGGGTATAACAAGGGCCCAGCTGTCGTAGCGGGCCTTCGTCGACCTACTGGAAATGACAACCCTACGTACTGTCTGCTACGGCGTTAGCAACGGGTTACTTCATCCCGGGGGGCCGGAAGCGTAGCCCTAAGACTGCGGCACGGGCTGCAAGTACGAGACTAGTTTGTCATAATGATGAATACCCGTAAATACGCTCGGGGGCTCACTGATGATCAATAACATGACTTCTTTGCGTTACTTGGGGCGACACGACATCCCGGGTAGAAAATTGACGGTACCCTCTTACATTGGAGAACTGGAGAGAAAAGATGGTCAAGAGACAATCCGGTGAGCCCGGGACGTCAATATGGGCAGTCCGAGACTTGCGCATACCCAGACTTGGGAGACCCACCCTTGAACAGAGTTGTATACTTATATGTCACACACACGACCATCTAAACGCCGGACCACTTAGGTTGGTTGATTTCCTTTGCTGTCCGAAGCGTCTTGCGATTCGTGAATCCTTAGCGTTACGAGCGATTAACCGCGATGTAGAAAGGTGAATCCTAAGCGCACGTCGTGTTAACGGAACACTTCAGTAAGCATCTTCGAACATTGGCCCAAATCATGCCTGGAACTTGAGAAAAATCATTAAATTCTTGGTTACAGACGCTCGTGACTACTTCAAAGAAATTGACGGCGGGATACCCGAGCAGTGAGGTCGGTCAGCGCTTAAGGATCGTGACCTCTCAGTGCATTTGGGGTCCTAAACGACACGAACTGCGACATGGCGCTAATCTTTGAGTCATTCATTGTTCATAATTCGACCGATAACGTATCGAGGGTAGACACTCACAGTTCCGAAAACATGTTTCGAAGCTAACATATCGGCCCTCTCGCCAACTGAGGCGGACCCAAACATCTGCGCCGCCGGGTTTTACGGGACAGGACACAGGGACGACGGTCCCAAAAAGGCTGACTGTCCTATTTAGGAGGCATGCTCCCAGTCCATTCTAGACTAACCACGATCTATCAACAAGCTCCCGTACATAGTGATATACGAATGCCACCTGTAAGTTTGACTACGATCCAGGCGTGTCAGATTAGAAATCGGGCACCTCGCGCTATAGAGGCGGGATTGGAGCTAGCGGCTCGGTTGGGTCTAATGTTGCTAGTGAGGCTGCTCAGAGTATACGCCCGCCGAACTATACTCGTAGCCGCCCGAAGTCGCTCTATAGGGGCTGTATAGGATGCACACGACTTGGCTAGATGATACTCTTGTGGTCTTTACGCCGCTGAATGCTGCGCGCATAAGGATCGAGGAACCGCTCAGGGGATATGAAGGCCAATATTCGACAAGACGGAGCGATACAAAAAAGGGGCGGCCCGTTACGGTTTTCGAGCTGATTGGATGAGGCATAAGGGTTTAATACCCACTGATCTGGAAGAGTGTGACGCGTGATCTGCGTTCTTAGTAAAGAATGAAAGAGGGAATCATTTCGTGCGAGTGTAGAAACGTACTTGACATCGCAGCTAGAGATGGCGTGAGTTGTTCTCGCAGGTCGGTGTAATTTATATACACGGCCCCTTCTGCTTTACCCAGTTTAGACCTACGAGACCCT,1832,50.27,Caenorhabditis elegans
SEQ_183978,TCCGGCCCCCCGAGCACATATGTGAGTACAGGCTTGATCGCGATAACGGAATACCGTCGAGAATTAAACGATAGTGCGCTACCCCACACATCAGCCTCCGAATGGATTCACGATAGGTCACCATCAAGGTAGGCGGGTGACAGTGACGTGTACTTTCGAGGCCTGCCTCTTGGACATCGGCGAGAGGATATGCCGGTGGGAATGCCCTGTTCCCTTAGGACTCTCAAAGAGGTGCTAATAAGCGGGCAAGACAACCACCACCCTCATTATTACACATCCCTTTCACCCAAGTGCTCCTAACAGAGGCCGAAGGTCGCCATCAGGTGCCTGGAAACGGTGCTAGTATACGTCTACCGACAGGTCTAAGTCAAGAGGAGAGGGTCAACCATCGCACACGAATATGACAGTATACTTGAGGAGGAGGGTCAATATGTTATTTTGCAACTATCGCGGGTGGTACTTGGCATTGGTCGGCATCACATTATCTTCGGTAGTCTTGTACCTCGATCCAATCGCAACGGGCCAGTCTTCCAGAAGCCTAACATGTTAACTCGAGTCCTTGGCGATGGACCTACTTACCCTAAAGCTTAATTCCGCACATTAGATGTCCGCGCGTATCTCTGTAACCTTATCATCCAGGCCAATAAAAAGTACTCCCGTCTGGGCGAACGCTGGCCTTGGGCGAAAAGAAAGCCTGGTGTGCACCTTTTTAATGTACAAGAGACGGATCTACAAACAACAGACCCATTAGGACGCTAAAGCATTTACTGACAACCGTTGACCCGGAAGGTCCACGCATGGACAGGGTCGCGCGAGCTACATTTTCCGTTATTTTCCAGATCAAGTCACAGTGCCTGATTTGTGGCCACATCCAGGGAGGGGCAGTAGGATGTTATCCATAAAAGTTTCTATGCCTTCGTGTCTGACTACTAATCGATTATACCAACGTGATGTGGACCAGAGTAGCTTCAAGTATTGCTATATTGGCTGACCTCTAGTGGCATCCCGCAACAGGGGCCTAGAGGACTGCACGACGATTATCCACACTCATTTGGACATGATCATTAGGTAAGGTATGTTTGAGTAGGGGGTGAACGTTGTCCCGTTTGTACGGTAGAAACGCTTGTTGCTGGCGTATAGGATTTAATGCGCTTTGGTGGATGCAACTACACACCAGCTACAGACTGGAGCCCAGGTGTATCTCTTAGTGGGAGCATGGAGACTCGTAACTCTCGTCCGATACCAAGGGTGTTGATTACTAATCCGCCAACGCATTAGTAG,1281,49.73,Saccharomyces cerevisiae
SEQ_653887,ATCCACGAGTTCCGCTCTCTATGTGCAAACCAGAAGAGGGCCGGGCGATCGCTCGAGGTCACTAGAGTTAGTAGTCGATCTTACGAAGTGGA,92,53.26,Mus musculus
SEQ_292286,CAAGGTGGCGGCGCTAGTGATGCGGGAAGAGGAATCCCATCAACCTCCTACCGAGTAAAATTATTAGAAGGAGGTACCGTAACCAAAAATTGCAGTCTCCAGGCCATGGCGAGGCCTCATCAAAATTTGTCTGTAGCTCACGCATTGGCACGGTCTTCACCTTCGACTGATCCACACCTATTATTAATAGCACATCAAGTGCCTATAACTACGCTATGGGTGGCGCCAAGACCGTATTTAACCCGCAATGGACGTGTAACTGAGCAATGCGAGCTATCCTGAAGGTAAAGCACGGCGAGATCGCAGACCATGAGTGATATACGACAATGATTAAGCGAATGTTT,344,47.97,Arabidopsis thaliana
SEQ_870567,GCACCGGCTCTCGGCCCTTCAGGTTCATCCAAGGCAGTTGCGCAGAGGTGCCGACGCCTCTAAACGAACACAGACGAGTTAACTCCGTCTGATTTTACGTCATGTCTTGGGGTCAGCAACGCTTCTTCACGGCTCACAGTGTAGGATTCCTCCAATGATAGATTCATTAGGGTCGGTTACCGGGATTGACGTTTCTCAGTTATCGCTTACGTTTGCACATTGTTTCTCTAGTATCTCCTCAAGTCATCACCCGTCAGTTATTCGGTCCCCCGGCGGTTCCACAGTCTGTTCTACGATCGGTCTTTTGATCACGCCAAACACGGAAATGTCACTAGTTCAAATGACCTTTGTACGCTAACCGGGAGACAGCCTGCGTAGTGAGCGGCCGTCATCCGAGCCGCTGAAAAGTGGCGTTCGAGTGCGCGCCGCTGCGTCTCCCGTAACTCTGGGTTGGATTGACTTGATCCTCCCCGGGTACAATGA,483,53.0,Drosophila melanogaster
SEQ_434059,TGATCCTTTCTCAATGCTTCGCGGGTGGTCTACCGGACGTTCCTGGTTCGTCGTTTCTGACCAAGCTGTACTTACGTCCACCGTCATATCAGGATAGTTGTTGACTCTGCGCCAAAAGAGTAGGGTGAGTGGAAGTAGTCTGCGCACTACGACCCGTCAAACGCCTAGACTTCTGGCATACGGACCTATTTCTTGCCGGGCCTTACCATGAAATGTGCTTGGACCAGAATTAAGGGCCGAAGAGCAGACAAAGTGGACGCACTCGCGACGGGACGCATCCAGGGGGCTAAGGATCCGACAGGGATATGATTTTCGCTTTCGCACCGCCGGTTTGCCTGTTCCAGCACTATCGCTTGCGACTGAATCGTCAAGGTTTCCAGTCTGTTTGCCCCTCTTAAAGCAGAGTGGATCCAATCGAGGAATACTGGGGACCCTTTTTCTCTCCCATCTGCATTTAGCCCTTTCTCCGCAAGTATTTCTGGATGACGCTTTAGCAATAGGGCCATATATTCGAGTGTTTATACGACTAACTTATCAACGCCTACAGGAATTAAGCTATAGGACTA,566,50.18,Saccharomyces cerevisiae
SEQ_739405,TTCGTCAATAACCGGCCACTCGCACTAGACCTTAACTCACAGGGTGTGCGCCTGGAGAGTTGCTCCTGTGCCCCAATGCCAAGGTTCCCAGGGCATCACGTCACGCTTTGATGGGCTTGCACCTCTACTGTAGGCCCCTTACTCAAACAGATGTGGGCACAAATAACCAGACGTATGTCTCCCTTGTAAAGGAAAGCACGCCCTATTGCCTAGGCTCCGAATCGATGTCCTTCTGTTGAGTTATCCCCCCTATGGCTATATTACGTAACACGGTCTCGATTGCCAAACTACGCTATATGGACGGACTATAGAAACTTAAGGGGTTACCAGTACGTCGTCAATGTAAACTGATCAAATTGGTGCAGTAGGACCGGACTCCATTCCACCGGCGAGCACTACCCGTCGATAAGTTCACGCAACCGATATGGACTGAAGGTAGTGGAAATACCCCTGAAAGGACCGCGGCCCTTCAAGTCGTGACATTTAGGCCCCTCCGGGGAAGTTAGATGCAACCCATAATCCTGCACTGTAAATTTAGTTACCTCAGCGGCACCGCTACTCTCAAGGGCATGTATTGTCGAAGCCCTAGGTAGTTGTCAGCCCTGTGCATCATGAATACCATTCCACCAGCACCTATGAAGATTTCGACATCTCGTAGCAATTTACAATCCTCAACACTCCGTTTTGCGACTGCGGTCGAAGGTTGTTAGGCCGCTAGAGGTAGCTGGGGGGGTTACATCGCAGAATTTTTTTAACAATGCCTGAGACATCAGAATCCGACAGTAGATCTGAGGCGACGAGGTAACGCACAGCAACCCATTATAATCAGTTCCGAGTCATAGATATGCGATTTAACGCGAGCACTGCCCCGTACACAAAGTATTATTTTATGTCGTATTTATTGATCCTAGTGCTTCTAATTCTGGCCATTCCGAGGCAATGTTCCGGTTTAGGCTCAGGTCATTTTAGAGCTCAACTGGGTCTATGCAGAACACTGTACTTCAACGGGCTAATATCTAAATTGACAGCGCCCCTTGACCAGTTCCCTTATATTCCTACGCCTCATTTGCCAAAAGGTCATCGTTTGATCCTCGGACGACCAATCTTGCTCAGTCATGTTTGGTGTACTAAAACGGGAGGGTGCGTCCACGCAGGAAGACCAAATCCGTAAGAAACCAGTGCAGGTTTTAGGAGTTAACTATTGAGGCTCGCCAAGTCCCCGACGAATCGCATGGCGCAGGCCGCCGCAGCTATGTCATTAGCCTGATTGTGAACTAATATGGTCCACATGGCGAGGACACCATAGACGGCCTTGGCGTGTCCTTCATCAGCCAGCCAGGACGACTCGGCTCGAACTCCAGGGTTAGAAATGCTGTGAGTCGGGCCCTTTGTACCTTCTCGATTTATGCAAAAGTTGAGGTCACCCCTCATGTCACTAGTAGGGACCGCCGCGAGTACGGTAAGGGTCTCGTCATGGCTAGGTAGAGATACTCTACCCATATCGGGATGTGATGAGCACTTCCTCGGAAGCTAGTTCTCAAAAACCACCTACGTGCCATTAAATTTCCCTTGCGAAGTCTTACACTTACTGAGTTGCAGATACATGTCATAGATGTTAAACTGTAGCGACAATTGCAATCCAGCCGCCGATCAGACATTGTCTATCGTATGCCCCATGCCCATTCCTAGCATGAGGTAACTTTAACTAGCGGCTAAAGCTAGGCCGGTAACGCGTGTGTACTCTTAGAGGTAGGCGGTCGCCTATTCAAAACAAAGAATCCATCCAACCGCCAGTCAAGTAAAAACGAGCCTTACCGAGCATGTCAGGCGTGAAGGATTAGCATCGGGAGCTAGCT,1856,49.41,Saccharomyces cerevisiae
SEQ_771820,GGTACTACGATGGGTAGCAACTGGAGCCCAAGCCTGAGGACACGGAGTTCCTAGCAAGTCATGGATGAATATGGCGAACGGACTTCAGACCTTTTTCCTATGTGATTATGCCCCGGTGTAAATACCAGTCAGCGGATAGTGCAGACATGTCCAGTCGTGCATGCTGCGCTAGTCTCACCATGTCGCGATTTCCCCGAAATTGCGGGTAACGCATGGATTCCCCTGAACCTTCGCCCTTATTTCCGATGCAAAACCTCCATAACCGGCTAGCGACAGCCGCTCGTCGTCTCACGTAGAGTTGGATTTAGCGTAGAGACCATAGTTGGTTCCAGGGTAGACCTAAACAGCCCCGGTAAGGCGTGGTCTAGGAGAGAGAAAGGCCACGCAGCGCGCCATACATGCGGGAGCGTTGTTGGTGACCGGAACTTACAGTGAAGAGTGGCCTGTGGTTCAAGTCATGGTTGAGTCCACAATCCAAGGTTGGGCTATCGTCTGCGGGCTTGCCTGGGCCTCAAGACGCCTCTGAGAGCAGAAGTAAGCGACGCAAAAGCGAATCCGTAAATCTGCCAGTCGGTACCTATGACCCTCCGATCGCCGGCCCTCCTCGGCCGCTGGGAAAAGATTAGCGGGGTAAGAAAGAGGGCAACACGGCTGGTAATGGGAATCTGGGAAGGGTATTCCATCATTTATGTTTACTCTTCCGTCTAAGGTTGGAATAATTCTATATGCGAGTACCACTGGGTACCGAAAAACACGTTTTGGTAGAGTGGTCGTTAAGCATTACGCTCTGGTTAGGAAGACGTCCGCTCAATGGGTCAAGAACGTCAGAGAAACTCATGAGGCTACGTCTGAACATAACGGGCTTCGGAATCCTGTCACGCAGCACCATAAGGCATTCAAATGAGTCTAGGCGGCTTATTATTACTATTCGCGCAATCCTGTCAGTGACGTCAGGTCGGCGTTCTGTGGGCTGAGAAAATCCTGCTTACTCATAGTAACCGATCGTCCACAGATGCCCGTCCGACATATCAACTGGCAGTAAGCTGACCTTCAAAGGCGAGTACAAGTGTTGAAAACTCACGTACGTGCAAGCATTCCATCACGCAGTCCGCGCTATCCATGCGCGCCGGGCTTTCGCGGATTTACGTGCTACCCTATAGTGGCATAACAGTGGTTCGCTATAAAGCCTATCATCGCAAAATCCTATTGCCCTACCCAGTTATGACTTCGGAGCGTCAACTGCGTCATTCCTAATTAGCTATGGATCTCCCAACATTTCTTCCATTGCTATTAGGCGAAGGTCAAACTAGACGGATTACGTGCACCGGTTACAACAGATACGCGGTGTATCCACCAATCAACACCCGATGAAGGACACCAGCTCCTACCACCATTTACATGGTATGCCATCCTTATGTGGTTTAAATTATTTTAGAATTCCCGTAAGTACCGTAGTCAAACTTGGAA,1467,50.44,Homo sapiens
SEQ_870121,CGATGTTCGCCTTCTCATCCCTTTTGTCAAAGTTGGCCCGGCCCCATAGGTGAGCGTGAGGATCGCATCTTCTTAGTTTTTCTCGGGTGGAGGAGTTTCAAGATTGTTATAAGGTTTTCGTTATAAGGTTCCATTCCGCGATAGGAGTTACCCAGTGGCAGCGTTTTTTCGTGT,174,47.7,Caenorhabditis elegans
SEQ_338315,GTTTTCAGGCTCGGCGGGGTCCACGCCGCAACCCACAGATTCGTTTCTTTTGCTGCTACAAGCACCGTGATCGTCGGAAGGTCGGCAGATTCGGATTCACTATGACGCTCCAAGTACACATTTATACTTCTACGGACAGGCCGCTGATGGCACGTTTGAGTTCAAGTACTTTCTCTACCCATTACACAATACGATCGACCGTTCAAGTAGCAATATTGCAAACTCAACCTCTCTTAATGTTATTGTGCTCGGGTTGCTTAGGTTAGAATATTGTGGTAATTTCGATCATGACCAAAGAACACGTCCTTCGCCGTCGTTTGACAAACCTGACCAAATTTAGCTTCTCGACCTGTCATGGTGCCGTAAATGTGCGGTAAGATTCACCATTTTGCCCCGATGCGAATCTTGGTCTAACGTCGAAGCCCCTCCTTCAGGAACGCTATACGAGCGATGAAGACGCCAGTTGAACTGCCGTTGCACA,481,48.23,Caenorhabditis elegans
SEQ_354976,GGTCATGGAGCTTCGCTATGGCGTCGTTTCGACATTAATAGATGCGGGAGTACACCGTTCATAAGGACAGTTTCCACCGGGGGTCATTTGTGTAGCTGCAGATTAAAGACACCACGCCCGCGAACTTGGAATCTCATATGCTATCCTCGGTAATATGTCACCGCACGCGCTTTCACAGTGACCTTGCGCGTAGCGTAAACCTATCAACCCAGGTTCGTATTGAGAAAAACAGTAGTGCCAGAAGAGTCCGAAGGGTAGTCAAGCGCTACCTCGTCTCTCATCCTAATGTTCTTGCCTTGCTCGTTCAACGTGCCCCCGTAGCACAGAGGCAGCGTCCTAGAAGATCCCGGAATGGTAAAACACAAACAGGTTCTGGAGGGGCAGGTTAGTCTATCCTGTATGGGAGAATCTTAATTCTATTTAAGCCCTGCCAGTCAGACCCTCACTACAGTTTATGCCCCACAGCTTATGGTTATAGAATATCGTCATGTGTTTTACCTGAAACTACATGCATATTTTATATACTGGTAGCAGCTTAAGACGCCTAGGATCTTGCTCGCGCCCGGCGAAAGTCAGTGCCGAGCGCACCATTTCGACTACTCCCACTATAGCTTCAGTCTTCAAGCAACCGCACTTAAAACAGGATCCGGACCCAGAGAGGTACGCACTGTACGACACCCATCTAACATGCGTAGGGCTTAGTGGCACGATCTTACCCACATGCATGTAGGGGAATAGGTGGTTATCCAACAATCGAAAAAGAGCGGGCGCAATCTAACCCTAATCTACTCTCGTTCCCAGTTCACCCAGGTGAAAAGCTTGAATATAATGTTCTAGTTAGTTCTTTAATAGGACCGAGCTTAGGGGTTCGTTGTAAGCCAAGGATGATACGCCGCGGTAGGAAATCC,908,48.57,Mus musculus
SEQ_308750,TCTTACTTGCAGGACTTTCTCTTTAGTTGGCCAACCTTCGAACATATCAAGTGCATAGCCACTAGCTTCTTTAAGGGCCTACCACCCGCAATGTCTCACGTCTGGTAAGTTTGTAGTTCGCGCTCAGCTGAGAAAACTGATAGTGCGACGTGTGTACGACTCCTCCCACATAGTCCTACTGACCTTTACCATCCGACTAATTTCCCTATCCTCGCACTTGCGCGTGCGTCGAAGTAGAAACCGGGCGGATAGGATCGATTCCCAGGTACGGGCTCTCAAACGGCCGTCTAGCTGGGAAAGGATTGCAGCACGAGCTGCGATCTACATTAGTCGCGCAGACAAGAGTATCAGAGCCGCCTTTGCAGTTCCGAGAGGTTCTAGCAACCCGGGCAGTCACGCCGCGAGTTCCTCATGGGCTTTGACATTGTCTAAATGCAATGGCAGTGTCGATGCGAGACAAGGTAAACGGCAGGGAATTTTTCGCCAATCCCAGCTGAGCATGGGATTAGAGCTCCTATGGAGTTCGGCTTAATAACTCGGCTGAGTCTTTGCCCTTCTTGCGGAATCAGGGCGCGATGTGTGAAAACCAACCCAAAGGGGATCAGTAGGTAGTTCAAGTAGAGTCGTCGAAGGTTATTGAACGGGATGTCAAGCCCTCAAAAAACCTTTTGGTCGTACTATTTCAATAGCGAAACGTGTGGTGAGTCCTTACACCTTTGCCATCGCTGGTAGAGGCAATAGACTGATACCCAAGACAAATCCCCAGGACCAGATGGGGTATCCGATCAATTGGGGGACGAACTCTGGTACCTGGCAATAGAGGTCTAATTCAGGCGCCGGCCCTTGCGGTCGGATAAGCAACTGCTGTGGAGTTCACTATTTTTGTCGGACCCTAGTCATATTAGGTACGATCTGTTTTTTGGCCTCTCGGTAGTACGTTGGAAGTGCGTCGCCGGATAAGATGACTCGCGCCATCAGGCGGGGACCTCGGCCTCCTACGTCGACATAGCCTCTGACGTCCGGTTGGTCTGTATGTCTTATTACTTCAAGTCCAATGCACGAGTCCTGGAGCAGGAAAGGGCACTTGGGACATCGGTCAGTAAAGTTGCTCCAGAATAGAAATCGGGCATCAAAATCTCAACTACTTTCCCGGGCCTCAACACTGCTTTATTTACCCTCTATTCCCGAGACTCATGCATGTCAAACGTCGGTCGCGGAATCCTAACCTCCCGCCCACCTCCCAGCGCAAGCCACCTTGTAAGACTAATACGAAATGAGCTCCACAATGCCTTACCGGGAGTGTCCGTCCGACCGGAGACAACAAAAGTGCCACGGGCGAACAAAGACTTGCATATGAATGGCGAAAAAGTCGACCCACCGTATATAACCAGTCGGCTCCTAGGGGCTTGAAAGCCAAAATGAGCCTTTTTGGTTCACCCACCGCCCCCCGTGAATCCGTCCTAGCCCGGAAGATTTGCTCAATAAATCGCACATATGGTTAAGTCATCCTTCAGTGTAATAACCCGTAGGGAGCGAGCGGTGGTCTAGAACACTGATCTCTCGTTTTTTCGGTGGATGAGGTGGGCGGGCTATTCACCGCAACTGCTAGCGTCGGACGGCGAATATAACTTGCCGCTAGGACAATCCCCGCTCCTCATCCTGGCCTTTTCCGAGGTCCCCACAGCCGGGTTATAGACGTATTTATACGAGAAATATCTGGGTAGTTCATCCCGAGTATGCCATCTGGAAGTGCAATAAAGTTTGTTTCGCGTTTGTAGGGACTTAGATATCATACTTCA,1799,51.03,Arabidopsis thaliana
SEQ_401746,AGTATAGACTCTAACCTGCCAGACGTGTTTACTGTCCCTTTAATAGGAAACGTTCGACCCACGGCCAAGGAATTCTTCTATTCCGGAGGACCTAGTTCTTGGGTAAGTTACCCT,114,46.49,Drosophila melanogaster
SEQ_541762,CAAATTCCGGGCCACACGGGAATACCGTCTCCCTCTTGATTGTCGCCGATTCACCGACTCTAAGACCCCCTTGGGAGAGAGTCGGACCCTTACGTCTGCCGATGACCTCACTGAGTTCATGCAACTTGAGGGCATTATATCAAAGCTCTCTAAAGTACAGGTCTCGGTTCTTTTGGTTTTCGTGGCCTGGATGCGTATCCCCTATTGATGACACGAGCTATGGGATGTTTTAGTCTCTTACCCCCAATTAGCGCGCTGATATGATGATCACTGTTTCAGAGTTCCCACTCGAAGTTTATATTACGTAGCCGCGTCCGCCAAGTATTCACGCACTCGCTATGGTTAAACCCTTTTAATTTTTAGAGCCCTAGCCAATCTAAGGTACTACGTCCGTTTCAAGTAAGACTCTTTTAATTTTGGGGCCAAACGGATAGCGGTATATTAGGGATCATTGGTACTGAAGGTGCTGTCCTCCCCCTGTGGTCAAGTCACCTGGTGATTGTGTCCCCTATGTAACCGACGAAACTGCCACTGTCAAAGAGTTACGCGCCAAGAGTTCATACAGACAGGCGCGTCCGGGAATTTGATCTAATCTTTAGGACAGCCTGTCTCTATGCCGGCGTGTATACCGTGACAGATTCATGCCATAATATACGTAACCGAGCTGCTGCGGTTCCCCGTGGATCTGTCCAATGCTAGAATGTATATGGCCAGATTGGGCGTCAAATGGCGCATAATAACAATAACCCGGTCCTAAGGGTGATTGTCAGTCATCAGTCTGACCGTTCCGCTGGATTCAAAGAAGCCACGATGCCTACAAAACTAGACGGGGTGTGCCAGTTTTTTTGATCTTGGCAACGTGGTAACAAAAGTAGTCAGTTCCACGTGGGCTATGAGGAGATAGGAATCCCGCAGCGGGTTTACCACGGAATGATAAATTATCTAACCGCGGGACTGCCACACAGCTAGGTAATCTTCTATAGTTTCTGTACGCGGGCCCTTGAAGCGTCACGCAGCGCTTGGGACTTTTCTAGTATCATTCGTTAATCACAGCAGGTGCACAAGCATGCCAAACAATCACCAACAGATGCTCGTCTAGAATTCTATAGCCACTCAAGGAGACTGATTCGACATGATATCCGCCTTTGCCACGTCTTCTTCGCAGCCGTGCGTCTTTGCAAAAGACACCAGTTATTCTCGAACAAAATTAAATTGTGACTTTGGCGCCGAACGGCAGGAATATAGGAAAGGCGTACAGATAGCGGCCATCTTTTTCAATACAAAAGTTGAGCTTATGGCTGTGTGTATATGAGGAC,1316,47.8,Caenorhabditis elegans
SEQ_130627,TTGTTCGCCCGCGGACCGGCTACTCTAACCTATTCAACATCGAGGTAGGAGGGTATCCAGAGAAGTGGGTCCAATCCCAGCATTGCTCCCCCAACGTTCTATCCCGTTGTCACTTACAATGTACGATTCACATTCTGAGAGGATACTGTAGGGTAATTCCCAGTCAGGTTAGAGCCTTCGACAGATGCGGAGACCTACCTCCATAGCAGTAAGGGTTCTTCTGTTGTAACAACGGTCTAGGGGCCTTTATGTTCCTATGATTCAAGCTGACAAAGTCCAAAAGACTGTCATGATGGTGCCAGTCTTTTAGGAGGCGAGCCGATACCCTTTTGCTGAACGTTGACGGAGCTCTCAAGGGTACGAATCCGCTAATCATCCTAGCTCCCTTGTGAAGAGAGAATGCGTAGTCATCGCGAGACACATGAAGTGTGGCTGGGGTTGAAGGCGTGGCTGAATCTTGTCATCCGATGAAATTGCGTCTCTCGTTCAAATCAGACACGGGAGTCATCGAGGTTGCGCGACTCTCGTGACGAAGTGCTAGTCAAGAAGTTGCGACGATTGTCTATAAGGGTGATACTCAACCTCGTGCAGACTCAGGACCTAAGGCTCTTTGCTAATGTATAAGCAGTTTCACAGCGAATCATTGCACCACGGATCAGCGAGACACCGAGCCAGCTTCCTGCTGGTAAGTGTCGGCTGCACCGCGTGCGATTGGGGTTTCAAGAGTATGTTAGTAAAAGCTTGAAGGTGGGGTGCGTCGTACGTTAAAGGCTCGGTTTCGGACAGCAAAATTCCCGGCCCGTCGACCTAGATCCTCCTGCTTAAATTCCAGCAGAATAACGACAATATAAGGAACCGGCGGCAGTGGATACATATAAATTACAGACGCAAACCTGTAAAGTGCGGATTAAGTTGATACTCAGTGCGCCTTAATCAGGGCGGCACGTAACTGCAGTGGCTCTCAGAGGCGGCGTCGACTAGAACCTGACGTGTTTTGATGTGCGCTAAGCATCTGTCCTTGTCATGTACTCGATATATGATGAGCAATACTGTTGACTTCACCATGGGAACGTCTTTATCGTTTTCCCCGGCCTTCTTTGACACGACCAATTGGCGCGGCGGTAAAAACTTTGTCTCATCACCATGAAGATCCAACTAAACGGCCGGTAGATGCCGGTGGACCATACCATCCGAGATCCACCTCTGTTTGCTGGGGCATTTTC,1223,49.88,Mus musculus
SEQ_195119,TGCCGGGGCCGAATGGTATCAGCCCCAGTTAGTTAGTTAGGCCACGTTTTGCATTTATGCATCTTTGGACATTTTGGCGAAGGTACGTCAATCAAAGCGGTGGTGCGATGCCGACAAAGACCTGTATTGGGACATACACGAGTGTCCGGAATCCCACCGTCCCCCGTGAAAAGCCAACTAGAAGATATGACGCTCGGGGTAATTCCGTTGTCCGTGAGAAGTCGACAGAGGTACTGCCGTGTATAATGGTAGACTAGAGCGGAATACTCTCTACGTCGGAACGGGTGAGCGATTCCGGTAAATGTTTAGCGCCGAATTTGACCAAGTCGAATAGCAGCGAGTCTTTCCTTTCTCCCATGAAACTTCCGCAGCGCTCCTCTTGGATAATTGCTAGCAGACTACTTCGAGGAATCGCATGAATATAAGGCTGTGCGGGTCCTCTAACACCGGAGCAGCTCAATGCTCACATCGCTGTTCGACGACTCATGTGATAGTCTTTGACGCTTATTCCGATTGCCTTGGTTGAACCTTACAAGGAGTTCGGAAGTCTTGGGCGAGTAGGGCTCGACTTTGAGCTGAGTTGGGGTCCTACTGTACCACCCCACTCGGG,610,51.15,Drosophila melanogaster
SEQ_927790,GTGGAGCATATGTGAAAAAACGACCTGTCCGGAGGATGTTTGTCGTGGTCGCTTAGTTTCCCTAGATCGGGGGAGGGTAGGCGCTACCTTCAAACTCATCGGTCTGTGCGGTCCCATTCGGGTAGAGGCTACGCCATACTGAGCACAGCTGGTAACTTGCTTTCGGCCGAATAAGATCTTATCGAACCACGCACGCCGCCGATTGTCTATGAGGCTACTCCCCTAGCCTCATTGGCAAAGTAACACGAAGGTGTATCGCGTACAAGTTATCTAAACTTATAAGATGTCTTCTGAACCTTGCAGCTTTCCAACGTGGATGAAAACAGGTCTACGATTACGGCTCACCTGGGATTGCCGAGAAAGGAAGTGGCGTCAGCTTAGGGTCCAGCATGGAGGATAAAATTCGACACCGGCACAGCATGCTAATGGTCTCAGCTAGCATGTCGGCAACGAAATAATTTTGGGTCAAGTGGCTAGCGATGTTTTCTTACCCGTAGCTGACCGTCGGACCTGTTCGCATAGGTTTGGGAGCCATGAGTATCACCGCGAACATCATTGAATCGCCATAATAAACATGGGGCTTGTGTGGCGTAAGACTTTGGTCACGTGTGGAAAGAACGATCCTATTCATTTGCTAGCCATCTCTGTTCGCATCTGACGAATCCTTACTTCTTCGTCCGAACCCTTGTTGTTCCGGTAGTTGTTGAGTCAATAGAAGAATATTTTTTTTATATTACTAAGGGGGCCGAAGCTGGGGACTCTCGGGACATGGGAGGCCTTATGAGTTTGAGCACAGTGGCATGGTCAAAGAAAACAGCTCGGTGTCCTGGGCTGATCTCGTTAGCCAAATCCGTCGTCCA,860,49.3,Mus musculus
SEQ_578094,GGGACACGCACACCACTATATTACGGGAGCAATAAACAGTCTTATAAATTGTGTTTTCTTTTCCACCAGCATGTCCAGGGTGACTATCTGAGGGCTAACACGCATACAGCTGGTAAGGTCCCGTGTTTCAAAAGCACATGCCAGGGCTGGGTGCAAATGTGCCATTTGGGCGTTGGCGCCTTTTACAGCCTACAGAAAGCTACTGGCAGTCCACATCTTTTCCATCTACGTGTGATTGATTGAAGCAATGCAACGCAGAAATCTACGCGCCTAATTGAAAAAGATCTGCTCGCTGTATGACCGGCTATTTCTTTATCCCTGATTTTGCCTATAGTTTCGATTTGCGCTGGCCGTTATCCTCTCGGATTGAGGAGAACATATCGGCAACTAAGAACCTAAATCCGGGACTTGCTTGACCTAGTACGTCCTCACGGCAACGGTAGGGATATGTTTCAAATCTTTTCCTTAAATAGATTCTCCACGAGAA,487,46.0,Mus musculus
SEQ_988729,TGCGAGCCCAATGAAATACAATACGGAAGCCGACACGCATCCCACTACGGGAACTATGACTCCTATACCAAGTGGCATGGTAATGGTATCGTAATATTTGCTTAAGCGCCATGAACAGAGCAGCAAACGCGAAGCAGAATAGGGGCTAGAGGGCGAGTGCGGTCCGCCACATTCTTGTCAAGGGTATGAAGTGTCCTACCGGGAGTGAGGGGACCTTTGCCTATTGTCTAAATTGTTATTCTGGACGGCAGAGGTTTCAAGACAAGCCATCACGCTCCCAAAACCGGCGAGATTTGTAAACACCCACCATTCGACATCCTCAGACGTCTACTGCCAATCCAGTCAACGCTATGAGGAGGGACGGAGGGTGCTCACGGGGTTTGTTGTGTCTGCATTAGTGCAACTAGCGAACATACTAGTCACACGTAGATCCGTCAATTCTGTGATAACCGGAAAGCATTTAGCTCCATTAGGATAGTAGAGGAACTGTTGTACCCTCTGACGGTTAGTAAATCACGGTTTCTGTGTGCCAATATTATCTAGTACTCTGTGGCGAGACGAATCACTGAATGTAACACTCCCTTTACGCACTCGCACCCAGCACCTCACGTTAAGCTGTGCCCTTTTATACCCTGTCTTTGGATGTTGATAAGAGGGCCAGGTACAAGACGATACGGGCAACGACACTCCCGATTCCATACGGGCTTAATACCCCAGCCGCATCTATGAAGCACTCCCTAATGACATGGCCGGGCCGCATATCCAAGCACCTACTTGTTAAGTCGTATGAGAAGCGGAGGTACGTCGTCGTACCGGATACTTCTTCATTCAGATGTACACATGCGAAAGTCCATAGGGGCCTTGGACTGATCTAGTATTGGAGGCACCTCCCAAGCAGAGTCGCAGAGACTTGCACGCTTACGGGGAACAACCCCAATTTCTAGCCGTCGTGGATCCATGACGCTTATCCTTACACCGGTTGAGACATTTTCGTCTGTTCCGTATAGTCTGCTAACGTGAGATCTGTTGGACAGGTTGGCGGTCATGACGGCACGGGGATCTCTAACTTAACTGGATCCCTCAA,1084,49.91,Arabidopsis thaliana
SEQ_856622,CTATTGAGCAACCTATCACTCGTTTTAACTCTGTCCTGATGGAGACACGGTCGTCCTGGGGGCCCGGGCGCACGACACCGTGCGAATGTTGGAAGGACAGGAACATCACCTCGCCGGCATCTTCGCTTTGTTTCTCGCACCCCCGTAGTAGCTAAACACACTTTTGGGAACAGCTCCGATTTGGTGGCTAGCATAGTGTCCACAAACTATTTCTGCGCTCTACGCGGGGATAACGCGGACCAATGTATGCCCGTTTAACGCATGCATCCCTCCTGGTCAACGCGCCTCGCTTTTAATTGTCCGACCTTGCGGCGTTTATAGAGCGGGAAATATCTGTGGCAGTCTCTGACACGCGATACCGAGGGATCGTATGACTTAGGGTTTAACTGGCAGACGGGGGACAGGTGAATGATTAGTAATTACAATGCGTGCTACACTACGTGCTCACGATTCGAGGAACCCAGACCAAGTACATCCGCTTTTCTACAACTCCAGCCCGATGGCCGTTGCCTCTAGGACCAATCCCAATCGGTGCGTTTACTCTGGATAAGACATGATGAAGGGCTGGGACGATTTGGTGAGACCTGCGTGAGTGCTTTTCCAGATCAACATGCCGCAGGCTGGGCAACACACATGTCGCCGTCGCGTCATGTAACCAAGATAGCCCGAGTTTCATGATTTCCGTACATACTCTTCTTGTGGGCGCAGCATTTAGAAGTCCTAGCACATTCCCACCGACGTAATTTCTTTGTTAGGGCGGATAGAGAAGCAAATTTTTCGAGTCAAGGATCATATCTAGTCATAAGAGCCGTTAAGGTCACATGGAGATCTGCAGACAGCAGCAATGGACCGTCAGTGAGTGGGGGAATACAGCTTGTTCCAATAGAAGAATAGGCAAAATCATTGACAGACCCATAATCGAGGACCCCTGAAAGTCCTTACCGGGATTACAATTCGCGGCTCGAACTCAAAGAGTAGCTGACCGGAAGCTTATGCAAGAAAAAGCGTCAGGTGCGTGGGTGCCGATCATTTTTGTTGAATGGAATCCTCACCTCGCGGTTAGCGCGCGAAAGTGCATGCTAGAGGCTTAAGGTGAGCCAAAATGAAGACGGCACTACCTTGGGACTCGACAATAACCTTAAAACCAGTATGTCCCTGCTGTAGTGCGAATCACTCCAGTCAGGGAGGTCGTTGGTTTTATAGGTCTACTGATGTGCCCCCAGCTGGTACATAGAGATCCCACGATCTCATAAGTAGTCAAGTAGGGGGAGCGGGGCTGCCAGTCTAGCGTTGTCGTATTCCTCGATTTCATGAAGTCACACCCTAGAGCCTCGCGGGGACATATCTTATGAACTGACCCTTTTAAATGATAAAAGCTACATTATGGACCGAGTGATATTCGAAACTGGGGGACGATGACCCCTACCCTGATAGAATTGCTGTTAAACTCGTTGCCACTGCACAGCTTTCTCTGCGTTGACGCGACTCTTGGTTTTGTATCTAGTTAACGGTTCCTATGTATGCGACATGTGATTAAAATTGGTGGTCTGGCCCGTCCCGAGAATTGCTAAGAAAACGCTCGGAAGATGTCTCCGAAAACGGTTTCTTATAAAGAGGGCCCTCTGTAAACTAGTTTCCTACCGTTGTACGGGCACAGATCCGTGACTGTTTTTTAAATTCTGAAATACCCATCGGTCCGCCGATACTTTGGGCCTTTATCCGCAAGTAGGCTAAGGCAAATGGGCATCAGACAGTATGGTTCGGAAGACAGGCGCTACGCTCATGGGGCTTCTTCGCCGTCCTACGATTTCTTTTACAAGAAAGGGAATGAACATTTCGAACGTAAGATCCTACCGCTTAACGCGCGCCTTAGCATATGGCCTGATCAGGTGATGCCATTCAGGTCAGTACCGTGCGGGGACATTAACACCACTT,1935,49.61,Homo sapiens
SEQ_326099,ACGGCATTGGAGCTAGCGCTCATGGTCCTTCGTCCAGACCTGTCGACGCACGCTGTCCCGACCCAACCGAGAAATGAGATTAACGACTCGTCCTACGACGCGAATAGAGCAAATGTTATCCATAATCACTTCGGGTAGGAGAAATTTCGTCAACTTTAAGCTCTGAATTCTCTATGAGCTCCCTGGGTAACAGATGGCTCATAATCCGCCTCCGTTGCATAGAAGCACTATCCAGAATTGCCAGAACTCATAAGCACTGCAAAGTACTCCGGTCAAGACCACTAGCACCACGGCTTAATCCGCTTTATCAGAGCTAAACGCCGGCAGTGCAAGCCTCTATCTTTATGCATACTCCCTCGCTATTCGGACCCAAGGTATTCACATGGAGGAACTTGATAACAGTCCACTGCTCGGCCGGGCAGATCAGATTTGTGGAGGCACGTTGCGAAGAAATTTAGGGGTCAGAAACTCGGCAACTTTAGGCTGGAGCGTTCGACCGTTGCGTTGGCGCGGGATTGGTCTTCGCTGCGCCTCTTCTTAGCGTTAGGAGGGTCTATGGCGGCGCTGCTACCTTCAGTATGGTAAGAGAAAGACGATGCCGTAGGTACGACTCATACAGCGTACACGCAGGCTAATGCATCGCCTATGGAGCTGAGAGACTATTTAGTACAGCCCCAAATGGAGCTACCGTTACGCACCGGTACCGGCAGAAAATTTTACGTGGGCAAACAGCTCTTGAGGGTACCGCGCCTATCTCGTCTTAGGACTTTCGTCACGATGTGCATACCCTTGAGCTAGACCGTTGAACCATCTCCCACTGGTTCTCCAATCCATATATGTGCAACACACCAAGGGCAGGCCGCAGAGTTCGTTCTGTTTACCACTAGCATACAACTTGGTTGG,903,51.16,Drosophila melanogaster
SEQ_701469,ATCTGCGGCAAAACGTTGATGGTGGGACAAACATAAGGGGGTGCGTCTCCGTCACTTGTGGAGGAGGTTCCAAAGGTGACCGAGTCATCCAGTACACAGGCTCAGACGTCTTCCCGATATCTCGCCGCGGTGTCCAGTTATTTTTCTAGGCACACGCGCGCGTTAGCCCAATGGCGAGTCAATCTCTAAAGTAGACTCAGCGCGGGACTGGGCGAGCAAGCGGGTCAAGCGCCGGAACCGCGTCGCCAGGTAGCTAGAATTGGGGGCCCCGATGCCACGAGACCCCCGGAATTGATTCTCAATCTTACGATTAATGCGCGTTTGGCGTATGCACCAGGAATGTAACCGCATGATTTGCACTGTGTTTCTCGTCACACACCGAATGAACCGCACTTTAAGATACGACCTCGGCCCGATCGCTGGCACGAGGCTGACCGGAATACTAACAAGGATGGGTCATCGATTTCTATCGCAAATCAACGCGAAATGACGTTTCTTGCGGTCGTCGAGCAGACCCCAACTAGGCCTTTGAACGACGGGGCAACCTGACCAGGTCCCCCCTCAGATCGTGGACCTCGGGTACACAGTTTTTCCATAGAATATTTAGGCTTTTTATCTGTACCGAACCTACTAGCCTGGGAAGCACACGCTATCAGCCCATTCCACCAGGTAGGGCAAATAATTCAGATACCTGGTGCTTTTTGAGCAATAGACAGAAGAAGCATGCCCCTTACTAATCTTCTTCATGTCGCTCTGGTCCCCGAAGTCTAGCCTCCTGTGGTCCACCGATGTACTGACAATT,802,52.87,Caenorhabditis elegans
SEQ_144751,GCTTCCACGACCTGGGGCTTCAAGGGCACCCAATAAACGGCTATAAGTTAAGGTGCTGCGCATACAAGGCAATGTTCCCCCAGGGAGTCCAGTGTCCACTAGTGTGCTTACACTTGTTTGCCAATTACTTAGATGTGTGTACCCCCGAGCATAAACATTCTCTGACGTAGGTCATGATGGGTGATGTCGCGCTGCTCAAGAAGGAAGAAAAGCACTGGTGGGAACGAGGTACATTGGAGAGTGGCGTTGAAGTCCCCTAATTACGCAGGAGGTCTGCTTCTTTACCGACGACTTTCTGGGAGTAATCCTTGTAGGAGATATTGATAAGTGAGCATGCAAACGACTAGCGAGGGCAGCCTCATTGAAGTCAATACGGCAGACGCTCTATGGTAGTTAGATGATAAAAAGGGCCGAACCGCAGCGTCACGGTTGCTCAACGCAAGAAGTAAGGACTTTTGTTGAAATGATACACCGCGACATGTGGGAGACGAATTATAGCGTCTACAAGGCCGGAAAGCGACAACACTTGCGCCTCATACTTTCCAGTTCAAAACGGGAAGTGATTAAGTCAAGGGTTCGTTTGTCACTGACTTAGGTCTCCTCTGTACCGGAATTAAGGCTATGACAGCTAAAAATAGAGCGTGCCCCTAGGTTCCCATGCGCCATACACTAAGTGAACATTGGATCGGTGCGGCCCTGTCACCCGCTTTCTACGACCCTGGAGCCTCGTTGTTGCTTGTCTTTGAAGCGTCAGAGCTTAATCTGCTAGGGTAGAATTGCAATTGTGAGGTGAGTGTACTGCGGAGCTCTCGATGGCTGCAACAGTATCGCGCCCTGTGAGAC,843,49.82,Caenorhabditis elegans
SEQ_348504,GAAAGATTGTGGGGAATTAGCTAGACCTCACTCTAGCGAGTCGGTCCTCCGAAGCCGGTAACGGAAGATATCGGCGCGTAACTTCCTGCACAAGAGCAGCCCCCCTTACGATGCTCGCAACGTTGCGTGTACTGCGGAGGTCGACTATAAATGACCTCATGATGGCTTTGACCCAAACTTCGCTCGCCCTTTGATGGCGATGAGGGGGGGCTGTTCGTGCGCGTGGTTACGGGCACACGTGACACGTAAGAGGTCCGCCGTCTTCAGAAACGGACGCGAGACGGTCAACCTGGACACTGAGGGGCTACCGACCGGCAAGGCAATTCGGGGGGCACTGTGGCTACAAACAGGGAGATTGGTAGGCGATACAGATCTTCCACCTGGTTTAACGTTTAGCTGGATGTGAGTTGGTGCAAGTGCCGAAAAGTGCGGGAAATGGCGGCTCAGGACTTTCCATAGTAGTTCCGTACTCCTTTTAAGCGGACGGCACATAGGCGCAAGCTGTCATATGTATGATGCCCAATAGAATGAATAGAAATATGAGGTCGCAGTTTTGCGGAAAGAGGGACCTGTTTACTTCATTCTAGGTCCTAGATTGTGTGCGCATCTTCAAAATCGCGTCGAACGCAGTAATGAG,637,52.9,Homo sapiens
SEQ_410708,GCATACATACGAAGCAATTAATACTCTATACCAGTAGTTCGAATCCGTAATTCCTAGAAGAGTCGGCGGGTTGGAGGACGCGTCTAAAATAAGAAATTCAGACTCGACCCTGAAAGATAGGCTTCGACTGTAAATCGTCGTGGAGATCAGAGTTGTCGCTTTCAGGAGGCGTCAGTTCGATAGTCAAGCGAGCACCGACATCTGAGAACTTTCCACTCTTAAGATACGTCTCGGAAACCCCAATATGGACAAGATCGGATCTGGATCAATTGTGCTACAACAAGACGTACTAGCATATTGGACTATGATGAGGACGGCCGATTGAGTAGAAAAAGAGAAGTCGATTGTAAGTTGAGTGGCAGTCTCAACAATAGCGGAAAAGGGTTGTTTAACTTTTTAGCGGTCAGCGCACCAAATAGACTTTCTCGATTAATTGGTGTTACATCTATCTCAGCCACCAAAAGCGCTAAGGGCCCTTGCTCGAGCCAAGCGAAGGGAAAGTTGCCGGATATTTCTAACTACTATCTTCTGTCTATTGACTAGGATAGCTGGATTAACACACTCTAGCATATGAACACAGGCTAGGACACCTCTGCGACAGTAGGGGCAGTCATTGTATGCCTCGTTAAAGCCAGTCGTGAGTCGAAGC,649,45.45,Drosophila melanogaster
SEQ_372063,TCGGTATCTGGCATATCGTGACTCAGAGCAGTAGGGGTATAGCTAGTCCGTTTCCTTAGAGCACTGGTCTACCGCTGGCTAAACCTGTGTCAGGGGCACAATACACAAACCGCAGTCACCCTGTGATGCGTTAACTGTGTTACAAGGTAATAATATTTCGCAAGGTAGAAGGTTAAAGAGTCGCCCTCTTGCTAATCGTGTAGAGACGGCACTTAGTCGTTGGACCAGTAGAGCTAGCTAATAGGCCGCAATGGTGCGTTCAGCTAGGGCGACATACCCCAGCCAGTTCACGACTGACATAAGAGTCTGCCCGAGCAGCCCGACCGTATCCTAACGACTTCATCCGCTTTTGGTATCAGCACCTCCTTGGCTGAGGAGAGTAATCGAAGTTAGGGTTAGATTCCCCCGTTACCGAACCGGAGGCAGCAACCTTTTTTGCTAAGGGACGGTTGGGTTGACAGGCGTCCGTGCCGTTTAAGACGATCACGGCAAAGGTATATGGACGCAAGGGCACACGTTGTTCCAGCTAAAAATCCCACGTAATGCGGGTTTAATACCTGACCCCTCGGACGCGACACGCAGCAGGCGATTCCGCTTCGGATGCGTTTTATAACCCGTCTGTAGTGTTTCCCCATGAGCACTCAGCGACGTCAGATATTTAGTACAAGGCCCCCGGACGTAACGGAGGGTCTGCATCAAAATCCCTTCGAGTATGTATGAAGTATGTCCTTGACAGTAAGTTTGCTCGTAAAAGATTTCTTCCTATGATTTCAGCTGCCGCACGCGCCAACGAACAACATCTTTCCGGTATAATCGGATCGCAGAGTACCCCTGCGGGAGTATAGGAGCCAAAATAAGAGACCTCTACTCCCTGATACATGAGGCCTGTAAATACGACCCGACATTCAGATAGTAACGCTTTGGTACTTAACCTCTCCGACAACCGACTCATGCCGTGCACCAAACAGTTTAGGCAAACCCGGTTGAAGTCACTATACGGGAGCGGAATCTTTCGTTGCTACCGTGCTCCACGAGACTTATTCGTCTGTCTTTGGATCCCGGACTGCTAACAGTACTAGTTGATGGCTTGGCCGGATAGACAAAAGGGCGTTTCTCATGTATGCAATTGAACGGGGAACTACTTTCTATTCATAACGCAGGGGATATCGCGTTGTGTAACTATTCGGGCAGCGGGTCATTGCCGTTTGCGT,1211,50.29,Arabidopsis thaliana
SEQ_435007,GGCCTAAGACTACTGACGTGATCTCTATGAACCGATCAGAGGCTACATCGCGTCGGGAGTTGCTGTGAAGCCTCTTCCGTCCACCGGGTTAAGAGAGATCAAAGGAAAGGGTCTCCTATGGTTCGCTGTATGAATGGACATCCGTGTCCGTACCGAGCCTTGAGCCCCGCTCCTGGGCCGCAAAATCACTCTGACGAACTCTACAGCGTCACGTACAACTCTAAATACTACCCGCCAAGACCGACGTATCCTTGTGCACCTTCCAATACTCAACCCAGCTGCGCCTAAATTCCGTCGTAACAAGCCGGGGGTTGGGTCTAGAGTGCCATCACCTCGCCATACGGAACGTCCATGTTAACAGTACGTCCCACTGGGCGTGCAAGTTACTTTGATTTGCAACGGTAGACGTGGCTGTTTCCAAAGTCCTAAATGGAAAGTTGACGGGAGTTTCCAATCTATGTAGCGGCATGCGTGCCTGAAGGTTTAAAGGAACGCCTTTACTCACGAAAAGGGAGGTTTTGCTTCATGTGCCGTGTGTTTTGTGAATTTGCACCGTAGCAGACACTGATTGACAAGTCTTCCCTCATCACGTATACATAGAGAGGAACAATTCATGTGGAACCGGTACGGTTATGTGGCATTAATGTTGTTTATCCGTTTTGTGAATGGGGTATGGATCGGACCATTACGTGGAGAGTAGCTTTGAAACATCCGGCAGTGACGCGTCAGGACTAGCGAGAAACCCTCCCTTCCCGCCACTGGTTGGGCGAAGCCGGCCATATGGTTGAACCTTACCTTCTAGCACAGGCTAAGTACTATATAATTGAATTTTCAACACTGGTTAGATGCTAGGCATAATACCAGTGCAAACCTGGTGCTCCAGTATTCCGATCTCGCATAAAGCCTTGATACCTCAATACTTCACGAGTGATAAATATATCCCGATGTCTATCATCTGGTGGTGCAGGTAGGTTTATTAGTCCCCTTAGTACGTCTACAAGCCGTTGAAAACGTGTGAGAAATAGTTCGCTCTACAGCATGGATACCATGGGTTTTCCGAGACTGTCTCTTTTGCAAACCGCAGGGCGCATGACATCGGTGCCGAGCAGTACATGGGGGCCGGGCAGATCTGACACTTTCGCTCCCGCCTTCGTAAGGGTTACTTATCAACCTAGATAGGTCGTGATTTCCACGCAAGGTGACTCAATGAGGTATTGGTGGGGGCGGGACGGTGGGAGTTGCTCTTCGAAAGTCGGTAACCGCTCCGTACAGTTCTTAAGAGGTGCGTATATTACTCACTTTCGCGAGGGATCAACTGGCCTCCCGGTCAAGATTACCTAATCGTGACGCATACCACGATGTGCTCGCGTTCGCACCCGGATGCACACCACTTTCCG,1397,50.18,Saccharomyces cerevisiae
SEQ_413299,CCGTGTAGTTTCTCCCCTATGGTATGTCTTCCTGTCCGTCTATGTAAACCACTCACTCCAAACTGTCGACAGCCCGATTTGGAGAATTACCACACAAATTGCCGCCCAGCTCCGAGTCATTGAGTTCTCAGGCGGGTCGGTTCTGAACTTTGGTTGGTTATCGCGGTTCTTCGTGTATTTGGGAAAGCATAGACTGCTACAAGTAGCCATTTCCATCGAATTACTTGACTCCTTTCCACCCCGCATTTCGACAGTTAGCACGAATGCGACACCGTACCGCCACTCGACTATGACTGGCTCTATCCTAGCGTTTGACTGTGGTCGGGTTAAAGGTTGGGCCCTCAGCTCAGGTTCGCGTGGGGCCGATGGTGAAAGCGCCACGGTGACCCCTCTATCGTTCGGGAGCTTACCGCTGGTATTCGACCGGCGGGCTATGACGCAGGTCAGTTCCAATAGCGTTTTTACACGAGTTATAAGATGTTAGAAGCCCTAGTCATTCACACACGTTGCCTTGGTCATACGCTTTCCAAATCGCCCAAAAGTAATGGAGTTACGTGACATTGTGAGGGTAGATTGACGGGGGCACACGTTCCCAAGTTAAGTCTATGTTTTGTTTTATTTTTTCCATTCGCGTGTAAGGCCAGGCCTTGTTGTTCTCTGTAGTGTTTAATAAGGCCCGACTCAAGTTACGGTTATTCATGGTATTTTACAGTAATCTACATGGGAAGCCCTTAGAACTCTATGAAGGGAAACATAATGTAAGAGATTCCGTAGCACGGCAGGTCCCCTGACACTCAGACTGGGCAAGGTTAAATTTTGCCGGAACCAGTCCCCTAGGCCGTTTGTAATCACCGTTAGTTACTAGAATTTGTGTCATGGCGAGCGCGGACACAGCCATGAGGGGAGAGAGACGTGTCCGTACCCTCAAACTGGATGACGCCACGTCCTGGACAGACGAGGCGATCGAATATAACGATTCTATTCGGGCCGGTGGCTATCCACCAGACTAGACCATTGGACCCCCACGATGACCTATGTCATGTGCGCGAGAAGCAGACAGTCGCGTGGGGAACGAATGAATGTATCCCTGAAAACTAGATAAAGGTGTGCGACGCGCTTTCTTGATGATAACATTAAATTGAGGCCCCACATGCGAAGAATTGACTTTACCAAGCATCTCCGTTTCCGCTGCCATCTTGCCCAATTCTGTTATATGATCGT,1221,49.39,Escherichia coli
SEQ_626614,CACTCTCCTATACAGCTCCTACCGGGTGTGGAGAGTTTCAAGTTCCTAATAGGATGCTCTCCCATTGACGATGACGCCCTCACCGCCACTTCACCTGGCCCTGAAGTCCTCGCACCACCACTTCGTGCCGCCGACGGCATCGATCGAATAACGTGCATGTACAGCTACTACCGTCCCAGCGCTGTATTCCCAGGGCGGCAGCTTCTGAACGGATGTCTCGACAATAATGGAGCTATGTCTGAGATTTCATAGATAGTCCTCACCGCATGTGGGCGACTGCTAAGTTCACGCGCACGGAATTACGTCACAAACTGATATTGGCATGGTTTGCAAGTCCGCACCTCAACCTGGTCAGGGACTACAACGACCTACTGAGCAAGGAATAGAGTATTTTCCTACCTTTCGATAACATTAGATAATTTTAACAGCCTCCCAGGATTGACACTCAAACTGGGTTACTTGACTGCTGGATCTTGTGGCGATTACGAACCTCTAGGCTTTCCGGTACGCCCCTCTTATAGGCAAACCGATTTCGTACTACTATAGTTGATCAGACTTCAACAACTCTAGTCGCGGTGATGGCAGTTCATCTAGAAGTTAACAGTTGTAATTAGAACAATGTGAATAACGGAGATCGTATAGTTACGAAGCTATGTCATATTTCCCAGACATAATAGCCGGCCAAGCGCGCCTGTGTCCCGGATGACTACCCGACGGTCGCCCGCACTCTGCACTAGAAGGAACCATAGTGGGGATGAATCTATACTCGTGACCACAGTCCAACGGTGCTACAATCGAACGTAAGCCAATTCCAATAGGTCGGATTCTAGTGTCCGTACACAAGGGGCAGATAGGGGGACAGTCTATTCTTTTTAGGTTCACGGCGAAGTTCATCCATGCCGAAGGTCATTTCTCTCGCGCTAAAAACTGGCGCCAACACAACGTGTTTTGCATGGTATGTCAGGACTCTGGTATGATGTCGTGGTACACTGCTCCGCTTCCCCTGATTATTTTGTGTCTGCGGTTACCGAAAATGTGGCGAGGCCTCCATCGTTAGTTTGAGACACTGTATACACTATATATGGTATAATTATGTTACGTTTGTAGCGATCGTATCGTATCGGGCACGTCCTTTTAAAAGCCGTCGATGTCTAGCTGATGAAAAGGTGCCTCCGCAAGGTCAGCATGCCAAAGAACCTTAGGGATGACTTGGGCTCATTCACGTCTCTAACGTGTGTGCCTTGGAAGCTTACAACCCTGCTGCATATGCGTCCGGGCGTCCCATTTGAGGGTTCTTTGAGTTCAAGATCGAAAAATCCGTGTCGGCAGAGCGTCTCGCAGTGTAGCACCTCGAGTGTAGGCGTCATTCTTTCGGATTAGGAGCAACCACGGACTCACGGTGAGTCACAGCGGGTGCTTGTAAGTATGACACGCTCAACAATAGTACAGTGGCCTCGAAACAAAGTACGGTCTTTGATGGTGGCGAAGGATCAAAGGGTCGGCATCAAGGGACACGTTCAGAGCAAAGCTGAGCACTTTGGTACAAGGACGTAGGGACTGGACAAACCCGAGCTCAGGGATAGCCGGCAGGCGGCATGCAACGTCCATTGGCCCCAACGCACCCGCTGCGGAAGTACACCTTCTTGGAGAATGCGGTAGTATTTGGCAACAATAGATCTCGCGCGGTTCACTACCTCCGTTGTCCGGCGTTCGAACTCTAGTCAGAGTTCGGGCGACTGTAAGGCTACCATTCAAGAGGACGAGTTCTAACCGAGGAGTGGCTTTCACGATTACGTACGTAGGGATGAAGAATTATTCGGTCCTGTAGACGTGTGGGACCAGAGGCGCATTGGCTATGCCGTTAGGCGAACGGTTAGAACAAGAAGAAACGTGATAAATCTATATCTTGTCGTCGGAACTTGTCAATCAATATCTCGGAGGGCGCTGTTTGGTGAGGCCCACTGAGAGGCGACCATCATCGTGTTGATTGT,1991,50.13,Escherichia coli
SEQ_262764,TGCTCGCGCCAGTAGATAGGATATTGTGAGTTACCCGGCACGCAAGTGTCCCGTTACGTGTATTTCAACACTTACACTTATGCGACGCTTGGTGGAGCGAGGAGCTCGACGAGCTCTCGTGAGTCCAGGAAGGCTGTACACTTACCACTTATACATGTAAAACGCTAACTGTGCTGGTGTCTATCCGCCGAGGGGATACATAAAATACCAATTATGGTCGCCTCTCCGACTGGGCGTAACCCGTAGAAACCTGCGACCAGGTTGAAGTATCCGTAAGCTGGTACCCATAACGGACAGTAAATATTTTGCTAGATCATGGTACTGCCATACATATTAGTCGTCGCGAGGCCAACAGTCATCTTGCTACGACAGACTGAAACATGTTACCATCGTACTTCGGTTGATTGAGGTCATAGTAGCTCTTCAGGTGTTTTGTGGTCTTGGTATTCCCAGGTATTAGCAAACATATCGAGGGCGGCTCGGGAGTCTTATACTAGCTTTGGTCTTCGTAGCTGCGCGAGCGTGAACCGCGACCCCCGTCGTAGCTCTGAGGCCACCCATTCTAATGTGGAAAGTACCCATTTGGGCTGTGACCTGCCTCGTAAGTAGGCTGACTGCAATTGCACATGCGCCAACATAATTAACTTAGTACGACCAGGAGCCAGCCCGCTCGTTCGTACATGTGCTCATGTAACTCTCATGTTCGCTAGAGTCCACTTATACCTAGAACGTGAAATGGTCGAATTTGCCCAACAAATCGAAGGTTATCCACGAAAAACACATCCTACGGCCTACCCAAGTTCGACACGAAGTGGGTGGTGTTGGTGCCCCTGCCTATTAGCGACGAGCCTTTGAACAAAGGGCCTGCATTGCACATCTGCCATACTCCACGTATCAGGTATATGGTTGGAAGATTACGGCAGTAATTGCGATGAATCTGAGACTCTTTGATAGTAAGTTGTCCAAGTGCGCGCTTGGTGTATGGCCCGACTGTGGGTTAAATACTGCTTTGAAGGCTAATAGGAAGATCTCGTTGTCGTATAATCACCTGCTCGGGATATGAACTTTTACTGGCTGGGCCAGTATCTAAATGGGGTTCTTCCCGTCACCGGGCAAGCCCCATTCGATGATACATATAATTACCCGGCAGCGAACGCTACACAGGACAATGGTGGTCATGATTATCGCTACATCTCAAACGCCTAGCCCTACATGTCCTAAGGACGAAGCCAATTGAATTTACACGTAGGATAAGGTTATTACCCGCTCTGTGCACTCCAGGTGAACAAAAAATAAGTTTCCGGAAGTTAGCTGCTACTGTTCGAGGATGAACCTAAGCGCACGTCGATCTGTAACTTAAGGAAGCCTTTACGATACAAAGTGCGCGAGATAAGCCGGCCCCTGCTACGCCCATTTCATTGAGCTAACTCTTCGCGATGAAGTCTTAAGGTGCCTGTTCGCCTACCTGCATAAAGAGGTTCTCGCGGGGCAGCCCACTTCCCAACGGCGTAGTAGGGCGTGCACTTGGACCTCAACTACTTACGCCCTAAGATCGGGCGTTGCTAGATTGGTTCGATAGCCTTCGTTGACATGAATAGTCCGTTACCTGACAGATACGTTGGCTCTCATCGCAGATGGGCTCGTCGGTTGTCAGCGATGCTTTGTGGGGGGCGACCAATCAAAGTTCTGTACTAGTAGTCTGACGTATACCGCATTCAAATGTTGCACGCCGAGGCACACAAGCGCACGGCTTTGGATACCGCTAACCAATTAATAGGTTTTAGTTAAGGAAGACGGGCATGTGACACTACGCCCATCTACGTTAGATGTTTGCATAGTCTTTTCAAGTTTGTGAGCCAACTCGACTGGAAGATTATTCGCAATTCTTGGTACATACGAATGGCACAACCCACAACTGTTTAATTTCGTCGCTAGTGCCGGAGAGCAGCCGA,1952,49.03,Escherichia coli
SEQ_996014,GTAATGCCCCACACGTTTGGAACATCTTGCGGCGTTCGTCTGCACGCCACAATAGGATAATACTGCTAAAAACACTTAATCGTACAAACTGGGTATTGACCCTCTCCTTTCCCTATCGTGCTTAACCAGGTTATAGGGATCTTTTGCACGGTTCCGAACCAAGAAGTTTTGCTACAAAAGGTCAAGTCTTCAACGGTTCAGGTTATAACTGTCTCCACCATATTGATATACTGGCCCTACCGGACCCCACTTCGCGTCACGGCTGCCCGCATGCTTCTCTAAACAGGCGGCTGTATAGTATTGTACAGTTACCGTGCAGTGGAGTCCAGGTCCTGTACGCGCAGGTCTGGCTACTATTTGGGTACCAAAGTAAGTCGGTTGTGGGACGGGTGTCGTACAGGTGCAGCATGATACTAATTCTGGCTATAGCACTTGTATAAGCCCCGCGAGTTCCTAAGATCATTCCTAGTCATTAGTTTCATTCCCCCATAGTCGACACTACCGAAGCGAAGAGATCCCTCTCTTAGCGCTGTGTCGACTAGTGAGTGTTCGGTTTAGCGGCTGCTCCCATCAGGGGTTCAGTTGGGACGAGTGGTCTGTTTTCGCCGTAGGACCTTCTGCGCAGGCGTGGTGCACACCTGTACAGTAGAGTTATGTTCATGTGCTCCCACAGGCGTACGTCTAGATCTCGTACTTGCTTACCGAGCAAAAAGCGGACAATTCCGCGATGCATCAAGCATTCACATTTCGGACGCAGTGCGCACCGCCGACAAAACGCAAATTGCCCTTTGTCGTGCCGTTGGATTCATCGCTGTCCCGCCTAGGAGTGTGGTCCGACAGTCCGCGGGTTCTGACTTTTAATCGCGACCGGATTTATCCGGCGGTCTTTTGGGCGTAAGCTTTTAGTCAAGCCCGATTGTAAAACTATAGCCCCTATATGAAACACCAACCAGTCCCTCGCTGTAAGCTAGTGGTGTCTCACTGGACTGACGACTACGCTCATTAGGTTCGCGTGGTGAAAGGGGAGGCTTACTAAGTGGTATTAGGACGCGCTTTTTGAGTCGAAGCGAAAATTTTCACAGGTCAAAAGTCAGTCTTCCCACGAAGAGGGTTAGCACGACGTAGAAAGCCACTTACTTGGGGACTGAATACGATCGTCTCCCTGCTTGAGCAGCCGGTGTAACTGGACCGGCCACTATGATAAGTGAACACCCACTGCACTTTATGTTTAATGCAATGTTGAGCGGACTCTATGGTCGTTTAATTTTGTGTCAATTACATTTGGGGTCACATGGCAGATGAATGCGCGATAGGAGATACTTGTGCGGAACTTTTCAAGTGATGTTTATCGTAGCGGTCCCGCCCAGCAAGCAGACGAGGAGTGGTCGCCGGCCATCAACGTCTACGTATGCGCAGACCCCCTGTAGAAACAGAGAGCGTTGGAATCAATGTTGTTACCAAACCGATTGAGCCCGGTATTTTCGAGTTCTTAAACCTGCCTGGGTATCGATGAATCATAACGGCATGTGGTTCATAAGCTACGAGGGGCATACGTTCTTGCACGAATCACTTTATAGATATATCGATTCTTGTCTGGGGATGCATGATCCCACTGACAGTGTATGCAGGCGGTGGTGGCCGCCAAAAGACAAAGTTGCTAATGTGGTTTCACGCAAAGTTGGGTTATCT,1689,49.62,Mus musculus
SEQ_665456,GAGCCGTACCTTTGCTTCACGAGACTAGCGCACGAGCAGGATAGGGGAGGTGGCTGTCCCCTTGATATTTACGCTGGCCTTGTAGCGCGGTTCGTAAGCGGCACGGACTTCGAGACATACCATACTATTGGGAGACGTTTTGCCAAAGCAATTTTCCGTTAGTCTGTAGATACCGTGCGTGTGTGTTTACACATGTTTTTAAAACTTGGTACCCCTGTCTTGGGCTGATCGTAGGGCCACACGTTATGCCAATGACCCCGAAATAAGGGAAGTAGTCTAGACGGGTGGAAACGGTGTGGGCCGCAGCTAATGTAATAAAAGGCAGATCACTCTAAGAACCACCAGGTCCAGGATCGTCTCATAGGCTTCTCGGGCCCTTGTATCAGGATACCGTGCCATTACGCGGGTCTGTCCGCATTGTATGCATAGGCGTCGGAGGCCGTGACACCGGCTCGAAATAAGCTCAATTGCTACGTCCGAATCATTATCCGGCACTGAATAGCCGGACAATATTGTGCCATAAGTAAATTCGGCGGAGACAGATGCCTCCGTTAGGATGCGATCTTTTATAGCTTTGGACCCGGGAACCTCTACTATAGGGACGCTTACCCTCAGATACCAATTCGGCACTACTCAATTGTGCCTCGTGATTGCCAGCACGCTAATGACCAGGTTGACGAGAATCGGAAACTTGACAAACCGACGGGAGCAGAGAATCG,719,51.04,Saccharomyces cerevisiae
SEQ_851715,GAAGAAGGGTCAAGGTTGGCTTTCAATGATACGCGCCCTGTTTGCGAGAGGATTAATCAGCTTCATATTGATTTGGCGGTGAGATCCATCCCTGGCCATACTCCATGAGAGTCCCATAATACCATGCCCGACTGATGGTCGATTTTGTGTTCTCGAGTGCAATAACAGTGCCTGTGGGCTGCCTCCTTTAGCAAAATGGTCTAATACTCGACTTGACTGGAGTATTGGAGGCTGTGTTTATAGAGCCCGTATATATTTGTAAGCCCCGCGCACGTTACGCTATTCTCGAATTACGTGCGAACACACGACATACGCAAGAAAGGTCGTTTGCCACACTTACGGCGATATGTTTTGCGATTTTTAGATATGAGATCCCAAGCACATTATCGGCACGAGCTCTTCGCTAAGTCGACGGCGTGATCCGGATGTTGTAAGGTTGCGGCGGTGTCGACAGTCTCCAAAGGCCCTGTCCAAACTCCTAGTAGCAATAGGAGGGCGCATCAGACTTAATCTTATTCGATATCGATATGGTTGCGCACGCCAATCGTGCGGAAAATACGCTGGTTCGGGTGGCGCAACTATTCGGTCGGTTGGAGGGGCGTTGCGCCGAGCGTCAGGGCGGAGCTAGATTATACCTCCCCTTGGAAACGGCGATTTTACCTGTTCAAAATAGTACTAAAGGACACGCAATCCCTAAATAAGATTCATGAACTGCCAACACCTGGGACTCGCCGACGGTGCTTCTGTGACCAAGCCTTCTTTATGAACCGTCGCGAGGACTGCTAAAAGACACCGGCTAACAGGGGATCAAGCAGCAAGAACTGTTCCTAGGCTAGTGGGAGCTGTCCCGAGCCGTGTAATACTTATTGATTTATTGGGAACACGCCTGTATGCGGCCGCCGAACGTCCCAAGCTAGGTGGCGCGGGGAGGTATCGCGCCTGGAGCCCTCGACTTCAGACCGTAACTTCGAAAGTCGTTAACGTTGCAGTCTGTTGTGCTCTTGTTTGATTTGCGGAACAGCGAATGGGACCTTTTCCGGTATTACCTAGCATTGGTGTGGAATCCACCGAGCCCTGTGAGTGGGCACCCACCATGATAGTATAAGACTGGTTCCCAACGAACCTCTTGGTAGGTCCCGAAAATCACCAACTACTGTAGTCCGTACAAAAACTCTAGGCGACAGTGGAATAAGCTGTGGTCAGCGATCTTACAGTTTTAATGCCTGATCTCGGCAGCCCTTCTTGCCCGTGCTCTGGTCGCGGAACCCAATTGGTCTGCCAACAGCACGAAGCATCCTCGGGTTTAGACACGGGAATTCGTGCGTCCGGCGTGTGGAGCATTTGTAGGAATGGTATTACTCTTGTCGTCTATTCTCTTGATAAGAGTCCAGTAAAGACGCCATTACGCTCTGGGTCTACGATATAATAGATGGTACCAGCCCCCCAACAGGCGACTCCTCGGCTATCTAAATGCCGATGTGCGAAAAATTCGATTTGAGATAAAGCGAACGTTAACTAGATGATTGTAATGAGCTGGAAGAATCGCCTATTCCGGAGGGGACTGATAATTATCCGCTGAGA,1581,50.16,Arabidopsis thaliana
SEQ_503884,ATCGATTTGCGAGTTGAGACATCCCCTGGATGACGCAGAAAGAGGTGGAACAACGTAAAGTCCTCGCTATCCTCGCCCGATATGAGATCATTCCCACCATACATAGGGTCAGCTACCTGCTAGAAGGCGTAAGTTGGTACGCAATCCATCGAAACATAGACTATCGTTCATTTGAGAAGCTACAATCTCTTCCATGGTATTCAAAACAGCGAATTATTCTGTAAAGACCAAAGACCTGCTTGTGCACACCTCTCGGAAAAGAGCTTACATAGTGCCATACCAGTTGAAGTCCACTATACCGTGTCGACTGACTGCGCTTTCGCGACCTTGTGGGAGCTCCGATTTCCGGCTTGGATTCAGAATGACCGGACCTTCAAGCGGACTTTTCGTCAATGCGATGATAATTTTTTGACGATTTACGCGTAGCATCGGATTCCAGTCGTATGGCCAACCTCAGACATTCGAATTCTATGGCCTGGAAGCGCAGGGCACCTCGATATTGCTGGGGGTAGGTGGAATCAACGTCGGGTATCAGGAGGCGGCGACCCTCACTCACTCAGCATCTTGTTTATACAAAAACTGCACAAATGGCGACCCGGCCAGCCGATACAGTCCCGCGTGAGAA,625,49.28,Saccharomyces cerevisiae
SEQ_115288,GCCGGGGAAATTAGCCCACAATTAAAATCCAGGGACTCGTCACTATTACTTATTGGAGGCGCTCGTCATGCTTCCACCGACGGTAACGGCAAATTAGTTTGTCTCCATGGGTGGAGAATCGCAACCATCGCTGCCTCCTTCGGTGACACCCCGAGCCTAGTCCGTCCATACAAGGACCGAGGCAGGGCCACCGCGGGCGAGTGCCTTGGGCTCGGATAGTTTAGCTTTGTTAGAGGTCACCAACGAGACCCTGGCAGACTTAGTGTGGGCAGACCAGGCCCTGAGCCCGACCGCTGGTAGACCAATAGCCGTCCTAAGCGCCACCTCAGTTGTTACCGATTTACGATTGCTAATTGAAGAGCGAGAGTCGCGCGCTGAAGAAGTGGAGTCGCTTCTCGTATGCGGCGGCGATCAGCCTTTGCACTCACTTTTGGGTAGTAGCCATCAACGCGGGTAGCTGAAGATTCTCATTAAACATGCACTACTTTACTCGTACTTACTTGTCACTCTTTCCTCGATGGGCTCCTGGTCTACATTTCATCCATAGGTTGCTAAGCTGAAAGATTCCCATTGATATTGCGCCGAGGCTTGGCTCGTCTCAGTGACTCTCGGGTACGGCGCGGCTCCTGGTCCATACGCTGCTATATTGGATTGACGGGGCACATCGAACTTAGTTGCGTCTGGGAGCGCGCTATTACGGTTGGGGAACGCTGATGATAACGCCGCCCGTAGCAAATGTTCCACGATAGTTTATCGTTAACAGTATAGGCAGACCCCCGGATTTACATTCACCGTATGTGTAAGGGCTGGCTTGGTTATACTGTCTTACCGGATTACCTGCTTCTGACTGCGCCAATTGTTGTGTAGATTTACTCGTACCGTTCGTATTTGGATCTCGTTAATTTCAAGTGCCTACCTTCGGTCCTACGTCAAATTTCGCTGGAGCCTCAGGACGTTTACGGTAAGCCTAGCTAGGTGTCTTCGTTGATATCAAGTATTACGCAAGCACTTGAGGCCGTTACCCCAGATAGGTTGCACGACATACCGCGCGGCCCGTATCGGCGGTTGTCGGAATGCTTGACGTTCGATACTCTGCCAAACGGAAAAATAGCACTTGGCTGGATTCCGACCTAGTTTATAACAGCTGAAAAAAGTAGAACCTTACAGTGAAGTTAGGCGATAAGCGGAGAACTGTCCATTCCCTGAGCTGCACCCAACCTTCCCCGTAGCATTAGATAATTGTAACCCACATAGGTTTGTTGGTTTCACTAGAGTAACCATGCAACATGTACCCAAATGATACATGCGGAGTAAGGAATCGGAGTCTGGGCGGCCTAGGTTAGCTCTCAAGTTTCGTTCAGCATTCTTTGAACTTTCGTTGGATTATAATTTACCGAGTGGGTCGTCTACGCAAAGGCGGTTAGTTGTTGTGCTCTTAAAAACCGTGCGCCGAACAAGACCTCGACCTCCCCGAGGCGGTTGTGCACATCTAGAAATAGGGGGAAGCCAGCACTCTGGTACATCCAACCTCTGTTAAAAGATGTTGAATTGAACGTCTCGGTGAACGCCAGGCGAAAAAGGTCAGGATCGCGGCGCAAAACTGCTTGAACACCTTGACCCTGACGCGCGGACACAAGGGTTGGTTATAGCAAACCGTACAAGCGGCCAGTTGTTCCCACCTATT,1684,50.83,Drosophila melanogaster
