compound,formula,mw,pka,solubility_mg_ml,class
Caffeine,C17H26N0O0,395.02,N/A,303.668,Carbohydrate
Glucose,C2H21N1O10,777.62,13.43,397.504,Hormone
Urea,C18H5N1O3,232.46,1.49,821.072,Hormone
Dopamine,C14H24N2O6,431.06,10.29,147.273,Lipid
Cholesterol,C4H7N2O3,302.49,N/A,184.176,Organic Compound
Dopamine,C3H21N2O9,446.45,6.65,364.284,Neurotransmitter
Serotonin,C2H33N1O2,948.24,3.22,430.973,Organic Compound
Serotonin,C11H31N3O4,934.35,N/A,722.45,Amide
Adrenaline,C11H4N0O10,373.02,13.97,726.205,Lipid
Ethanol,C15H26N1O3,281.22,3.18,737.42,Alcohol
Adenosine triphosphate,C11H22N0O5,457.85,N/A,380.577,Alkaloid
Serotonin,C9H33N5O9,897.97,1.18,568.134,Lipid
Urea,C17H2N1O0,79.73,12.72,685.515,Amide
Cholesterol,C15H24N3O8,569.54,12.36,499.203,Alkaloid
Cholesterol,C20H27N4O5,374.61,6.12,481.156,Lipid
Caffeine,C7H26N2O6,795.45,2.3,427.514,Nucleotide
Glucose,C2H9N1O9,143.39,7.35,923.742,Alkaloid
Serotonin,C15H1N1O9,839.61,3.03,691.844,Nucleotide
Serotonin,C17H1N5O1,493.75,12.55,838.149,Amide
Dopamine,C6H11N0O3,574.0,10.04,602.006,Nucleotide
Aspirin,C5H34N4O1,776.72,7.85,134.191,Carbohydrate
Ethanol,C11H1N1O2,840.64,8.47,940.979,Lipid
Cholesterol,C17H36N2O4,840.24,8.47,948.606,Lipid
Serotonin,C13H11N3O4,848.56,11.36,511.55,Neurotransmitter
Serotonin,C16H13N5O8,906.81,6.45,762.238,Lipid
Adrenaline,C2H35N2O8,805.03,7.83,477.93,Organic Compound
Dopamine,C16H21N2O6,675.33,4.05,868.951,Lipid
Adenosine triphosphate,C8H10N5O8,82.26,1.53,505.594,Amide
Glucose,C9H35N2O2,86.26,N/A,515.531,Amide
Adrenaline,C16H15N3O4,844.34,3.82,528.772,Neurotransmitter
Urea,C8H12N2O6,561.18,5.01,103.747,Hormone
Cholesterol,C7H9N3O0,671.08,2.75,482.487,Carbohydrate
Glucose,C7H32N4O10,56.74,9.01,260.346,Hormone
Serotonin,C10H11N2O9,552.67,8.5,333.595,Alcohol
Urea,C2H20N0O10,633.58,12.46,705.105,Amide
Glucose,C16H24N2O0,53.81,12.0,193.968,Carbohydrate
Cholesterol,C4H24N5O1,537.94,3.5,686.522,Alcohol
Aspirin,C17H35N0O9,891.9,4.33,502.646,Carbohydrate
Aspirin,C6H39N1O2,247.5,1.44,945.401,Lipid
Cholesterol,C5H3N0O1,130.14,N/A,171.905,Nucleotide
Adrenaline,C13H31N0O2,631.58,13.22,703.167,Hormone
Glucose,C8H18N1O6,687.22,5.66,868.795,Organic Compound
Adrenaline,C7H19N5O2,752.86,6.56,461.382,Carbohydrate
Caffeine,C17H22N1O7,667.74,1.32,479.032,Carbohydrate
Aspirin,C1H10N5O2,359.94,10.06,913.923,Organic Compound
Adenosine triphosphate,C20H19N2O4,681.46,9.84,296.915,Lipid
Urea,C19H40N5O8,145.47,5.5,843.579,Alcohol
Caffeine,C6H31N0O4,344.59,3.66,429.779,Neurotransmitter
Glucose,C12H35N0O9,523.18,9.55,899.681,Hormone
Caffeine,C16H4N1O7,307.16,N/A,341.779,Neurotransmitter
Urea,C3H11N3O1,716.67,9.67,765.699,Hormone
Adenosine triphosphate,C4H38N4O2,500.11,10.15,274.723,Alcohol
Dopamine,C15H13N2O2,717.0,13.18,100.787,Alkaloid
Caffeine,C5H16N0O10,471.27,7.66,873.221,Lipid
Urea,C14H7N3O8,998.84,N/A,722.876,Amide
Adrenaline,C18H27N2O1,71.3,4.82,961.13,Amide
Adrenaline,C2H30N3O9,100.72,N/A,519.691,Lipid
Adrenaline,C20H33N1O1,246.43,N/A,207.157,Lipid
Ethanol,C12H12N3O10,756.34,N/A,887.967,Alkaloid
Glucose,C2H9N3O9,679.72,2.89,639.745,Nucleotide
Ethanol,C13H33N4O0,894.15,11.32,707.73,Carbohydrate
Glucose,C19H19N1O0,208.6,N/A,190.049,Nucleotide
Adrenaline,C4H22N1O7,358.13,13.33,995.878,Organic Compound
Urea,C16H6N3O6,246.57,6.74,872.727,Hormone
Ethanol,C14H10N2O3,356.55,N/A,677.276,Lipid
Aspirin,C13H9N0O8,678.08,5.49,431.71,Amide
Ethanol,C10H12N4O9,299.22,5.12,596.851,Hormone
Glucose,C9H11N2O4,985.75,13.52,104.785,Nucleotide
Caffeine,C1H12N3O1,702.74,9.71,188.377,Alkaloid
Dopamine,C20H3N2O1,270.43,5.27,257.079,Neurotransmitter
Urea,C4H14N2O5,346.8,11.47,472.695,Lipid
Aspirin,C1H28N5O3,140.68,13.81,352.387,Lipid
Cholesterol,C20H5N5O6,871.16,N/A,763.467,Neurotransmitter
Dopamine,C9H26N1O4,817.91,2.08,62.277,Lipid
Glucose,C2H36N5O2,861.11,N/A,139.792,Lipid
Caffeine,C6H13N0O9,974.51,1.12,25.004,Nucleotide
Ethanol,C6H18N4O2,607.1,6.16,874.06,Nucleotide
Cholesterol,C16H1N5O6,897.26,6.21,361.075,Organic Compound
Glucose,C5H28N2O0,817.45,12.02,965.58,Carbohydrate
Adenosine triphosphate,C12H30N1O1,846.4,4.32,169.823,Nucleotide
Adenosine triphosphate,C4H3N3O2,953.02,N/A,25.341,Nucleotide
Aspirin,C9H5N3O3,354.95,3.77,314.677,Organic Compound
Aspirin,C9H19N5O8,127.16,N/A,293.518,Hormone
Urea,C9H18N2O4,521.38,4.28,651.644,Neurotransmitter
Adenosine triphosphate,C18H25N0O4,993.22,5.41,227.305,Neurotransmitter
Glucose,C14H5N1O7,793.63,N/A,364.664,Organic Compound
Urea,C6H27N0O1,439.49,N/A,169.128,Lipid
Caffeine,C11H13N4O10,775.61,12.58,564.447,Alkaloid
Serotonin,C20H35N2O6,223.46,3.67,374.348,Nucleotide
Ethanol,C19H18N3O1,264.62,11.13,129.958,Alcohol
Ethanol,C14H11N5O5,318.64,9.38,795.347,Carbohydrate
Aspirin,C6H9N5O7,215.94,2.21,988.733,Nucleotide
Caffeine,C15H37N3O0,210.18,9.57,312.166,Neurotransmitter
Dopamine,C16H39N5O9,764.01,12.95,889.639,Nucleotide
Dopamine,C8H40N0O4,372.82,1.44,109.17,Nucleotide
Adenosine triphosphate,C9H20N4O6,574.25,2.46,590.392,Neurotransmitter
Glucose,C13H33N4O7,187.32,9.06,405.313,Alkaloid
Adrenaline,C15H7N1O0,386.04,8.57,276.62,Carbohydrate
Serotonin,C13H18N4O3,449.25,N/A,341.877,Carbohydrate
Adrenaline,C9H32N3O10,866.05,3.36,171.915,Organic Compound
Dopamine,C4H35N3O9,112.96,11.94,550.014,Nucleotide
Dopamine,C20H40N3O4,991.48,1.87,855.361,Organic Compound
Cholesterol,C8H3N3O5,857.9,3.67,168.301,Neurotransmitter
Serotonin,C3H38N4O8,170.94,6.71,513.594,Amide
Adrenaline,C4H8N1O4,102.73,13.88,123.354,Organic Compound
Cholesterol,C6H5N3O0,503.41,8.66,499.479,Nucleotide
Urea,C9H36N0O2,781.61,3.53,78.918,Hormone
Adrenaline,C15H6N4O1,527.93,N/A,419.677,Amide
Caffeine,C6H36N3O9,260.24,3.02,844.309,Alkaloid
Aspirin,C7H34N1O0,436.53,8.86,954.592,Nucleotide
Dopamine,C20H2N3O0,416.84,N/A,818.713,Hormone
Urea,C5H36N1O3,720.26,1.54,356.905,Alcohol
Adenosine triphosphate,C14H40N1O0,89.49,6.15,443.036,Neurotransmitter
Serotonin,C10H9N4O7,871.75,9.83,957.069,Nucleotide
Aspirin,C9H27N2O0,548.36,1.97,846.303,Nucleotide
Dopamine,C4H9N4O6,522.4,13.94,87.67,Carbohydrate
Glucose,C14H1N0O8,173.22,5.19,626.594,Lipid
Caffeine,C2H32N2O4,56.56,9.88,36.628,Hormone
Adenosine triphosphate,C17H40N3O7,485.81,10.96,241.791,Lipid
Glucose,C11H37N2O3,249.49,13.31,839.124,Amide
Aspirin,C5H22N1O6,509.37,1.92,476.071,Alkaloid
Glucose,C5H30N5O2,668.78,N/A,365.384,Lipid
Serotonin,C15H25N3O6,480.07,9.06,587.056,Nucleotide
Ethanol,C8H10N3O4,273.76,11.69,847.338,Alkaloid
Glucose,C20H9N1O5,391.32,N/A,151.221,Amide
Serotonin,C8H9N3O0,535.21,N/A,510.69,Nucleotide
Adrenaline,C15H21N2O7,889.3,7.32,466.315,Amide
Aspirin,C7H15N5O1,468.83,10.23,56.777,Lipid
Dopamine,C4H34N1O0,913.34,7.0,478.857,Lipid
Adenosine triphosphate,C16H10N1O9,607.22,6.03,355.664,Amide
Serotonin,C12H34N0O0,411.78,4.77,79.802,Nucleotide
Dopamine,C7H33N1O2,692.93,N/A,137.36,Alkaloid
Urea,C6H23N1O6,493.92,6.75,706.987,Alkaloid
Cholesterol,C11H7N5O3,602.24,13.6,970.611,Lipid
Glucose,C4H9N0O1,802.78,N/A,758.759,Nucleotide
Serotonin,C8H27N4O2,150.42,7.59,301.224,Organic Compound
Dopamine,C14H10N2O0,271.84,13.25,522.909,Alkaloid
Dopamine,C8H17N2O2,467.54,8.21,66.28,Lipid
Caffeine,C8H16N4O1,576.82,6.28,873.844,Alcohol
Ethanol,C7H40N4O10,581.67,13.78,828.397,Neurotransmitter
Cholesterol,C2H2N2O2,140.4,13.74,912.167,Lipid
Cholesterol,C11H2N1O5,654.46,5.19,136.742,Nucleotide
Caffeine,C13H13N3O4,510.72,1.11,840.791,Amide
Ethanol,C1H32N2O5,705.55,9.9,36.726,Organic Compound
Caffeine,C1H5N0O4,419.61,N/A,808.783,Organic Compound
Adrenaline,C17H37N4O5,271.85,2.37,198.182,Carbohydrate
Glucose,C3H4N1O6,658.07,N/A,540.538,Neurotransmitter
Urea,C15H25N1O7,774.93,3.61,79.709,Hormone
Cholesterol,C3H21N5O9,356.16,12.26,77.664,Neurotransmitter
Glucose,C10H13N2O0,705.53,3.66,598.401,Nucleotide
Glucose,C11H24N4O6,112.37,10.4,728.02,Alcohol
Caffeine,C19H21N2O10,156.14,8.84,986.594,Carbohydrate
Urea,C13H1N1O3,205.32,4.54,25.908,Carbohydrate
Serotonin,C16H32N4O0,694.75,N/A,16.291,Lipid
Glucose,C18H40N4O7,333.46,8.12,828.086,Organic Compound
Serotonin,C7H6N1O9,554.81,1.84,254.255,Hormone
Ethanol,C10H26N2O8,253.17,4.82,309.688,Lipid
Caffeine,C18H19N1O8,810.49,4.89,135.97,Lipid
Ethanol,C5H18N4O1,323.76,N/A,128.761,Organic Compound
Adenosine triphosphate,C7H20N4O6,646.07,1.19,878.999,Organic Compound
Serotonin,C12H24N1O3,539.98,12.58,681.571,Alkaloid
Urea,C11H29N4O10,964.88,N/A,565.781,Organic Compound
Serotonin,C18H19N4O0,60.32,10.86,375.899,Amide
Cholesterol,C3H12N5O2,787.89,N/A,255.642,Organic Compound
Caffeine,C7H1N3O0,689.15,12.99,154.922,Neurotransmitter
Serotonin,C16H2N2O5,113.0,3.82,677.442,Lipid
Ethanol,C15H4N3O4,417.33,10.74,821.617,Organic Compound
Adenosine triphosphate,C20H14N3O1,603.94,7.17,207.894,Hormone
Adrenaline,C14H15N1O2,541.13,9.07,147.719,Amide
Glucose,C9H22N4O9,529.49,12.8,421.529,Hormone
Ethanol,C16H31N5O4,894.49,1.56,697.853,Alcohol
Glucose,C9H40N3O3,465.74,1.75,253.848,Amide
Caffeine,C20H37N3O5,751.42,3.68,242.411,Amide
Cholesterol,C9H14N3O10,658.25,9.03,748.342,Hormone
Urea,C15H33N5O2,753.54,13.72,279.988,Neurotransmitter
Ethanol,C12H39N2O5,60.75,N/A,84.812,Carbohydrate
Glucose,C20H40N0O1,134.41,3.78,901.288,Amide
Adrenaline,C1H32N0O7,388.42,N/A,194.857,Lipid
Urea,C2H21N0O0,718.9,7.36,363.45,Carbohydrate
Dopamine,C7H28N3O4,514.26,8.92,694.91,Alkaloid
Adrenaline,C17H18N5O0,90.45,N/A,7.007,Lipid
Serotonin,C1H22N3O7,599.69,10.15,61.127,Carbohydrate
Caffeine,C20H29N3O10,238.44,8.92,785.602,Alcohol
Cholesterol,C4H20N1O8,408.88,2.55,920.172,Lipid
Serotonin,C5H28N0O1,677.22,N/A,404.966,Hormone
Adrenaline,C15H10N3O5,618.73,12.42,746.884,Carbohydrate
Adrenaline,C13H18N4O2,490.19,1.83,923.205,Hormone
Serotonin,C7H5N5O10,685.55,10.0,565.019,Organic Compound
Aspirin,C8H24N1O9,176.12,2.15,273.171,Alkaloid
Ethanol,C15H9N2O4,282.19,5.51,560.293,Neurotransmitter
Urea,C3H12N4O6,514.89,N/A,106.771,Neurotransmitter
Adrenaline,C3H21N0O4,326.77,3.75,744.538,Carbohydrate
Ethanol,C18H31N5O2,152.08,4.76,101.35,Nucleotide
Serotonin,C20H12N0O2,812.24,5.2,303.772,Alkaloid
Ethanol,C6H18N5O3,306.47,3.39,653.48,Carbohydrate
Aspirin,C4H17N5O8,186.2,9.92,980.201,Alcohol
Cholesterol,C13H27N3O0,174.3,N/A,41.622,Hormone
Caffeine,C15H15N4O1,80.3,2.26,228.384,Alcohol
Caffeine,C9H16N1O4,693.05,4.92,791.497,Neurotransmitter
Adenosine triphosphate,C13H18N2O8,966.12,10.01,920.41,Organic Compound
Adenosine triphosphate,C15H13N2O1,257.14,N/A,108.205,Amide
Urea,C9H29N0O7,567.28,13.82,485.051,Amide
Dopamine,C19H27N1O5,696.85,6.04,385.823,Nucleotide
Urea,C18H38N3O5,394.89,12.12,773.581,Organic Compound
Adenosine triphosphate,C12H36N5O9,276.28,13.43,459.585,Organic Compound
Adrenaline,C7H4N3O5,633.51,2.05,974.09,Nucleotide
Caffeine,C10H18N4O8,731.95,8.77,6.653,Alcohol
Adrenaline,C19H20N0O7,90.73,5.61,148.782,Neurotransmitter
Adenosine triphosphate,C9H22N2O8,786.4,4.17,37.282,Alkaloid
Caffeine,C20H25N0O2,144.83,4.95,972.839,Nucleotide
Dopamine,C20H24N1O6,150.12,N/A,901.899,Carbohydrate
Cholesterol,C5H5N4O7,336.62,13.62,758.996,Hormone
Caffeine,C10H38N2O1,527.39,4.09,290.725,Amide
Adrenaline,C12H11N1O9,65.63,N/A,195.517,Amide
Adrenaline,C14H21N3O2,834.73,13.56,854.869,Alkaloid
Serotonin,C7H1N1O3,220.8,6.24,603.37,Alkaloid
Urea,C6H28N0O2,598.16,N/A,144.164,Alkaloid
Urea,C20H16N5O1,539.73,11.22,265.497,Carbohydrate
Glucose,C14H20N5O6,492.27,3.45,412.23,Lipid
Adenosine triphosphate,C7H17N0O7,879.86,1.69,175.805,Carbohydrate
Adrenaline,C14H1N3O4,192.66,N/A,368.716,Alkaloid
Urea,C18H36N1O1,174.37,N/A,801.669,Alkaloid
Dopamine,C16H36N3O0,780.63,N/A,264.315,Alcohol
Caffeine,C15H4N5O7,584.39,7.38,466.4,Neurotransmitter
Adrenaline,C18H12N5O1,525.25,N/A,655.501,Amide
Adenosine triphosphate,C4H15N5O5,372.12,6.33,706.379,Alcohol
Serotonin,C3H8N2O3,808.2,2.26,765.697,Carbohydrate
Caffeine,C16H29N1O4,792.49,4.85,253.584,Nucleotide
Glucose,C1H24N2O4,190.65,1.75,674.973,Alcohol
Urea,C4H10N4O9,529.0,N/A,893.604,Alkaloid
Urea,C13H27N2O5,285.94,13.19,664.004,Lipid
Aspirin,C13H25N1O2,173.5,N/A,481.08,Nucleotide
Urea,C5H22N0O9,302.97,8.23,626.326,Organic Compound
Dopamine,C19H38N3O10,221.67,5.03,188.017,Nucleotide
Ethanol,C15H40N4O8,219.31,6.93,787.367,Carbohydrate
Cholesterol,C16H26N5O0,868.72,10.05,729.801,Alkaloid
Ethanol,C9H32N0O4,232.79,N/A,918.961,Neurotransmitter
Urea,C9H13N1O0,215.43,13.18,359.192,Alkaloid
Cholesterol,C6H31N0O3,763.6,N/A,16.932,Neurotransmitter
Adenosine triphosphate,C9H3N5O0,645.07,N/A,331.362,Alkaloid
Ethanol,C5H10N5O6,125.38,9.6,366.339,Amide
Serotonin,C4H36N1O2,591.41,N/A,487.326,Amide
Serotonin,C4H6N1O3,272.17,N/A,797.525,Organic Compound
Cholesterol,C4H36N2O5,116.88,7.81,796.974,Neurotransmitter
Adrenaline,C6H15N4O1,867.98,3.68,652.728,Alkaloid
Adenosine triphosphate,C17H33N1O8,934.68,9.92,640.195,Nucleotide
Ethanol,C17H12N3O3,534.8,10.13,196.796,Alkaloid
Serotonin,C8H7N1O2,522.19,8.68,394.52,Alcohol
Caffeine,C18H30N2O0,476.49,N/A,496.189,Amide
Adrenaline,C17H9N2O4,341.81,11.39,903.821,Lipid
Adrenaline,C16H17N0O2,565.27,N/A,728.564,Hormone
Serotonin,C6H11N5O5,343.15,9.86,388.496,Amide
Adenosine triphosphate,C8H3N0O1,176.53,N/A,588.038,Organic Compound
Dopamine,C18H18N0O10,209.05,3.04,439.013,Hormone
Aspirin,C6H17N2O7,279.78,N/A,30.866,Alcohol
Urea,C13H10N4O6,653.32,4.56,481.555,Hormone
Ethanol,C20H10N5O10,643.69,12.12,266.445,Nucleotide
Urea,C17H30N2O1,584.38,N/A,490.622,Carbohydrate
Adrenaline,C12H19N4O3,498.14,7.73,75.424,Nucleotide
Caffeine,C19H5N4O3,163.47,12.88,937.618,Hormone
Glucose,C20H20N0O4,763.24,N/A,774.871,Hormone
Caffeine,C13H25N5O5,130.07,2.25,354.151,Nucleotide
Ethanol,C15H8N3O6,526.14,5.36,54.938,Organic Compound
Cholesterol,C17H27N3O10,294.13,8.29,378.374,Amide
Urea,C15H40N0O0,701.24,9.11,43.118,Alkaloid
Serotonin,C3H40N3O8,753.09,8.43,76.701,Hormone
Adrenaline,C16H16N5O9,309.47,N/A,488.408,Alkaloid
Glucose,C18H21N0O5,259.35,7.38,851.688,Carbohydrate
Urea,C1H5N4O8,820.05,N/A,483.67,Organic Compound
Adenosine triphosphate,C2H9N4O9,933.61,2.9,232.841,Alcohol
Adenosine triphosphate,C20H38N5O4,631.55,2.79,9.248,Neurotransmitter
Dopamine,C17H34N1O7,338.28,9.99,371.093,Neurotransmitter
Dopamine,C19H18N4O5,90.3,4.3,101.695,Alcohol
Urea,C12H5N3O0,618.55,N/A,572.184,Amide
Dopamine,C9H11N1O7,721.39,N/A,431.166,Carbohydrate
Glucose,C7H40N2O9,148.45,N/A,731.913,Organic Compound
Adrenaline,C4H28N4O10,613.3,12.38,544.715,Neurotransmitter
Ethanol,C6H20N0O2,670.2,N/A,186.826,Carbohydrate
Glucose,C15H38N2O4,298.13,9.89,49.601,Alkaloid
Dopamine,C16H11N5O9,288.56,9.92,967.372,Lipid
Serotonin,C14H40N5O10,718.36,N/A,715.153,Alcohol
Dopamine,C13H27N4O5,526.24,N/A,646.874,Hormone
Urea,C10H35N2O2,700.56,8.92,354.607,Carbohydrate
Serotonin,C14H8N2O1,595.86,13.48,295.945,Alcohol
Dopamine,C17H38N1O8,790.05,2.98,465.861,Amide
Aspirin,C1H32N0O6,135.7,8.94,665.647,Amide
Glucose,C3H27N5O8,905.16,10.74,833.287,Amide
Adrenaline,C3H39N3O3,756.83,2.89,271.964,Neurotransmitter
Aspirin,C15H9N0O3,298.27,5.98,549.519,Neurotransmitter
Cholesterol,C17H8N0O4,337.5,1.88,403.662,Alkaloid
Cholesterol,C12H38N5O6,624.82,10.37,347.576,Alcohol
Urea,C15H6N5O5,437.89,12.26,6.093,Alcohol
Adenosine triphosphate,C16H24N1O1,330.9,8.9,680.902,Alkaloid
Glucose,C11H11N0O0,272.45,1.27,207.077,Alcohol
Urea,C14H21N1O7,794.05,N/A,830.649,Carbohydrate
Dopamine,C13H37N4O9,479.19,8.11,224.592,Alkaloid
Aspirin,C18H5N5O1,518.38,7.6,200.827,Carbohydrate
Adenosine triphosphate,C4H38N2O8,924.21,N/A,357.757,Amide
Serotonin,C19H8N3O9,789.89,8.88,178.759,Alkaloid
Adenosine triphosphate,C16H2N2O7,339.98,N/A,664.602,Nucleotide
Adenosine triphosphate,C19H32N0O4,77.4,N/A,502.998,Organic Compound
Aspirin,C6H16N3O1,903.37,3.5,217.04,Hormone
Adenosine triphosphate,C9H36N2O0,374.05,3.51,765.114,Carbohydrate
Cholesterol,C18H20N5O2,307.07,13.82,949.144,Neurotransmitter
Urea,C13H1N3O1,472.1,N/A,709.665,Lipid
Dopamine,C19H28N5O2,472.44,11.32,77.676,Lipid
Glucose,C17H16N0O1,138.66,N/A,470.721,Hormone
Adrenaline,C8H38N3O5,435.6,N/A,199.377,Alcohol
Cholesterol,C15H38N0O9,495.12,7.66,852.595,Nucleotide
Serotonin,C14H9N5O10,346.62,9.14,892.03,Carbohydrate
Serotonin,C11H5N5O4,798.39,11.37,867.325,Amide
Glucose,C10H19N0O7,706.37,4.22,490.638,Neurotransmitter
Ethanol,C15H32N1O6,411.93,9.43,675.065,Organic Compound
Serotonin,C12H22N3O8,416.32,N/A,662.537,Lipid
Aspirin,C12H5N3O9,432.43,9.7,317.79,Organic Compound
Serotonin,C6H1N3O8,632.47,N/A,967.315,Neurotransmitter
Glucose,C16H7N4O0,918.46,7.92,306.493,Neurotransmitter
Glucose,C11H34N1O10,758.59,9.99,569.169,Lipid
Dopamine,C5H40N5O3,966.79,N/A,198.826,Carbohydrate
Serotonin,C10H13N1O6,174.11,12.23,590.05,Carbohydrate
Ethanol,C19H21N5O3,919.49,N/A,642.598,Organic Compound
Adenosine triphosphate,C16H35N0O3,673.06,2.12,881.87,Hormone
Urea,C8H31N5O2,392.51,11.35,155.796,Nucleotide
Caffeine,C9H32N4O3,536.05,3.33,691.319,Alkaloid
Urea,C19H18N4O6,526.04,N/A,420.064,Hormone
Ethanol,C18H7N4O5,231.44,3.6,430.119,Lipid
Urea,C9H34N1O2,821.67,2.13,487.012,Lipid
Serotonin,C7H16N1O7,229.17,3.68,929.249,Organic Compound
Urea,C14H10N3O9,964.82,2.95,741.016,Alkaloid
Caffeine,C7H28N0O9,934.23,N/A,632.864,Alkaloid
Urea,C8H40N0O9,351.78,3.92,783.418,Neurotransmitter
Dopamine,C9H22N4O0,587.93,6.64,304.213,Alcohol
Ethanol,C10H37N1O8,141.29,N/A,700.712,Neurotransmitter
Serotonin,C14H15N3O0,614.12,4.61,160.259,Alkaloid
Aspirin,C8H40N0O1,727.75,8.58,112.138,Lipid
Glucose,C9H36N0O9,67.31,11.14,542.943,Lipid
Adenosine triphosphate,C13H22N5O7,948.39,3.93,441.212,Alkaloid
Cholesterol,C15H20N2O0,216.98,3.62,761.739,Lipid
Aspirin,C6H18N1O4,811.34,7.53,742.949,Neurotransmitter
Glucose,C19H24N5O7,392.84,13.85,468.082,Nucleotide
Caffeine,C6H23N0O4,669.23,4.08,859.711,Carbohydrate
Ethanol,C3H11N4O7,877.89,5.42,959.507,Nucleotide
Dopamine,C3H19N4O4,140.6,7.06,594.858,Alkaloid
Aspirin,C15H24N5O0,158.94,13.05,112.356,Neurotransmitter
Cholesterol,C3H32N2O9,548.49,7.59,146.859,Organic Compound
Cholesterol,C5H30N3O9,787.84,12.98,118.863,Alkaloid
Cholesterol,C18H13N5O9,683.54,1.18,642.676,Lipid
Serotonin,C20H28N3O0,93.92,3.84,30.977,Amide
Adenosine triphosphate,C7H39N0O10,398.49,N/A,975.502,Alkaloid
Ethanol,C5H38N3O3,366.39,N/A,244.642,Alkaloid
Adrenaline,C8H19N2O5,855.59,4.87,408.22,Organic Compound
Adrenaline,C13H15N2O4,725.46,6.73,78.635,Nucleotide
Serotonin,C7H35N4O9,591.01,6.16,454.304,Hormone
Serotonin,C13H14N0O3,170.08,8.33,783.38,Nucleotide
Aspirin,C8H18N1O8,61.71,6.33,534.519,Carbohydrate
Ethanol,C14H12N3O6,164.98,11.0,691.237,Lipid
Urea,C8H10N4O4,774.58,4.4,445.686,Neurotransmitter
Cholesterol,C9H15N2O6,436.36,11.45,235.174,Alcohol
Adenosine triphosphate,C12H3N5O7,792.36,5.42,657.857,Carbohydrate
Serotonin,C12H8N5O5,460.57,N/A,464.772,Alcohol
Glucose,C7H40N1O1,830.77,7.06,441.573,Lipid
Urea,C4H33N1O0,942.14,5.05,323.75,Nucleotide
Glucose,C16H24N3O3,733.32,1.18,837.306,Organic Compound
Caffeine,C12H11N3O8,198.51,9.4,895.784,Amide
Aspirin,C20H16N1O4,651.42,N/A,359.866,Amide
Ethanol,C18H23N3O8,647.15,7.62,676.025,Carbohydrate
Dopamine,C7H12N0O7,474.18,10.82,858.003,Organic Compound
Ethanol,C4H14N0O5,397.16,2.15,684.455,Nucleotide
Dopamine,C16H5N5O4,361.82,8.47,620.161,Hormone
Urea,C20H12N0O7,617.86,N/A,662.102,Amide
Serotonin,C4H3N5O4,755.84,13.01,304.231,Nucleotide
Serotonin,C13H28N2O6,937.38,10.38,254.858,Amide
Adenosine triphosphate,C4H13N4O2,455.19,1.76,571.966,Hormone
Urea,C17H23N4O3,418.87,1.12,235.101,Neurotransmitter
Aspirin,C17H27N2O5,566.7,11.82,854.001,Hormone
Cholesterol,C7H37N0O0,137.05,12.12,328.649,Carbohydrate
Dopamine,C14H9N5O0,762.95,6.72,12.227,Neurotransmitter
Aspirin,C6H32N2O2,785.11,N/A,648.014,Hormone
Adrenaline,C18H15N4O8,606.5,7.86,889.13,Lipid
Adenosine triphosphate,C8H28N0O2,543.6,2.59,39.697,Amide
Adrenaline,C19H21N2O1,247.4,8.64,686.413,Hormone
Serotonin,C10H16N2O1,461.53,N/A,469.101,Carbohydrate
Caffeine,C8H12N4O7,443.57,4.55,385.214,Lipid
Adenosine triphosphate,C12H8N0O2,500.08,5.34,722.607,Lipid
Caffeine,C3H14N0O3,627.15,1.05,120.16,Hormone
Adenosine triphosphate,C20H32N3O5,827.62,5.82,284.861,Alcohol
Serotonin,C17H4N2O3,889.4,13.7,955.134,Amide
Urea,C10H34N4O5,358.26,8.25,718.2,Neurotransmitter
Adenosine triphosphate,C7H14N0O6,647.08,N/A,47.761,Alkaloid
Glucose,C19H15N3O10,164.54,N/A,988.139,Alcohol
Adrenaline,C10H12N4O10,238.28,N/A,675.688,Amide
Adrenaline,C5H26N0O3,686.69,1.8,479.555,Organic Compound
Glucose,C2H39N0O3,927.39,N/A,112.017,Alcohol
Glucose,C10H20N3O3,584.56,7.67,633.271,Nucleotide
Aspirin,C14H9N0O7,112.59,1.15,638.487,Organic Compound
Adrenaline,C13H5N5O9,497.08,7.59,604.124,Lipid
Adenosine triphosphate,C17H37N3O6,825.8,12.68,341.708,Lipid
Adenosine triphosphate,C14H13N5O9,621.34,N/A,781.312,Hormone
Ethanol,C16H30N0O2,330.93,N/A,653.868,Lipid
Urea,C7H12N1O7,585.8,5.43,911.667,Organic Compound
Adenosine triphosphate,C14H18N5O1,824.94,13.94,7.961,Alcohol
Adrenaline,C18H18N1O2,830.26,7.26,418.412,Alkaloid
Cholesterol,C7H37N5O0,507.42,7.77,186.476,Carbohydrate
Aspirin,C5H23N3O4,482.04,8.31,854.591,Carbohydrate
Glucose,C6H19N4O5,911.93,N/A,860.713,Organic Compound
Cholesterol,C10H22N3O9,834.0,N/A,800.165,Neurotransmitter
Urea,C13H9N2O6,807.75,5.42,463.54,Lipid
Aspirin,C13H33N4O4,446.93,7.15,137.201,Alkaloid
Adenosine triphosphate,C17H6N4O6,388.64,N/A,566.501,Alcohol
Caffeine,C17H11N4O3,205.64,N/A,139.307,Nucleotide
Caffeine,C7H1N1O0,492.06,4.59,732.859,Organic Compound
Glucose,C14H24N2O3,710.26,9.04,461.715,Alcohol
Adrenaline,C3H9N4O0,198.26,N/A,385.303,Neurotransmitter
Urea,C20H11N4O2,531.41,11.96,224.63,Neurotransmitter
Glucose,C13H7N1O9,612.8,N/A,208.638,Nucleotide
Urea,C17H18N3O8,866.87,13.29,984.217,Organic Compound
Urea,C15H4N1O8,897.97,12.06,704.919,Alkaloid
Glucose,C20H34N3O5,400.97,5.36,18.381,Lipid
Ethanol,C15H12N3O9,347.29,2.85,643.468,Carbohydrate
Aspirin,C15H3N4O7,607.11,N/A,884.117,Hormone
Urea,C7H2N0O2,944.91,6.33,552.092,Alkaloid
Serotonin,C17H36N4O7,934.71,8.3,35.233,Amide
Urea,C18H3N5O1,664.03,5.05,712.053,Carbohydrate
Ethanol,C8H30N2O2,337.34,11.73,284.257,Nucleotide
Serotonin,C18H9N2O9,71.38,8.49,623.897,Amide
Adrenaline,C18H11N5O6,841.08,9.28,386.094,Lipid
Aspirin,C8H19N3O8,722.33,N/A,859.99,Organic Compound
Ethanol,C4H39N3O10,658.66,N/A,729.597,Organic Compound
Cholesterol,C3H7N0O0,720.82,11.11,812.068,Neurotransmitter
Caffeine,C17H32N3O3,995.09,N/A,415.552,Alcohol
Adenosine triphosphate,C1H40N0O5,974.83,N/A,354.573,Carbohydrate
Dopamine,C19H23N0O9,880.68,4.09,670.388,Amide
Adenosine triphosphate,C11H24N0O4,337.87,N/A,364.934,Neurotransmitter
Ethanol,C8H10N2O10,404.23,N/A,392.057,Alkaloid
Caffeine,C19H3N3O5,792.18,N/A,637.884,Carbohydrate
Caffeine,C19H34N5O6,757.54,10.02,947.07,Carbohydrate
Ethanol,C9H38N3O2,605.14,13.86,117.964,Alkaloid
Dopamine,C19H23N0O10,383.11,6.52,993.001,Alcohol
Dopamine,C12H20N4O6,970.09,12.72,138.806,Alcohol
Urea,C19H33N1O5,454.78,2.14,687.754,Lipid
Glucose,C11H33N3O5,903.2,3.14,514.881,Lipid
Urea,C20H34N4O8,683.59,6.38,685.537,Organic Compound
Urea,C18H19N1O1,940.27,6.78,631.182,Neurotransmitter
Cholesterol,C12H30N3O10,512.78,1.0,542.37,Alkaloid
Urea,C11H13N5O4,420.57,7.02,365.123,Nucleotide
Glucose,C12H7N3O7,276.43,11.98,399.535,Carbohydrate
Adenosine triphosphate,C8H6N4O5,390.3,11.4,201.998,Alcohol
Cholesterol,C2H8N3O9,433.32,10.82,216.046,Hormone
Serotonin,C16H6N3O10,216.81,5.28,759.65,Alcohol
Ethanol,C5H38N4O3,120.16,12.95,555.507,Lipid
Serotonin,C17H36N2O10,364.99,8.33,586.326,Carbohydrate
Aspirin,C10H38N1O6,170.38,4.64,703.897,Amide
Serotonin,C16H30N1O0,924.53,2.38,21.641,Alkaloid
Urea,C18H33N2O2,143.36,4.1,407.598,Lipid
Serotonin,C13H2N3O0,534.8,4.5,538.858,Neurotransmitter
Urea,C13H15N5O8,228.42,5.82,846.84,Organic Compound
Adrenaline,C16H20N1O1,906.53,12.26,742.721,Alcohol
Adenosine triphosphate,C11H28N4O8,71.17,N/A,681.389,Alcohol
Ethanol,C20H32N5O2,489.8,11.04,588.591,Carbohydrate
Ethanol,C2H33N4O4,996.44,7.73,768.548,Amide
Dopamine,C19H2N1O10,114.42,7.91,707.853,Alkaloid
Serotonin,C5H35N2O8,208.66,N/A,219.363,Organic Compound
Glucose,C2H4N5O4,86.24,3.48,709.188,Organic Compound
Cholesterol,C4H9N2O8,63.8,4.09,440.92,Organic Compound
Glucose,C11H23N4O1,188.65,2.77,184.762,Alcohol
Ethanol,C15H20N3O8,350.18,N/A,478.575,Carbohydrate
Cholesterol,C1H14N5O0,400.1,N/A,558.72,Lipid
Cholesterol,C1H12N5O5,153.36,12.35,721.421,Carbohydrate
Cholesterol,C2H33N5O10,195.69,2.27,520.051,Alcohol
Glucose,C19H6N4O5,110.14,7.86,43.664,Organic Compound
Glucose,C12H25N3O2,439.54,N/A,656.257,Amide
Aspirin,C1H17N1O0,420.29,1.53,383.521,Amide
Dopamine,C1H21N5O0,654.96,13.9,770.931,Alkaloid
Cholesterol,C5H18N5O10,149.11,N/A,937.115,Lipid
Urea,C4H21N3O10,467.21,N/A,154.026,Organic Compound
Adenosine triphosphate,C6H14N2O1,362.28,N/A,314.52,Carbohydrate
Cholesterol,C9H10N5O10,429.47,10.28,838.911,Alcohol
Caffeine,C1H4N4O10,248.64,1.54,286.446,Carbohydrate
Dopamine,C2H1N4O10,921.52,3.86,349.453,Carbohydrate
Adrenaline,C15H28N5O10,227.02,8.33,433.447,Nucleotide
Urea,C8H36N0O4,888.65,11.86,738.478,Alcohol
Glucose,C3H27N1O8,161.8,9.68,558.717,Amide
Adrenaline,C5H32N5O10,71.36,5.79,820.428,Nucleotide
Aspirin,C10H8N2O5,80.39,12.61,85.785,Amide
Glucose,C16H33N1O5,117.3,N/A,432.969,Nucleotide
Ethanol,C12H7N3O8,928.27,N/A,670.39,Lipid
Adrenaline,C16H22N5O10,757.73,2.85,648.594,Neurotransmitter
Caffeine,C16H13N5O10,706.27,11.08,853.613,Nucleotide
Aspirin,C3H18N0O4,331.13,1.97,232.707,Organic Compound
Adenosine triphosphate,C18H23N3O3,673.64,10.53,23.095,Carbohydrate
Aspirin,C12H34N3O7,254.31,1.25,63.704,Hormone
Serotonin,C16H3N0O0,235.01,3.41,707.694,Lipid
Aspirin,C8H39N1O7,328.19,13.72,417.574,Hormone
Serotonin,C15H30N1O6,529.96,N/A,619.992,Nucleotide
Dopamine,C6H39N0O1,954.39,12.58,41.234,Alkaloid
Cholesterol,C19H38N4O9,974.86,8.9,454.785,Lipid
Urea,C15H14N5O5,641.98,6.94,78.069,Organic Compound
Adrenaline,C15H19N5O10,826.4,7.76,385.084,Alcohol
Adrenaline,C16H21N3O1,668.83,13.33,458.47,Neurotransmitter
Caffeine,C11H1N2O7,921.59,4.28,348.075,Amide
Cholesterol,C5H10N5O5,232.11,12.81,771.883,Alkaloid
Cholesterol,C16H28N4O3,70.26,7.48,771.33,Hormone
Aspirin,C18H18N4O8,621.1,8.31,41.743,Alkaloid
Caffeine,C10H35N0O5,539.58,8.26,453.432,Hormone
Aspirin,C15H32N5O2,985.4,3.32,733.209,Neurotransmitter
Aspirin,C12H29N2O4,691.91,6.9,875.867,Alkaloid
Aspirin,C9H38N1O10,538.79,4.66,133.439,Organic Compound
Adenosine triphosphate,C5H12N2O10,516.91,N/A,461.975,Amide
Serotonin,C14H38N3O0,93.85,10.37,98.37,Alcohol
Serotonin,C20H16N3O3,475.98,6.63,978.2,Lipid
Urea,C1H39N5O3,715.99,N/A,446.8,Nucleotide
Aspirin,C2H32N4O6,335.63,7.01,913.122,Alkaloid
Glucose,C7H37N3O4,261.07,12.79,497.582,Lipid
Dopamine,C2H17N0O0,344.46,8.83,550.203,Carbohydrate
Aspirin,C18H15N1O5,982.31,2.81,713.912,Hormone
Urea,C14H28N4O10,958.76,N/A,335.748,Amide
Serotonin,C4H21N4O6,82.94,N/A,395.888,Nucleotide
Cholesterol,C19H30N5O2,563.38,9.3,240.45,Lipid
Glucose,C12H34N0O4,592.48,8.59,52.609,Alkaloid
Caffeine,C19H36N3O4,410.51,3.58,785.438,Alkaloid
Cholesterol,C6H33N3O1,665.22,N/A,451.002,Lipid
Aspirin,C5H21N1O3,161.69,7.67,308.569,Organic Compound
Urea,C7H40N5O8,693.42,N/A,546.536,Alcohol
Adenosine triphosphate,C14H17N4O1,850.28,1.82,654.35,Organic Compound
Ethanol,C15H31N2O10,420.96,3.21,419.328,Amide
Urea,C15H35N4O10,512.63,12.6,260.936,Organic Compound
Adenosine triphosphate,C19H34N1O10,229.46,7.19,24.56,Alkaloid
Glucose,C2H34N1O4,131.42,N/A,287.681,Alcohol
Aspirin,C12H31N1O3,137.74,N/A,374.259,Amide
Dopamine,C5H5N4O2,596.39,13.25,734.313,Alcohol
Urea,C13H29N4O3,493.88,N/A,85.491,Carbohydrate
Caffeine,C16H20N2O10,137.33,5.53,669.816,Carbohydrate
Serotonin,C6H9N1O9,942.85,7.56,798.417,Alkaloid
Serotonin,C10H10N0O10,804.76,8.14,795.715,Organic Compound
Aspirin,C1H31N2O1,255.42,6.71,287.184,Alcohol
Aspirin,C3H35N3O7,807.29,3.69,474.139,Alkaloid
Dopamine,C10H11N4O0,841.54,7.46,932.988,Neurotransmitter
Urea,C1H38N5O6,394.84,2.92,804.191,Nucleotide
Urea,C8H20N4O9,859.03,N/A,853.996,Lipid
Adrenaline,C2H26N4O0,315.58,11.6,175.131,Neurotransmitter
Adrenaline,C1H14N1O4,788.14,N/A,890.904,Carbohydrate
Caffeine,C12H38N2O0,198.35,N/A,787.748,Alkaloid
Urea,C2H4N4O10,144.3,N/A,216.936,Hormone
Ethanol,C11H27N3O2,178.09,5.24,767.428,Carbohydrate
Serotonin,C2H8N2O8,878.22,N/A,294.062,Lipid
Urea,C6H2N0O7,456.78,N/A,38.49,Nucleotide
Cholesterol,C14H33N3O0,279.41,12.56,543.658,Amide
Cholesterol,C16H5N5O7,778.1,12.2,309.845,Hormone
Cholesterol,C18H23N3O5,765.8,10.76,745.669,Hormone
Serotonin,C16H13N0O5,263.04,1.8,831.974,Neurotransmitter
Cholesterol,C11H10N4O3,697.6,11.18,421.452,Organic Compound
Adenosine triphosphate,C16H28N3O4,582.09,6.17,52.587,Lipid
Caffeine,C16H37N3O1,339.62,6.33,188.704,Alkaloid
Adenosine triphosphate,C18H38N4O5,625.63,7.07,352.703,Neurotransmitter
Aspirin,C8H18N1O10,519.71,1.19,640.739,Amide
Ethanol,C4H9N0O6,808.96,N/A,376.301,Alcohol
Cholesterol,C14H8N1O7,608.9,13.43,830.541,Organic Compound
Caffeine,C17H25N3O7,887.5,11.46,862.279,Organic Compound
Caffeine,C3H8N2O4,991.77,2.91,439.83,Alkaloid
Glucose,C4H20N3O4,387.48,4.64,842.811,Neurotransmitter
Dopamine,C20H8N5O6,82.4,N/A,198.886,Nucleotide
Caffeine,C6H9N2O1,286.21,6.27,983.677,Organic Compound
Adenosine triphosphate,C3H18N5O7,301.68,N/A,750.31,Alkaloid
Cholesterol,C1H7N0O9,615.08,10.2,49.29,Alcohol
Caffeine,C17H10N3O6,405.25,2.87,361.24,Alkaloid
Adenosine triphosphate,C12H22N3O2,393.66,3.94,524.959,Neurotransmitter
Glucose,C7H28N4O7,549.85,11.53,787.199,Amide
Aspirin,C13H23N1O6,487.78,4.27,332.367,Nucleotide
Aspirin,C13H18N4O8,125.61,11.94,279.621,Lipid
Serotonin,C10H10N5O8,704.57,12.64,889.118,Lipid
Adenosine triphosphate,C11H13N2O7,209.38,11.05,446.89,Neurotransmitter
Aspirin,C15H38N2O5,125.87,11.12,95.319,Carbohydrate
Ethanol,C1H14N2O5,738.98,3.8,985.804,Alkaloid
Aspirin,C2H17N2O6,934.2,12.96,340.98,Hormone
Ethanol,C4H31N0O3,512.34,11.32,261.092,Carbohydrate
Cholesterol,C2H26N2O6,258.03,13.43,426.336,Alcohol
Aspirin,C13H29N0O0,527.64,1.89,910.355,Organic Compound
Adrenaline,C4H32N2O3,379.64,4.81,650.371,Hormone
Glucose,C7H22N2O10,212.9,8.54,161.627,Amide
Cholesterol,C13H40N3O7,536.95,N/A,551.13,Organic Compound
Adenosine triphosphate,C17H12N5O3,681.17,10.08,229.622,Alkaloid
Glucose,C1H16N4O3,433.24,5.72,659.638,Organic Compound
Caffeine,C18H9N1O10,465.51,N/A,70.702,Hormone
Serotonin,C10H29N1O10,413.4,5.59,638.913,Nucleotide
Ethanol,C19H24N5O9,823.02,12.14,195.846,Alcohol
Urea,C10H24N1O1,426.19,13.98,891.433,Alcohol
Ethanol,C11H15N0O4,540.15,12.07,746.787,Carbohydrate
Adrenaline,C11H33N3O10,705.66,4.6,228.984,Carbohydrate
Aspirin,C17H15N5O1,698.55,N/A,990.613,Neurotransmitter
Caffeine,C3H8N5O2,686.56,6.83,448.15,Alcohol
Dopamine,C17H30N0O0,610.03,8.01,747.964,Neurotransmitter
Cholesterol,C13H19N5O5,533.58,9.88,509.61,Carbohydrate
Glucose,C12H3N5O4,770.08,5.18,396.301,Nucleotide
Dopamine,C10H2N0O10,165.47,12.84,820.95,Nucleotide
Caffeine,C2H2N2O10,763.05,3.77,502.592,Amide
Dopamine,C6H5N2O1,707.07,3.02,363.649,Organic Compound
Ethanol,C2H21N0O8,876.81,13.68,822.564,Alkaloid
Dopamine,C10H35N3O4,148.3,1.76,712.204,Lipid
Serotonin,C2H40N1O0,155.56,6.79,856.635,Carbohydrate
Ethanol,C11H12N0O4,410.81,2.43,795.912,Alkaloid
Urea,C15H22N5O10,280.6,7.19,556.474,Lipid
Aspirin,C4H29N2O9,561.4,3.95,772.315,Neurotransmitter
Adenosine triphosphate,C4H6N3O4,811.85,11.61,185.267,Nucleotide
Glucose,C4H30N3O9,103.86,N/A,183.547,Hormone
Urea,C15H9N2O6,620.21,5.44,170.88,Lipid
Dopamine,C15H26N4O10,357.25,11.43,430.326,Hormone
Serotonin,C1H30N4O9,282.76,N/A,260.076,Alkaloid
Urea,C8H32N0O9,172.51,4.01,127.502,Hormone
Urea,C14H2N0O5,753.03,1.62,504.86,Alkaloid
Serotonin,C14H19N3O0,824.3,4.22,853.15,Lipid
Adrenaline,C7H21N3O4,754.25,6.36,69.481,Nucleotide
Dopamine,C5H13N5O7,874.58,N/A,543.284,Alcohol
Adrenaline,C17H27N1O1,215.14,11.41,904.375,Organic Compound
Cholesterol,C13H32N5O0,162.55,2.32,109.223,Organic Compound
Adrenaline,C19H11N1O9,614.54,4.6,832.832,Alkaloid
Ethanol,C8H29N1O3,896.29,N/A,451.558,Lipid
Ethanol,C8H12N1O7,603.47,7.34,162.694,Hormone
Aspirin,C4H10N5O3,463.85,8.49,828.254,Carbohydrate
Cholesterol,C4H17N4O4,561.77,13.41,543.222,Lipid
Aspirin,C5H38N2O8,455.52,9.11,368.981,Alkaloid
Adenosine triphosphate,C12H11N4O6,866.89,5.62,64.092,Carbohydrate
Caffeine,C5H36N4O4,980.38,N/A,372.351,Nucleotide
Caffeine,C11H8N1O6,873.92,7.31,166.828,Neurotransmitter
Caffeine,C7H39N5O2,489.23,N/A,823.959,Alkaloid
Cholesterol,C6H10N5O6,526.32,N/A,523.027,Carbohydrate
Caffeine,C18H15N1O8,936.72,11.56,945.703,Hormone
Cholesterol,C2H17N2O7,383.64,11.97,265.229,Amide
Cholesterol,C5H18N4O6,62.17,12.6,262.543,Amide
Caffeine,C1H37N3O0,834.62,8.13,119.695,Neurotransmitter
Caffeine,C18H35N0O3,871.96,N/A,958.956,Organic Compound
Caffeine,C10H20N5O2,417.9,10.42,206.859,Hormone
Dopamine,C17H2N5O1,418.14,4.17,775.833,Carbohydrate
Caffeine,C18H8N5O6,750.96,10.42,110.521,Organic Compound
Caffeine,C11H4N2O10,649.59,11.1,775.985,Alcohol
Serotonin,C10H36N3O0,258.73,1.56,394.175,Nucleotide
Ethanol,C3H26N2O0,989.45,N/A,21.293,Nucleotide
Dopamine,C12H21N1O2,621.45,3.94,604.908,Alcohol
Aspirin,C20H3N0O7,413.85,5.38,589.687,Neurotransmitter
Aspirin,C6H17N2O4,645.06,3.53,464.929,Organic Compound
Urea,C20H30N4O5,987.02,2.1,788.583,Neurotransmitter
Urea,C1H33N3O5,634.46,N/A,97.501,Hormone
Adrenaline,C7H30N2O7,627.52,13.04,601.773,Hormone
Adenosine triphosphate,C16H15N4O4,654.19,N/A,272.077,Amide
Ethanol,C2H6N2O5,564.58,3.94,508.338,Amide
Glucose,C5H34N0O1,295.77,6.76,788.988,Nucleotide
Urea,C14H30N2O7,615.48,12.76,816.381,Nucleotide
Adenosine triphosphate,C1H5N1O1,426.94,N/A,139.236,Nucleotide
Ethanol,C12H30N0O6,718.37,1.94,39.308,Amide
Ethanol,C14H11N1O10,567.32,7.47,427.153,Nucleotide
Glucose,C12H38N2O9,341.92,13.25,779.92,Nucleotide
Ethanol,C14H29N2O3,798.01,13.22,500.134,Neurotransmitter
Glucose,C7H8N3O4,423.71,2.83,207.098,Neurotransmitter
Dopamine,C19H36N2O1,946.21,11.14,488.889,Amide
Dopamine,C17H14N1O10,533.52,12.32,324.198,Hormone
Ethanol,C13H8N0O5,485.74,4.63,452.534,Alkaloid
Dopamine,C1H24N3O3,843.2,10.42,311.99,Neurotransmitter
Serotonin,C19H37N1O7,83.21,N/A,221.548,Carbohydrate
Adrenaline,C9H25N3O6,954.43,2.13,877.705,Hormone
Glucose,C15H16N1O5,932.03,N/A,528.044,Organic Compound
Glucose,C8H14N3O4,321.32,N/A,16.208,Organic Compound
Glucose,C4H6N5O1,418.29,N/A,449.677,Organic Compound
Aspirin,C16H17N1O8,892.09,2.41,911.649,Lipid
Cholesterol,C7H36N1O0,115.37,1.49,456.997,Organic Compound
Serotonin,C3H6N0O2,451.39,7.94,697.507,Neurotransmitter
Adenosine triphosphate,C18H1N4O7,506.76,9.1,244.649,Organic Compound
Serotonin,C6H24N1O2,89.83,10.52,563.707,Amide
Aspirin,C6H35N3O2,675.15,2.43,311.83,Amide
Urea,C12H32N4O6,907.76,2.28,507.803,Alcohol
Adrenaline,C17H16N0O3,70.61,2.05,800.849,Nucleotide
Ethanol,C1H20N5O0,686.42,8.22,326.231,Alcohol
Ethanol,C16H18N0O1,770.11,3.45,520.261,Alkaloid
Aspirin,C7H30N0O7,268.13,N/A,255.329,Neurotransmitter
Serotonin,C13H40N5O3,230.19,13.89,260.298,Amide
Urea,C8H10N2O7,993.18,13.56,621.228,Alkaloid
Adenosine triphosphate,C15H8N5O0,761.68,5.68,88.185,Hormone
Adenosine triphosphate,C6H13N5O4,502.45,7.37,701.272,Neurotransmitter
Adenosine triphosphate,C8H11N3O9,736.84,9.36,511.187,Alcohol
Dopamine,C17H22N5O8,879.81,8.8,500.622,Nucleotide
Dopamine,C2H37N1O8,123.78,N/A,154.439,Neurotransmitter
Ethanol,C6H1N4O5,899.25,N/A,946.865,Alcohol
Urea,C9H23N5O10,893.01,5.86,99.076,Nucleotide
Adenosine triphosphate,C5H16N2O6,265.08,10.7,603.387,Alcohol
Dopamine,C14H5N2O1,417.43,7.2,173.86,Alkaloid
Adenosine triphosphate,C4H4N3O8,752.26,8.8,999.54,Lipid
Adrenaline,C10H5N5O6,242.15,2.18,290.947,Alcohol
Adenosine triphosphate,C4H35N2O8,264.61,N/A,261.753,Alkaloid
Adrenaline,C18H17N2O10,96.93,N/A,607.943,Neurotransmitter
Ethanol,C13H15N2O3,924.69,N/A,126.732,Neurotransmitter
Aspirin,C20H30N1O10,932.46,9.45,881.909,Alcohol
Dopamine,C8H8N3O1,927.02,5.48,237.668,Carbohydrate
Adrenaline,C3H22N1O7,288.24,5.73,965.783,Alcohol
Caffeine,C18H33N0O4,682.51,N/A,507.411,Hormone
Adrenaline,C1H8N0O4,358.34,N/A,941.602,Neurotransmitter
Glucose,C16H4N4O6,566.87,8.64,84.231,Alcohol
Ethanol,C1H25N3O1,495.12,8.71,111.146,Nucleotide
Adrenaline,C5H17N2O5,141.25,4.6,766.017,Alkaloid
Caffeine,C16H10N5O7,990.81,8.8,3.043,Carbohydrate
Caffeine,C12H29N2O9,494.46,3.71,337.205,Alkaloid
Aspirin,C7H25N4O1,926.62,7.16,924.175,Neurotransmitter
Cholesterol,C20H35N2O10,714.52,N/A,478.193,Organic Compound
Adrenaline,C5H3N0O2,562.7,12.58,960.779,Nucleotide
Dopamine,C16H12N1O4,620.14,N/A,662.316,Organic Compound
Urea,C16H22N5O9,832.31,13.82,250.278,Lipid
Dopamine,C1H15N3O8,516.35,N/A,485.268,Hormone
Urea,C7H30N4O1,625.11,3.83,180.725,Alcohol
Adenosine triphosphate,C20H18N5O3,799.17,11.48,254.372,Nucleotide
Ethanol,C3H22N4O6,188.49,N/A,957.828,Amide
Aspirin,C10H27N5O1,956.35,11.06,526.321,Neurotransmitter
Serotonin,C20H24N0O4,232.54,9.41,849.802,Organic Compound
Dopamine,C18H28N0O9,637.82,9.14,749.006,Alcohol
Cholesterol,C18H23N4O6,475.26,3.54,178.679,Carbohydrate
Urea,C17H18N5O4,350.11,2.57,226.805,Alcohol
Cholesterol,C2H21N0O0,221.35,N/A,281.108,Lipid
Dopamine,C9H15N0O7,516.75,8.16,844.737,Alcohol
Serotonin,C7H7N1O4,291.28,N/A,287.09,Hormone
Urea,C7H39N0O4,539.39,1.9,47.417,Alcohol
Urea,C8H1N3O9,927.91,N/A,946.005,Alcohol
Serotonin,C6H5N0O9,64.37,8.32,905.438,Neurotransmitter
Dopamine,C3H1N3O6,274.18,N/A,895.107,Hormone
Dopamine,C6H22N3O0,585.64,13.87,809.766,Hormone
Caffeine,C11H14N5O10,96.05,7.94,268.619,Nucleotide
Adrenaline,C6H36N5O9,593.64,10.62,132.889,Neurotransmitter
Ethanol,C10H27N3O3,252.35,3.71,528.735,Lipid
Dopamine,C15H40N3O1,903.63,1.64,521.569,Carbohydrate
Adrenaline,C14H22N4O6,53.71,7.76,890.617,Hormone
Aspirin,C4H31N4O6,796.24,N/A,234.25,Alcohol
Ethanol,C12H14N0O10,909.78,11.74,386.08,Nucleotide
Ethanol,C10H18N4O7,960.36,10.42,303.977,Amide
Adrenaline,C1H3N5O0,635.75,8.69,282.944,Hormone
Caffeine,C1H31N3O2,732.62,N/A,29.164,Carbohydrate
Aspirin,C5H39N5O7,493.74,N/A,903.503,Alkaloid
Dopamine,C17H33N0O7,816.73,8.06,627.081,Alcohol
Serotonin,C13H4N0O4,918.78,11.58,92.417,Nucleotide
Serotonin,C8H15N1O7,287.72,N/A,844.582,Alkaloid
Ethanol,C13H9N3O0,97.67,12.36,135.161,Organic Compound
Aspirin,C4H33N2O9,152.01,9.03,265.226,Amide
Caffeine,C16H36N5O6,187.42,11.53,348.875,Alcohol
Cholesterol,C16H39N3O6,653.09,3.76,67.475,Alcohol
Urea,C14H40N1O7,288.99,9.58,146.078,Hormone
Ethanol,C13H24N0O2,971.31,N/A,752.821,Alcohol
Adrenaline,C16H20N0O9,805.41,13.91,941.008,Amide
Aspirin,C6H11N0O5,358.21,3.14,196.592,Lipid
Caffeine,C13H14N2O9,205.43,12.95,340.574,Lipid
Adrenaline,C17H29N0O9,941.99,1.21,540.591,Alkaloid
Cholesterol,C16H40N5O8,997.98,13.66,997.638,Nucleotide
Adenosine triphosphate,C14H20N0O8,725.97,7.51,823.409,Hormone
Ethanol,C13H24N5O10,627.5,13.31,251.73,Alcohol
Aspirin,C1H9N2O10,403.96,N/A,51.134,Alkaloid
Dopamine,C11H26N1O6,828.99,3.19,721.103,Carbohydrate
Glucose,C17H40N3O7,110.39,3.87,658.877,Nucleotide
Adrenaline,C1H34N5O2,379.16,13.75,380.23,Amide
Ethanol,C16H38N3O2,800.26,8.46,12.293,Hormone
Urea,C2H32N2O8,497.11,9.94,589.737,Alcohol
Dopamine,C9H22N5O3,328.6,10.26,738.454,Alkaloid
Ethanol,C8H22N3O10,74.81,3.39,30.616,Organic Compound
Glucose,C6H13N3O9,596.24,N/A,439.097,Carbohydrate
Adenosine triphosphate,C12H14N2O0,612.92,10.56,541.971,Nucleotide
Ethanol,C17H32N4O6,862.09,N/A,761.343,Hormone
Adrenaline,C13H13N1O5,112.52,2.68,406.898,Carbohydrate
Ethanol,C13H5N2O6,349.17,N/A,345.869,Amide
Urea,C9H35N2O5,144.45,2.29,568.617,Carbohydrate
Urea,C13H34N0O3,793.99,7.38,586.945,Lipid
Adrenaline,C6H29N4O3,649.81,9.61,956.793,Neurotransmitter
Serotonin,C13H17N0O0,457.69,13.08,213.404,Alkaloid
Cholesterol,C5H8N3O0,876.19,2.23,143.933,Amide
Caffeine,C13H4N5O9,853.73,11.4,271.358,Hormone
Urea,C7H39N5O2,180.64,11.51,707.363,Alkaloid
Aspirin,C10H7N1O6,55.54,7.26,323.516,Alcohol
Caffeine,C19H33N5O10,332.39,1.52,40.723,Alcohol
Dopamine,C20H13N3O3,646.73,10.47,477.954,Hormone
Cholesterol,C3H4N1O3,699.58,3.95,611.444,Nucleotide
Dopamine,C8H4N1O2,814.77,N/A,84.484,Neurotransmitter
Cholesterol,C5H10N3O5,546.14,11.26,229.326,Alcohol
Adrenaline,C8H33N2O7,101.82,N/A,350.342,Carbohydrate
Ethanol,C4H10N0O4,74.09,N/A,657.383,Hormone
Serotonin,C16H40N1O6,384.83,3.23,284.313,Organic Compound
Cholesterol,C20H7N4O4,694.88,13.72,610.1,Carbohydrate
Ethanol,C15H29N0O6,79.39,9.37,573.066,Nucleotide
Serotonin,C2H6N1O9,922.49,7.08,851.341,Organic Compound
Ethanol,C14H18N1O1,950.51,7.07,27.034,Carbohydrate
Serotonin,C11H29N3O5,705.93,13.01,174.012,Neurotransmitter
Dopamine,C13H27N0O10,365.74,13.45,210.264,Lipid
Caffeine,C14H30N0O1,521.52,N/A,17.782,Lipid
Cholesterol,C5H24N4O7,172.33,3.29,927.709,Amide
Serotonin,C18H2N0O10,764.47,7.22,224.95,Alkaloid
Glucose,C4H7N1O10,450.36,2.79,735.156,Neurotransmitter
Aspirin,C12H3N4O6,898.87,13.88,519.122,Neurotransmitter
Glucose,C2H26N2O6,507.44,5.53,401.19,Lipid
Cholesterol,C8H5N2O0,564.73,5.83,994.668,Carbohydrate
Serotonin,C19H28N0O7,784.52,N/A,155.724,Alkaloid
Adenosine triphosphate,C1H9N2O3,845.36,N/A,664.436,Lipid
Dopamine,C3H33N1O0,177.8,2.64,39.294,Neurotransmitter
Urea,C3H31N3O6,810.71,1.77,424.498,Carbohydrate
Glucose,C20H2N4O8,600.89,5.0,441.078,Lipid
Ethanol,C17H11N4O1,156.06,12.57,178.359,Amide
Ethanol,C15H31N2O7,877.76,6.94,911.093,Amide
Urea,C14H12N3O0,173.11,7.2,562.96,Organic Compound
Caffeine,C19H30N3O8,888.65,9.29,766.874,Alcohol
Adrenaline,C12H1N1O8,696.71,4.8,812.067,Neurotransmitter
Cholesterol,C11H12N4O4,880.01,1.51,676.318,Alkaloid
Urea,C15H15N4O6,905.24,7.77,23.018,Amide
Adrenaline,C10H37N5O2,769.81,1.54,657.881,Nucleotide
Cholesterol,C17H23N1O10,366.87,9.74,569.246,Organic Compound
Aspirin,C4H22N0O9,544.58,N/A,932.458,Carbohydrate
Adenosine triphosphate,C4H18N0O4,231.47,N/A,667.986,Organic Compound
Urea,C19H31N0O10,563.94,13.32,68.42,Neurotransmitter
Ethanol,C2H13N4O4,201.33,9.54,271.21,Lipid
Urea,C20H22N2O9,441.37,5.26,392.953,Organic Compound
Adenosine triphosphate,C20H37N2O7,599.91,2.94,34.74,Lipid
Adenosine triphosphate,C15H26N5O0,687.5,9.48,881.163,Nucleotide
Caffeine,C6H8N0O5,996.35,7.08,285.908,Alkaloid
Caffeine,C9H18N0O2,101.58,6.52,254.34,Hormone
Aspirin,C3H26N3O0,748.34,6.66,308.453,Neurotransmitter
Glucose,C13H3N4O10,444.91,1.95,392.091,Alkaloid
Adenosine triphosphate,C6H35N1O3,549.85,5.39,12.347,Hormone
Adenosine triphosphate,C6H27N4O2,712.19,4.28,245.179,Nucleotide
Dopamine,C4H24N5O1,825.4,4.19,327.408,Alcohol
Glucose,C15H5N3O1,112.34,1.65,564.776,Neurotransmitter
Dopamine,C9H22N0O5,77.48,2.59,784.033,Alkaloid
Adrenaline,C2H22N3O6,876.07,11.02,652.628,Neurotransmitter
Glucose,C14H13N2O1,731.41,9.38,837.618,Carbohydrate
Urea,C2H13N4O8,557.2,1.65,119.763,Organic Compound
Serotonin,C4H7N5O2,747.28,2.18,648.598,Alcohol
Dopamine,C19H3N1O3,392.57,12.18,327.629,Amide
Cholesterol,C16H29N5O3,295.6,7.9,242.506,Neurotransmitter
Glucose,C18H4N0O0,344.36,10.55,579.569,Lipid
Adenosine triphosphate,C20H21N1O0,296.64,N/A,173.556,Carbohydrate
Adrenaline,C12H32N5O6,625.35,3.07,401.014,Carbohydrate
Cholesterol,C3H22N1O5,485.25,8.9,443.239,Lipid
Serotonin,C4H14N3O7,85.77,2.56,339.644,Amide
Aspirin,C7H5N3O1,460.01,13.72,468.398,Amide
Cholesterol,C7H13N5O9,202.91,3.42,722.359,Amide
Adenosine triphosphate,C12H21N4O6,688.61,4.38,680.647,Lipid
Dopamine,C14H32N3O9,899.07,12.39,47.446,Hormone
Cholesterol,C16H19N0O0,509.47,6.0,406.216,Alkaloid
Ethanol,C4H37N0O10,328.37,4.54,371.111,Lipid
Dopamine,C11H31N1O3,277.11,5.07,560.198,Carbohydrate
Glucose,C3H2N0O7,687.21,1.42,463.049,Neurotransmitter
Adenosine triphosphate,C8H17N4O6,363.19,1.26,44.529,Organic Compound
Adrenaline,C11H38N2O2,893.82,4.16,291.478,Amide
Urea,C3H33N2O9,197.48,12.63,268.605,Amide
Dopamine,C8H21N4O2,103.18,7.55,741.75,Neurotransmitter
Adenosine triphosphate,C1H31N4O7,296.93,12.91,560.73,Alcohol
Adrenaline,C13H22N2O1,93.09,13.26,579.592,Lipid
Dopamine,C1H25N3O9,998.91,13.43,681.096,Lipid
Dopamine,C6H18N5O7,646.2,8.49,536.543,Alcohol
Ethanol,C11H5N1O7,145.34,7.51,953.892,Carbohydrate
Urea,C2H32N2O9,133.69,7.8,927.081,Hormone
Adenosine triphosphate,C13H26N1O2,791.92,10.75,731.314,Amide
Aspirin,C13H38N4O2,241.34,12.04,348.794,Lipid
Cholesterol,C11H6N4O2,479.95,7.13,512.971,Lipid
Caffeine,C6H11N4O6,919.7,11.61,609.131,Nucleotide
Serotonin,C12H32N3O1,589.55,13.23,878.701,Neurotransmitter
Serotonin,C11H34N5O2,737.16,N/A,158.383,Lipid
Adrenaline,C14H22N2O2,674.87,11.53,503.455,Alcohol
Aspirin,C4H10N3O4,153.63,9.81,551.781,Alcohol
Ethanol,C3H20N2O1,990.98,7.73,576.732,Alkaloid
Dopamine,C1H40N2O2,879.11,12.02,854.361,Lipid
Cholesterol,C16H40N5O10,229.19,2.7,415.756,Organic Compound
Serotonin,C1H16N0O6,489.51,N/A,465.423,Amide
Dopamine,C4H5N0O10,805.69,N/A,715.751,Carbohydrate
Adenosine triphosphate,C1H29N1O8,303.41,5.8,516.507,Amide
Dopamine,C5H7N1O4,632.9,2.93,848.736,Organic Compound
Adenosine triphosphate,C20H3N1O9,868.01,12.12,60.291,Nucleotide
Caffeine,C15H8N2O1,315.36,8.23,180.581,Hormone
Dopamine,C5H13N5O1,591.39,11.32,581.714,Carbohydrate
Urea,C11H9N1O0,688.14,12.27,792.672,Lipid
Dopamine,C17H4N3O5,715.47,5.49,462.703,Neurotransmitter
Cholesterol,C7H15N2O2,96.92,N/A,362.155,Nucleotide
Ethanol,C11H31N2O6,969.73,3.68,635.502,Nucleotide
Cholesterol,C2H35N3O3,425.16,8.35,290.537,Amide
Aspirin,C1H25N3O10,764.3,5.05,747.346,Nucleotide
Ethanol,C15H9N1O6,434.54,9.9,279.664,Amide
Caffeine,C10H8N1O0,387.27,8.68,372.847,Organic Compound
Aspirin,C16H9N5O2,529.89,9.84,732.426,Neurotransmitter
Serotonin,C17H36N0O10,584.83,2.65,660.613,Alcohol
Dopamine,C8H11N5O1,412.04,12.52,201.954,Amide
Caffeine,C12H14N3O2,865.53,11.04,149.571,Alcohol
Aspirin,C12H21N2O7,699.45,8.09,261.352,Alcohol
Urea,C9H40N5O8,946.7,1.18,755.922,Alkaloid
Adrenaline,C14H4N4O9,418.37,9.85,660.493,Lipid
Adenosine triphosphate,C12H5N4O1,510.23,N/A,674.541,Alcohol
Cholesterol,C5H18N0O7,209.11,4.92,221.636,Neurotransmitter
Caffeine,C5H16N5O1,671.01,12.79,152.542,Alkaloid
Glucose,C6H8N4O9,504.72,3.33,340.186,Hormone
Adenosine triphosphate,C6H32N0O1,277.96,10.28,361.563,Neurotransmitter
Ethanol,C7H8N1O8,614.18,12.44,667.819,Hormone
Adrenaline,C19H3N5O5,122.85,N/A,115.269,Amide
Aspirin,C14H33N5O7,836.44,N/A,583.453,Nucleotide
Cholesterol,C9H20N3O9,413.64,10.99,822.91,Alkaloid
Glucose,C4H8N0O5,604.89,5.07,345.622,Amide
Adrenaline,C9H19N3O10,616.28,11.06,103.895,Lipid
Serotonin,C11H5N3O2,474.12,2.22,443.035,Carbohydrate
Glucose,C7H23N2O8,899.14,N/A,457.708,Alkaloid
Ethanol,C7H31N2O5,270.39,8.25,677.75,Organic Compound
Adrenaline,C19H13N1O1,356.78,9.1,792.547,Lipid
Adrenaline,C15H9N0O9,621.52,N/A,275.879,Carbohydrate
Adenosine triphosphate,C20H26N0O6,714.04,9.01,142.237,Nucleotide
Adenosine triphosphate,C16H6N3O10,503.38,7.72,614.014,Amide
Aspirin,C3H8N5O10,256.47,11.04,349.19,Lipid
Caffeine,C19H26N4O1,168.32,8.78,770.599,Alcohol
Aspirin,C15H17N3O0,494.79,9.35,120.569,Organic Compound
Urea,C7H31N3O10,846.79,N/A,323.278,Neurotransmitter
Aspirin,C19H29N4O8,436.97,N/A,662.636,Neurotransmitter
Cholesterol,C11H34N2O6,283.11,N/A,79.703,Alcohol
Cholesterol,C6H1N4O5,963.79,8.49,415.762,Organic Compound
Adenosine triphosphate,C10H25N3O9,751.05,6.69,693.692,Neurotransmitter
Glucose,C16H10N1O5,464.58,9.42,304.836,Alkaloid
Dopamine,C15H35N4O8,804.56,1.4,346.366,Alcohol
Serotonin,C3H29N4O10,947.1,5.37,837.12,Alkaloid
Serotonin,C2H13N4O0,104.53,8.94,395.961,Alcohol
Adrenaline,C9H20N5O7,934.77,8.81,623.279,Organic Compound
Ethanol,C6H18N4O2,303.63,4.2,46.385,Hormone
Dopamine,C2H11N2O10,450.49,1.28,418.797,Alcohol
Adrenaline,C8H7N5O1,909.22,11.59,566.88,Hormone
Dopamine,C14H13N0O2,420.85,11.24,54.384,Amide
Aspirin,C4H26N3O7,937.37,3.76,681.735,Organic Compound
Serotonin,C6H15N0O0,512.91,13.88,162.823,Hormone
Cholesterol,C14H27N1O1,181.99,N/A,996.523,Neurotransmitter
Caffeine,C20H34N2O0,324.8,6.72,398.675,Nucleotide
Serotonin,C11H29N3O5,945.53,10.0,896.84,Organic Compound
Caffeine,C19H7N1O10,314.59,10.68,555.91,Hormone
Adenosine triphosphate,C18H24N4O3,374.96,13.55,859.821,Hormone
Caffeine,C4H4N0O0,696.11,3.69,789.563,Lipid
Aspirin,C14H24N1O6,430.73,2.9,431.018,Hormone
Adrenaline,C12H23N3O3,424.55,N/A,141.341,Amide
Adenosine triphosphate,C5H27N3O0,564.84,3.37,547.387,Carbohydrate
Adrenaline,C8H20N4O4,378.52,6.12,970.22,Carbohydrate
Adrenaline,C14H28N1O8,314.27,N/A,385.178,Organic Compound
Cholesterol,C4H39N1O6,281.27,13.69,832.576,Lipid
Ethanol,C20H12N4O6,560.57,9.18,120.407,Hormone
Caffeine,C6H28N3O8,530.34,7.44,990.475,Neurotransmitter
Ethanol,C6H38N3O8,789.94,13.12,959.651,Lipid
Caffeine,C18H24N1O9,687.5,N/A,63.111,Lipid
Ethanol,C1H6N2O3,175.66,10.58,928.47,Amide
Aspirin,C11H1N3O3,249.7,3.96,116.152,Nucleotide
Adrenaline,C9H23N3O8,400.68,N/A,854.601,Nucleotide
Glucose,C11H39N3O3,234.94,13.55,720.55,Lipid
Glucose,C7H14N1O10,892.06,N/A,62.805,Hormone
Glucose,C13H21N3O8,467.11,N/A,397.812,Alkaloid
Urea,C9H26N3O3,900.34,N/A,989.743,Amide
Ethanol,C12H34N2O0,131.98,3.19,57.107,Carbohydrate
Adenosine triphosphate,C8H37N1O3,914.05,10.64,793.503,Alcohol
Serotonin,C3H16N3O2,271.64,5.92,548.074,Amide
Dopamine,C13H20N5O1,975.25,12.18,552.726,Nucleotide
Adrenaline,C8H21N4O5,804.77,N/A,631.179,Alcohol
Urea,C13H17N2O0,758.37,2.7,541.4,Neurotransmitter
Caffeine,C15H8N3O3,765.03,11.79,367.547,Alcohol
Adenosine triphosphate,C12H8N0O8,441.85,5.79,202.282,Organic Compound
Adrenaline,C10H17N4O10,502.38,N/A,928.958,Alkaloid
Adenosine triphosphate,C11H35N2O0,561.92,10.91,393.935,Nucleotide
Dopamine,C8H27N1O5,658.26,13.99,757.155,Carbohydrate
Cholesterol,C15H26N2O7,987.95,N/A,89.496,Amide
Caffeine,C4H16N2O1,945.32,13.92,165.236,Amide
Dopamine,C4H40N5O9,910.22,8.79,80.116,Amide
Urea,C5H1N4O9,382.09,N/A,112.736,Carbohydrate
Aspirin,C15H13N1O7,962.15,1.62,508.031,Hormone
Glucose,C16H37N3O7,118.48,12.0,829.156,Organic Compound
Caffeine,C18H31N5O0,847.52,13.78,815.109,Alkaloid
Serotonin,C18H35N4O8,472.05,9.77,933.066,Carbohydrate
Glucose,C11H23N5O0,509.33,6.07,577.631,Neurotransmitter
Urea,C15H11N1O1,447.4,7.35,878.442,Lipid
Aspirin,C20H39N3O0,152.32,7.63,488.801,Hormone
Ethanol,C6H13N0O4,858.65,1.96,693.667,Alkaloid
Caffeine,C10H31N1O7,98.09,N/A,665.584,Carbohydrate
Caffeine,C11H10N2O3,86.01,10.07,568.49,Organic Compound
Glucose,C8H4N0O7,404.08,10.07,735.275,Nucleotide
Dopamine,C17H6N4O3,425.95,N/A,881.176,Neurotransmitter
Dopamine,C19H32N4O1,349.69,4.17,799.152,Carbohydrate
Aspirin,C9H5N0O8,525.29,2.95,969.489,Alkaloid
Urea,C9H16N0O3,567.69,5.54,354.249,Neurotransmitter
Dopamine,C15H35N1O7,192.48,10.7,583.468,Hormone
Serotonin,C3H28N0O6,204.23,N/A,527.801,Hormone
Cholesterol,C5H23N1O2,251.49,6.7,238.461,Alcohol
Adenosine triphosphate,C10H36N1O2,362.01,13.43,960.251,Organic Compound
Urea,C14H33N2O8,687.87,4.39,233.804,Nucleotide
Serotonin,C11H9N3O0,244.17,N/A,591.746,Carbohydrate
Adenosine triphosphate,C16H39N4O9,159.99,11.25,383.363,Carbohydrate
Dopamine,C10H30N5O8,409.33,N/A,346.415,Organic Compound
Urea,C11H13N1O4,758.88,13.1,674.915,Alcohol
Glucose,C17H28N5O3,700.38,5.11,246.913,Alkaloid
Glucose,C6H27N1O3,711.48,N/A,168.799,Amide
Dopamine,C7H38N5O9,477.34,N/A,935.559,Organic Compound
Glucose,C4H29N3O9,213.86,3.38,851.701,Alkaloid
Serotonin,C19H7N1O0,497.28,8.57,243.002,Alkaloid
Adenosine triphosphate,C20H20N2O9,426.06,3.92,123.145,Alcohol
Aspirin,C5H28N4O6,926.24,11.16,834.099,Alcohol
Cholesterol,C20H22N4O1,497.57,4.41,854.053,Alcohol
Urea,C11H4N4O8,71.58,13.51,120.905,Nucleotide
Dopamine,C1H12N2O4,671.4,10.85,200.626,Lipid
Aspirin,C5H13N4O3,382.63,N/A,752.573,Alkaloid
Glucose,C20H17N2O10,845.69,5.36,506.121,Organic Compound
Ethanol,C8H9N1O3,186.35,11.71,152.427,Amide
Urea,C9H12N1O2,825.15,1.37,709.001,Alcohol
Adrenaline,C14H7N0O2,884.82,4.34,359.298,Organic Compound
Dopamine,C6H10N3O2,924.98,2.7,890.48,Neurotransmitter
Dopamine,C18H40N2O0,395.82,4.4,473.374,Amide
Dopamine,C2H16N4O10,286.19,5.7,533.576,Lipid
Dopamine,C1H10N2O10,345.78,10.1,233.496,Amide
Serotonin,C4H22N2O1,996.48,5.02,29.025,Neurotransmitter
Adrenaline,C7H39N0O8,782.31,N/A,179.318,Organic Compound
Dopamine,C6H29N5O8,530.05,2.23,502.614,Lipid
Caffeine,C5H39N5O7,867.09,N/A,28.118,Lipid
Adrenaline,C15H28N4O4,835.72,1.37,353.098,Hormone
Urea,C17H5N4O5,188.92,N/A,998.348,Carbohydrate
Ethanol,C8H1N0O0,911.71,N/A,428.11,Nucleotide
Aspirin,C8H15N4O4,624.28,N/A,345.494,Alkaloid
Cholesterol,C7H31N3O2,910.13,N/A,205.032,Alkaloid
Dopamine,C4H30N3O2,98.74,8.91,436.292,Neurotransmitter
Aspirin,C6H34N0O7,87.48,11.93,896.912,Neurotransmitter
Adenosine triphosphate,C17H15N2O2,963.55,1.38,163.087,Neurotransmitter
Glucose,C6H31N5O10,923.48,3.97,519.519,Alkaloid
Dopamine,C17H27N0O8,86.39,1.18,673.549,Nucleotide
Glucose,C12H34N5O6,682.95,N/A,769.937,Alkaloid
Ethanol,C19H11N2O10,292.07,6.87,438.634,Carbohydrate
Ethanol,C18H7N5O7,881.98,12.94,189.213,Alcohol
Serotonin,C11H18N3O4,686.96,1.82,730.193,Lipid
Aspirin,C1H22N5O10,625.07,N/A,199.549,Amide
Cholesterol,C9H33N3O4,973.74,5.79,660.656,Hormone
Serotonin,C14H23N2O10,746.18,3.39,85.873,Amide
Glucose,C10H35N2O4,872.56,N/A,811.885,Hormone
Aspirin,C17H21N1O7,897.92,N/A,876.687,Hormone
Adenosine triphosphate,C20H34N4O4,577.46,11.42,932.919,Hormone
Adenosine triphosphate,C18H35N5O7,117.95,3.77,382.223,Amide
Urea,C3H37N5O6,491.51,N/A,791.911,Amide
Dopamine,C4H12N1O6,821.41,11.51,534.182,Alcohol
Serotonin,C20H17N2O4,731.51,7.26,787.833,Lipid
Glucose,C6H13N5O5,924.31,10.33,647.693,Neurotransmitter
Aspirin,C14H7N1O2,468.75,N/A,49.77,Carbohydrate
Serotonin,C10H14N2O8,680.22,N/A,637.122,Organic Compound
Adenosine triphosphate,C11H28N0O1,69.8,9.8,323.831,Alkaloid
Adenosine triphosphate,C1H17N4O8,73.68,1.25,266.469,Amide
Serotonin,C9H9N4O9,867.54,N/A,912.316,Alcohol
Caffeine,C1H34N3O7,553.32,N/A,555.838,Lipid
Glucose,C4H22N5O6,898.48,6.52,795.282,Carbohydrate
Adrenaline,C7H29N3O7,310.36,4.75,560.489,Hormone
Adrenaline,C9H6N4O2,331.19,8.13,366.636,Hormone
Caffeine,C2H19N3O7,306.13,10.58,69.013,Organic Compound
Urea,C11H24N2O0,606.25,1.57,882.448,Carbohydrate
Aspirin,C13H17N0O1,110.17,5.69,965.658,Hormone
Aspirin,C7H40N1O7,112.89,3.63,68.442,Alcohol
Serotonin,C20H6N2O0,621.78,9.29,451.643,Lipid
Cholesterol,C15H16N5O10,937.96,N/A,369.803,Alkaloid
Dopamine,C10H2N2O2,503.27,6.6,444.684,Nucleotide
Dopamine,C16H29N3O6,895.51,1.16,194.142,Organic Compound
Ethanol,C14H32N3O2,766.52,10.73,367.819,Organic Compound
Urea,C15H18N5O6,946.71,11.05,578.138,Carbohydrate
Dopamine,C12H6N4O7,86.87,7.51,918.983,Amide
Glucose,C5H1N1O3,476.26,10.14,668.226,Carbohydrate
Caffeine,C9H4N5O7,521.46,10.5,271.658,Carbohydrate
Aspirin,C15H20N5O6,569.86,7.67,361.949,Lipid
Ethanol,C2H32N0O2,843.64,8.34,794.517,Lipid
Adrenaline,C9H5N2O9,963.93,3.21,101.953,Alkaloid
Serotonin,C12H4N5O5,665.28,2.82,786.475,Nucleotide
Glucose,C1H32N0O4,454.43,2.2,686.4,Neurotransmitter
Dopamine,C3H36N2O10,416.26,5.97,821.197,Carbohydrate
Adenosine triphosphate,C14H13N5O7,78.45,N/A,831.18,Neurotransmitter
Serotonin,C8H20N1O3,607.48,N/A,86.561,Nucleotide
Urea,C3H23N0O0,783.74,2.43,402.753,Alcohol
Caffeine,C5H5N5O7,519.53,1.63,598.795,Alcohol
Glucose,C7H12N4O7,424.38,5.86,851.963,Lipid
Adenosine triphosphate,C8H37N0O2,125.27,9.97,937.288,Neurotransmitter
Adenosine triphosphate,C6H16N3O3,771.75,6.39,655.622,Neurotransmitter
Adenosine triphosphate,C7H18N4O2,112.63,12.7,836.726,Nucleotide
Adenosine triphosphate,C4H12N5O1,355.58,5.87,570.153,Lipid
Urea,C18H3N5O3,377.84,N/A,64.39,Amide
Adenosine triphosphate,C2H31N1O10,584.98,N/A,513.648,Alkaloid
Serotonin,C10H36N0O2,878.37,7.95,143.112,Alcohol
Adenosine triphosphate,C14H28N3O1,602.99,5.03,519.842,Nucleotide
Caffeine,C20H16N1O8,998.64,13.81,795.605,Neurotransmitter
Dopamine,C12H21N1O0,595.22,6.27,941.937,Hormone
Caffeine,C16H18N2O7,726.62,3.53,443.133,Neurotransmitter
Glucose,C5H8N4O6,897.44,12.6,601.709,Lipid
Ethanol,C18H34N3O3,492.86,11.07,394.701,Nucleotide
Aspirin,C10H9N5O4,589.47,6.93,602.776,Hormone
Dopamine,C9H18N3O2,695.79,1.19,795.551,Carbohydrate
Caffeine,C14H23N2O1,710.32,10.35,151.662,Organic Compound
Cholesterol,C3H17N2O7,444.41,10.57,719.967,Organic Compound
Glucose,C9H37N0O6,123.01,11.2,196.551,Amide
Urea,C20H3N1O0,492.92,9.82,499.062,Organic Compound
Urea,C15H17N5O8,186.18,10.24,732.826,Alkaloid
Serotonin,C1H36N0O1,783.17,9.19,978.929,Neurotransmitter
Serotonin,C17H27N3O0,299.54,11.38,375.088,Neurotransmitter
Cholesterol,C17H29N3O0,747.51,7.71,61.695,Neurotransmitter
Glucose,C19H35N4O0,645.0,6.46,620.333,Hormone
Aspirin,C17H14N5O7,886.5,N/A,916.956,Organic Compound
Adrenaline,C16H13N2O10,332.54,3.21,624.37,Lipid
Urea,C17H3N0O6,828.1,6.4,886.725,Nucleotide
Ethanol,C17H33N2O3,573.97,9.36,885.38,Lipid
Cholesterol,C20H4N5O1,264.62,N/A,534.108,Organic Compound
Cholesterol,C7H20N4O4,580.01,9.75,208.599,Nucleotide
Adenosine triphosphate,C8H32N4O0,753.23,10.99,795.541,Alcohol
Urea,C8H5N1O8,230.74,12.31,348.643,Amide
Cholesterol,C19H23N5O3,53.53,2.02,12.662,Hormone
Urea,C13H23N4O5,442.07,10.96,538.51,Nucleotide
Dopamine,C4H22N1O1,511.48,12.18,456.704,Lipid
Cholesterol,C2H18N0O4,106.78,3.24,990.551,Amide
Urea,C18H36N5O9,688.39,10.78,855.269,Carbohydrate
Serotonin,C15H22N2O6,147.84,N/A,865.045,Alcohol
Cholesterol,C13H27N4O6,539.79,1.41,154.394,Organic Compound
Dopamine,C17H6N5O10,941.52,1.12,493.828,Carbohydrate
Adenosine triphosphate,C13H33N0O5,482.65,N/A,553.876,Neurotransmitter
Serotonin,C14H37N0O4,593.79,2.81,510.849,Lipid
Adenosine triphosphate,C16H34N2O1,309.09,N/A,783.627,Alkaloid
Ethanol,C10H40N3O6,274.51,6.59,803.666,Alkaloid
Ethanol,C4H25N2O6,61.56,11.39,319.575,Neurotransmitter
Glucose,C12H12N0O7,749.44,5.15,944.457,Organic Compound
Adrenaline,C1H8N3O0,233.45,N/A,405.33,Hormone
Glucose,C18H28N4O3,224.59,10.39,82.533,Amide
Urea,C11H2N0O1,617.28,10.57,151.481,Neurotransmitter
Ethanol,C12H19N4O7,236.9,8.74,7.177,Amide
Caffeine,C7H3N5O9,920.16,5.58,250.591,Hormone
Urea,C12H1N5O4,505.02,9.56,631.171,Lipid
Adrenaline,C15H37N1O9,894.03,13.93,32.948,Nucleotide
Ethanol,C19H6N2O10,175.6,4.25,742.959,Neurotransmitter
Aspirin,C11H13N2O1,127.92,6.17,392.976,Carbohydrate
Serotonin,C19H7N5O4,447.82,13.03,334.939,Organic Compound
Glucose,C5H21N3O3,341.88,13.12,689.309,Nucleotide
Adenosine triphosphate,C2H31N4O9,893.93,N/A,459.572,Nucleotide
Adenosine triphosphate,C4H15N1O7,91.8,7.08,91.771,Carbohydrate
Glucose,C3H37N2O2,750.06,8.41,808.804,Alkaloid
Glucose,C15H26N3O10,627.04,11.84,592.808,Amide
Ethanol,C11H19N4O3,898.86,6.23,495.483,Nucleotide
Glucose,C3H5N4O7,95.85,13.58,693.426,Neurotransmitter
Adenosine triphosphate,C17H9N3O7,890.62,N/A,768.359,Nucleotide
Aspirin,C19H28N3O1,159.0,9.93,549.34,Alkaloid
Adenosine triphosphate,C4H38N5O9,139.42,12.88,785.36,Amide
Adenosine triphosphate,C14H34N2O9,568.27,6.36,401.362,Alcohol
Adenosine triphosphate,C16H35N5O5,116.23,4.58,834.229,Nucleotide
Serotonin,C3H17N0O8,448.37,8.55,225.106,Alcohol
Urea,C14H21N2O1,701.52,5.13,306.445,Hormone
Cholesterol,C14H36N1O7,456.85,2.85,334.34,Neurotransmitter
Ethanol,C14H4N0O6,83.52,N/A,226.565,Alcohol
Aspirin,C10H28N4O10,968.65,1.19,977.83,Carbohydrate
Serotonin,C13H36N0O4,674.6,5.76,248.501,Hormone
Caffeine,C1H39N5O8,628.84,8.26,909.396,Alcohol
Aspirin,C17H16N0O0,355.15,12.1,990.557,Carbohydrate
Adenosine triphosphate,C11H10N1O2,153.7,N/A,490.928,Carbohydrate
Adenosine triphosphate,C10H17N4O10,980.08,10.19,327.251,Alkaloid
Ethanol,C9H28N3O3,443.35,8.52,621.687,Hormone
Adenosine triphosphate,C4H8N1O4,440.83,12.3,611.892,Neurotransmitter
Adenosine triphosphate,C10H13N1O6,256.41,1.97,439.2,Amide
Aspirin,C10H10N1O1,300.1,9.61,318.559,Alkaloid
Adenosine triphosphate,C12H19N3O1,829.58,13.72,355.113,Nucleotide
Aspirin,C18H15N5O1,800.99,1.3,277.402,Nucleotide
Ethanol,C10H6N4O5,867.86,12.4,653.996,Hormone
Ethanol,C12H32N0O7,180.01,6.73,987.062,Nucleotide
Serotonin,C7H19N5O4,768.9,12.74,463.895,Alkaloid
Dopamine,C15H27N0O9,605.42,7.12,281.743,Amide
Ethanol,C20H11N0O3,421.58,N/A,867.003,Neurotransmitter
Cholesterol,C11H36N3O4,194.85,12.68,11.086,Lipid
Dopamine,C13H3N5O10,969.66,3.36,828.897,Alkaloid
Glucose,C8H10N0O7,681.31,N/A,475.598,Lipid
Serotonin,C12H37N2O0,508.57,6.31,376.752,Alkaloid
Adenosine triphosphate,C13H4N1O5,560.77,N/A,935.776,Organic Compound
Adrenaline,C9H9N0O9,972.02,N/A,574.611,Nucleotide
Ethanol,C2H10N5O8,787.06,10.55,672.151,Amide
Caffeine,C19H34N3O5,983.02,11.12,76.36,Carbohydrate
Aspirin,C20H26N2O2,651.07,4.09,418.609,Alcohol
Serotonin,C2H38N1O9,64.71,N/A,95.979,Nucleotide
Urea,C2H3N0O5,459.48,N/A,931.924,Alkaloid
Adrenaline,C15H32N5O3,823.94,2.62,597.285,Amide
Caffeine,C14H35N5O4,692.33,8.26,305.668,Hormone
Caffeine,C12H25N4O6,749.75,N/A,427.965,Hormone
Serotonin,C8H5N0O3,537.9,6.11,313.184,Neurotransmitter
Adenosine triphosphate,C12H26N1O9,317.71,3.21,600.321,Alcohol
Ethanol,C19H12N1O2,954.39,9.02,616.539,Amide
Caffeine,C19H24N0O7,856.46,N/A,289.957,Hormone
Urea,C17H38N5O5,864.01,12.78,460.602,Amide
Serotonin,C2H33N4O7,442.92,N/A,523.374,Alcohol
Dopamine,C11H25N1O7,118.79,7.94,563.553,Alcohol
Aspirin,C1H40N5O5,227.54,13.83,878.531,Amide
Caffeine,C13H11N4O0,427.37,11.67,175.287,Lipid
Cholesterol,C18H10N4O10,89.36,5.64,622.316,Hormone
Serotonin,C19H14N2O6,319.51,7.97,185.797,Organic Compound
Dopamine,C15H37N0O1,400.04,6.7,562.887,Alcohol
Urea,C8H16N1O1,709.39,8.48,841.156,Alcohol
Caffeine,C15H34N3O5,836.44,11.18,12.971,Carbohydrate
Caffeine,C6H37N0O5,968.95,6.23,390.426,Alkaloid
Serotonin,C9H20N4O3,454.07,6.53,373.027,Neurotransmitter
Caffeine,C14H21N0O10,649.34,N/A,284.957,Organic Compound
Aspirin,C16H19N4O2,956.16,2.21,891.925,Carbohydrate
Cholesterol,C14H22N4O10,951.56,7.29,925.223,Carbohydrate
Caffeine,C6H10N2O1,132.27,13.31,672.202,Organic Compound
Adrenaline,C4H3N4O8,624.56,12.84,691.638,Amide
Cholesterol,C10H22N5O5,521.48,13.69,383.68,Lipid
Serotonin,C13H28N1O9,525.45,7.13,452.257,Lipid
Adrenaline,C5H6N1O8,386.7,12.55,738.071,Alcohol
Serotonin,C15H10N3O0,960.29,N/A,395.999,Amide
Glucose,C7H34N1O7,250.82,N/A,158.317,Neurotransmitter
Glucose,C16H24N4O10,957.6,6.04,168.301,Hormone
Adrenaline,C5H26N4O4,101.3,N/A,14.603,Lipid
Adenosine triphosphate,C17H17N3O6,503.68,4.13,664.851,Alcohol
Aspirin,C12H40N2O1,771.0,1.77,126.345,Lipid
Caffeine,C17H32N5O9,156.33,3.22,11.641,Nucleotide
Urea,C4H5N0O1,580.57,13.31,25.32,Alkaloid
Dopamine,C15H40N5O1,66.39,N/A,341.279,Nucleotide
Ethanol,C18H35N0O0,177.22,5.84,754.057,Nucleotide
Caffeine,C6H24N4O3,369.77,7.0,71.821,Nucleotide
Serotonin,C20H6N0O7,982.87,2.6,925.806,Lipid
Adenosine triphosphate,C6H37N0O0,263.6,12.79,154.787,Organic Compound
Ethanol,C8H1N5O10,926.66,5.29,3.656,Alcohol
Caffeine,C1H3N1O4,825.57,4.79,117.192,Alkaloid
Aspirin,C14H35N2O2,380.99,7.13,301.524,Carbohydrate
Cholesterol,C1H15N2O0,614.9,6.85,589.645,Neurotransmitter
Dopamine,C9H5N1O6,207.05,N/A,804.368,Amide
Adrenaline,C17H38N1O8,760.55,N/A,647.974,Hormone
Adenosine triphosphate,C19H10N2O10,791.18,7.0,557.959,Organic Compound
Urea,C4H34N3O3,789.09,13.13,600.724,Lipid
Aspirin,C12H2N1O5,744.45,12.82,808.333,Hormone
Aspirin,C9H12N4O2,346.44,1.53,713.917,Lipid
Glucose,C7H37N0O0,150.2,10.94,896.602,Lipid
Adrenaline,C15H15N2O6,163.11,5.66,26.612,Alkaloid
Aspirin,C15H10N4O7,687.6,10.66,190.954,Neurotransmitter
Urea,C12H31N0O5,283.31,N/A,4.065,Nucleotide
Glucose,C12H6N3O2,879.84,2.17,56.688,Amide
Caffeine,C7H7N1O3,677.16,2.81,211.665,Nucleotide
Urea,C20H36N5O6,268.16,7.74,630.576,Neurotransmitter
Dopamine,C16H25N3O1,239.96,12.95,538.097,Organic Compound
Aspirin,C4H15N1O9,272.06,8.86,324.718,Alcohol
Serotonin,C9H9N5O6,837.65,11.1,752.775,Neurotransmitter
Dopamine,C18H35N0O0,80.68,1.36,66.192,Organic Compound
Glucose,C20H14N1O10,886.47,N/A,546.25,Alkaloid
Adenosine triphosphate,C10H15N1O8,866.58,5.09,4.032,Alcohol
Adenosine triphosphate,C1H3N3O1,433.05,N/A,415.814,Alcohol
Caffeine,C1H35N5O8,841.17,9.56,967.296,Hormone
Glucose,C14H7N3O10,690.98,10.03,115.928,Nucleotide
Ethanol,C6H17N0O7,661.72,N/A,84.447,Carbohydrate
Glucose,C5H11N1O6,870.85,N/A,323.234,Hormone
Adrenaline,C15H16N4O4,755.64,12.99,251.597,Organic Compound
Aspirin,C16H15N5O2,571.17,N/A,595.924,Carbohydrate
Aspirin,C12H16N3O3,476.52,3.29,921.93,Alkaloid
Adrenaline,C14H33N0O2,559.37,11.76,493.774,Lipid
Dopamine,C4H19N5O10,243.7,N/A,993.196,Lipid
Caffeine,C13H36N0O4,443.33,9.73,96.584,Neurotransmitter
Adrenaline,C16H37N1O5,199.32,13.38,798.629,Organic Compound
Caffeine,C6H6N3O8,318.26,3.75,840.919,Neurotransmitter
Aspirin,C13H18N4O8,355.49,6.98,9.383,Amide
Ethanol,C5H29N1O10,407.25,13.21,157.721,Lipid
Adenosine triphosphate,C11H27N5O7,724.12,N/A,661.985,Hormone
Dopamine,C10H39N1O7,274.53,12.18,281.802,Carbohydrate
Adrenaline,C9H19N5O9,402.39,2.4,156.845,Lipid
Ethanol,C14H9N0O9,456.48,6.57,874.806,Organic Compound
Caffeine,C12H8N0O10,822.69,5.23,562.689,Alcohol
Urea,C9H3N1O5,486.32,12.35,749.52,Hormone
Glucose,C13H5N1O7,278.64,9.88,210.004,Amide
Ethanol,C13H35N2O10,751.65,2.23,904.727,Lipid
Dopamine,C10H7N5O6,206.95,12.89,295.406,Lipid
Adrenaline,C10H39N0O9,475.19,N/A,279.4,Nucleotide
Aspirin,C6H34N2O6,310.83,4.24,632.067,Hormone
Ethanol,C3H40N2O6,468.74,3.84,474.706,Lipid
Adenosine triphosphate,C16H40N0O3,963.08,10.03,821.178,Alkaloid
Serotonin,C17H12N5O0,340.0,N/A,723.052,Nucleotide
Caffeine,C13H22N0O5,228.73,2.75,118.211,Carbohydrate
Caffeine,C13H30N2O3,199.45,6.27,107.241,Organic Compound
Cholesterol,C17H28N3O6,569.69,4.74,225.808,Nucleotide
Adrenaline,C16H14N1O4,575.29,8.71,568.736,Alkaloid
Dopamine,C19H23N4O7,82.37,N/A,952.164,Hormone
Dopamine,C12H17N0O8,683.35,11.47,900.596,Organic Compound
Dopamine,C8H37N2O9,976.99,3.79,293.234,Carbohydrate
Caffeine,C20H12N3O7,102.83,11.21,187.962,Alkaloid
Dopamine,C17H27N0O0,69.3,10.9,816.053,Hormone
Urea,C4H26N0O1,299.53,8.11,128.24,Organic Compound
Glucose,C4H6N3O6,519.95,N/A,821.89,Alkaloid
Caffeine,C1H39N4O6,979.52,8.43,197.074,Neurotransmitter
Glucose,C19H37N0O1,433.15,3.57,116.777,Neurotransmitter
Glucose,C9H38N1O6,181.18,12.68,379.16,Lipid
Serotonin,C2H24N3O0,928.14,11.49,114.856,Alkaloid
Adrenaline,C1H5N3O3,822.83,N/A,38.111,Alcohol
Adrenaline,C10H40N1O7,966.14,3.47,715.066,Alcohol
Ethanol,C2H16N4O7,715.28,9.43,647.702,Alcohol
Adenosine triphosphate,C13H8N2O3,914.94,6.18,275.0,Lipid
Glucose,C2H19N2O1,944.27,5.55,486.771,Nucleotide
Glucose,C10H16N0O6,724.49,2.0,726.75,Organic Compound
Ethanol,C3H27N1O10,680.44,3.38,936.865,Organic Compound
Urea,C6H13N3O8,449.27,13.61,510.051,Neurotransmitter
Glucose,C7H14N5O3,790.9,1.36,630.467,Hormone
Ethanol,C8H15N0O8,903.18,7.37,964.329,Hormone
Ethanol,C19H37N4O0,507.24,N/A,668.112,Alkaloid
Aspirin,C9H31N3O6,296.33,13.49,933.975,Nucleotide
Glucose,C19H7N5O2,138.32,7.86,493.072,Amide
Serotonin,C11H15N0O7,307.64,9.38,700.933,Alkaloid
Serotonin,C3H40N5O6,928.93,4.97,6.957,Organic Compound
Adenosine triphosphate,C7H5N3O2,613.14,9.07,121.556,Carbohydrate
Urea,C13H40N4O3,326.82,4.26,153.662,Alkaloid
Serotonin,C3H23N0O3,150.54,11.78,180.004,Lipid
Adrenaline,C19H40N2O8,66.82,10.17,435.024,Lipid
Serotonin,C16H7N5O10,973.78,8.17,867.127,Hormone
Caffeine,C15H15N5O8,220.46,4.11,90.69,Alcohol
Dopamine,C6H4N4O7,546.83,12.79,955.995,Organic Compound
Serotonin,C4H33N5O9,87.77,12.68,1.372,Nucleotide
Serotonin,C4H4N0O1,332.45,N/A,598.314,Lipid
Adenosine triphosphate,C8H2N0O4,882.79,1.56,334.705,Alcohol
Urea,C12H20N4O8,651.41,10.61,886.778,Nucleotide
Serotonin,C3H28N1O5,905.09,N/A,934.731,Alkaloid
Serotonin,C14H30N2O10,702.78,1.42,853.04,Alkaloid
Serotonin,C18H6N1O8,230.55,10.61,752.743,Neurotransmitter
Glucose,C6H4N3O6,365.1,9.38,694.564,Nucleotide
Caffeine,C9H35N0O4,768.8,N/A,22.193,Amide
Ethanol,C13H24N4O6,639.42,10.57,180.7,Carbohydrate
Aspirin,C15H14N3O7,875.74,9.67,301.366,Alkaloid
Cholesterol,C1H35N4O0,212.61,N/A,317.821,Lipid
Adenosine triphosphate,C1H5N1O10,636.48,9.75,106.557,Nucleotide
Cholesterol,C7H11N0O10,347.42,N/A,626.233,Nucleotide
Ethanol,C13H19N4O0,825.76,13.8,16.789,Neurotransmitter
Serotonin,C15H22N4O6,399.22,N/A,925.276,Alkaloid
Serotonin,C9H40N1O7,90.56,12.34,753.275,Carbohydrate
Urea,C11H13N1O0,856.97,5.09,896.796,Neurotransmitter
Glucose,C1H25N1O0,639.75,3.08,353.127,Amide
Adrenaline,C10H17N0O4,598.52,12.1,718.18,Alcohol
Caffeine,C7H13N5O5,469.75,11.14,53.313,Alcohol
Ethanol,C16H20N1O2,761.19,11.01,837.968,Alcohol
Dopamine,C16H24N0O9,987.07,10.6,16.683,Neurotransmitter
Urea,C20H37N3O9,688.81,9.79,983.388,Amide
Cholesterol,C9H35N2O2,102.0,7.32,715.401,Carbohydrate
Ethanol,C15H28N5O5,965.37,N/A,107.067,Carbohydrate
Adenosine triphosphate,C7H20N3O7,273.31,11.06,529.813,Amide
Dopamine,C17H17N1O10,461.9,4.13,138.521,Alkaloid
Glucose,C10H17N4O5,622.76,10.66,827.577,Carbohydrate
Aspirin,C5H8N1O7,659.39,N/A,627.081,Hormone
Dopamine,C5H3N2O10,84.44,5.51,621.483,Carbohydrate
Dopamine,C16H40N3O5,868.08,1.5,33.723,Hormone
Serotonin,C6H27N1O1,266.26,N/A,617.401,Hormone
Urea,C17H14N4O7,973.81,9.55,90.972,Hormone
Aspirin,C20H14N1O6,798.44,1.62,5.175,Lipid
Ethanol,C9H2N5O4,694.98,N/A,218.933,Hormone
Caffeine,C3H23N4O9,223.33,10.98,188.302,Neurotransmitter
Adrenaline,C8H3N2O7,859.04,10.2,662.618,Alkaloid
Serotonin,C20H25N2O8,956.7,6.71,583.703,Hormone
Caffeine,C19H35N3O3,435.67,9.88,212.837,Organic Compound
Ethanol,C3H37N4O5,678.34,9.59,98.941,Alkaloid
Urea,C10H33N4O0,747.38,12.6,566.761,Carbohydrate
Urea,C19H16N5O0,504.9,8.39,449.822,Nucleotide
Adenosine triphosphate,C18H11N4O10,343.09,9.41,955.608,Carbohydrate
Ethanol,C14H12N3O5,651.31,4.45,319.783,Alkaloid
Dopamine,C10H23N3O1,359.78,12.57,628.025,Alkaloid
Caffeine,C4H20N3O6,584.73,9.91,680.517,Nucleotide
Serotonin,C19H40N5O6,130.56,N/A,281.008,Alkaloid
Caffeine,C14H2N1O3,148.72,9.93,303.026,Amide
Aspirin,C16H39N2O0,725.55,11.46,10.338,Alcohol
Glucose,C20H12N3O5,876.42,1.56,245.097,Amide
Adrenaline,C1H22N3O3,767.85,2.57,140.918,Alkaloid
Dopamine,C5H29N1O1,967.27,N/A,816.854,Lipid
Caffeine,C5H11N4O4,444.36,11.65,215.705,Neurotransmitter
Aspirin,C5H34N5O8,842.41,N/A,6.634,Carbohydrate
Caffeine,C8H7N4O4,366.85,1.07,843.336,Alcohol
Glucose,C20H22N5O9,990.8,11.77,632.051,Amide
Adrenaline,C18H37N1O2,764.06,N/A,861.42,Hormone
Dopamine,C16H35N0O3,405.02,3.71,398.972,Alcohol
Cholesterol,C19H2N1O6,683.31,8.26,645.583,Carbohydrate
Dopamine,C17H18N0O4,515.42,8.86,648.195,Alkaloid
Aspirin,C17H22N2O6,328.51,2.11,549.784,Neurotransmitter
Urea,C10H35N2O1,964.98,7.62,439.87,Alcohol
Adenosine triphosphate,C8H34N2O0,57.9,N/A,573.416,Carbohydrate
Adenosine triphosphate,C11H13N2O1,118.36,10.81,989.085,Alcohol
Glucose,C16H9N3O3,972.69,5.67,982.742,Carbohydrate
Caffeine,C18H9N3O10,114.85,12.17,438.815,Alkaloid
Caffeine,C14H2N2O9,320.59,N/A,450.415,Carbohydrate
Caffeine,C12H37N0O3,958.05,2.51,203.58,Amide
Caffeine,C13H9N1O7,867.55,12.77,839.008,Lipid
Ethanol,C20H9N5O6,916.98,13.36,897.229,Organic Compound
Cholesterol,C5H14N2O9,897.53,10.2,625.36,Amide
Aspirin,C9H38N1O9,823.18,N/A,951.144,Carbohydrate
Urea,C1H22N4O8,866.56,N/A,440.845,Alkaloid
Aspirin,C7H30N3O8,703.3,9.95,783.842,Lipid
Aspirin,C2H22N2O4,101.89,12.28,895.598,Neurotransmitter
Dopamine,C20H5N3O7,381.53,N/A,771.443,Alcohol
Ethanol,C16H18N4O1,942.17,5.97,117.974,Hormone
Adrenaline,C14H32N4O4,898.62,2.94,416.066,Neurotransmitter
Cholesterol,C14H23N3O6,750.91,7.45,118.402,Carbohydrate
Caffeine,C13H22N1O9,982.35,11.32,397.775,Carbohydrate
Ethanol,C15H5N3O5,711.07,12.99,761.825,Carbohydrate
Adenosine triphosphate,C20H17N4O9,431.48,4.91,249.962,Neurotransmitter
Caffeine,C16H3N1O1,507.54,13.85,776.65,Neurotransmitter
Adrenaline,C1H16N1O5,921.26,4.25,483.839,Organic Compound
Aspirin,C11H1N5O7,427.9,5.53,735.068,Neurotransmitter
Ethanol,C12H31N5O8,602.19,7.01,228.859,Lipid
Adrenaline,C17H38N5O3,663.36,11.22,355.31,Hormone
Cholesterol,C18H33N5O3,629.42,4.03,452.094,Nucleotide
Adenosine triphosphate,C20H20N0O4,981.37,5.02,286.165,Organic Compound
Adrenaline,C11H35N2O1,481.16,2.49,290.23,Amide
Dopamine,C4H36N4O5,119.68,6.19,720.487,Amide
Cholesterol,C6H30N1O4,152.09,13.43,446.745,Organic Compound
Dopamine,C16H39N5O8,385.85,1.48,454.449,Nucleotide
Aspirin,C4H7N3O1,768.28,1.99,622.773,Amide
Glucose,C11H8N5O0,430.31,5.63,11.09,Neurotransmitter
Urea,C18H15N0O9,631.58,N/A,270.462,Neurotransmitter
Cholesterol,C1H33N5O6,846.91,4.7,529.376,Organic Compound
Aspirin,C8H20N5O10,865.91,1.86,948.101,Organic Compound
Aspirin,C16H38N2O6,549.99,N/A,67.558,Amide
Caffeine,C13H35N5O6,205.53,N/A,865.734,Alcohol
Caffeine,C7H28N4O10,561.81,4.51,973.97,Nucleotide
Serotonin,C2H29N3O0,675.28,7.82,390.109,Nucleotide
Adenosine triphosphate,C14H18N5O2,190.99,1.53,168.103,Alcohol
Dopamine,C17H4N5O8,343.65,4.34,946.573,Amide
Serotonin,C5H22N2O4,958.0,2.58,956.914,Organic Compound
Glucose,C4H9N0O2,914.59,5.75,33.237,Hormone
Glucose,C4H16N3O1,121.37,12.69,829.414,Alkaloid
Aspirin,C11H9N2O2,945.56,3.53,7.947,Lipid
Serotonin,C20H18N1O3,277.84,2.34,719.161,Carbohydrate
Ethanol,C3H19N1O7,489.8,10.33,872.803,Nucleotide
Aspirin,C18H4N3O2,271.92,4.42,870.854,Nucleotide
Aspirin,C10H18N2O0,821.29,1.78,485.648,Lipid
Cholesterol,C10H23N2O1,666.59,10.8,654.15,Hormone
Cholesterol,C8H20N3O10,170.39,8.76,388.366,Amide
Caffeine,C1H35N5O5,93.74,6.33,899.302,Alkaloid
Adrenaline,C15H30N5O4,790.57,N/A,817.569,Lipid
Ethanol,C4H27N4O3,873.99,13.97,236.5,Carbohydrate
Ethanol,C11H14N3O3,963.03,N/A,215.616,Neurotransmitter
Caffeine,C17H33N3O2,678.02,3.7,921.056,Alcohol
Adenosine triphosphate,C19H3N0O6,260.94,6.94,610.68,Hormone
Cholesterol,C8H25N4O10,683.31,6.87,753.764,Alcohol
Caffeine,C8H38N1O4,604.39,5.88,180.69,Organic Compound
Adenosine triphosphate,C17H24N2O2,198.5,2.98,161.873,Carbohydrate
Adenosine triphosphate,C6H18N2O5,912.32,13.47,616.062,Nucleotide
Glucose,C18H11N5O3,209.74,10.1,962.838,Alcohol
Aspirin,C15H18N3O3,927.68,13.53,902.64,Alkaloid
Cholesterol,C4H32N4O0,598.36,13.48,118.835,Amide
Cholesterol,C14H15N1O9,861.77,N/A,348.821,Nucleotide
Serotonin,C2H34N0O3,809.18,9.94,669.317,Amide
Glucose,C12H21N3O2,434.24,8.6,770.557,Carbohydrate
Dopamine,C7H27N4O8,204.69,11.48,51.99,Alkaloid
Aspirin,C15H9N3O5,195.8,5.11,956.313,Organic Compound
Dopamine,C8H39N5O5,682.05,8.62,22.194,Nucleotide
Glucose,C13H34N3O8,931.04,13.52,887.159,Organic Compound
Glucose,C20H24N3O2,992.83,1.09,170.503,Carbohydrate
Glucose,C12H2N1O3,71.61,9.28,316.365,Alkaloid
Cholesterol,C8H22N2O6,890.6,2.66,359.43,Organic Compound
Urea,C6H29N3O5,277.98,8.91,913.033,Hormone
Serotonin,C20H26N4O3,669.31,13.82,312.341,Organic Compound
Adrenaline,C7H2N4O2,158.6,3.49,492.29,Neurotransmitter
Adrenaline,C1H11N3O5,424.47,13.14,777.628,Neurotransmitter
Adrenaline,C5H31N1O2,367.6,12.32,43.797,Amide
Glucose,C10H38N4O0,518.7,3.9,270.208,Lipid
Caffeine,C12H13N2O4,284.22,9.73,518.906,Organic Compound
Cholesterol,C2H6N2O0,201.57,9.11,727.099,Neurotransmitter
Ethanol,C7H1N0O6,156.74,11.05,163.726,Organic Compound
Ethanol,C18H33N4O6,817.62,11.21,651.016,Nucleotide
Aspirin,C7H37N4O6,674.75,1.56,566.954,Amide
Urea,C2H39N3O3,361.66,8.89,502.99,Lipid
Dopamine,C18H30N4O4,514.48,12.08,39.086,Organic Compound
Ethanol,C2H5N1O9,265.05,N/A,872.085,Alkaloid
Serotonin,C17H34N3O3,653.9,1.46,943.602,Alkaloid
Adenosine triphosphate,C16H28N0O6,755.95,N/A,762.807,Amide
Adrenaline,C11H15N3O10,911.23,N/A,338.732,Lipid
Urea,C20H24N2O10,861.99,12.69,6.843,Amide
Caffeine,C3H19N2O4,578.54,10.83,259.044,Hormone
Urea,C20H27N2O10,57.66,2.82,330.382,Lipid
Adenosine triphosphate,C17H7N0O3,206.76,1.35,844.841,Alcohol
Adrenaline,C3H34N3O7,255.07,4.61,593.159,Amide
Aspirin,C3H32N1O10,868.48,N/A,205.326,Neurotransmitter
Urea,C15H4N4O7,982.96,5.32,319.791,Amide
Adrenaline,C13H1N5O3,781.9,10.87,350.295,Hormone
Urea,C1H23N2O3,90.89,10.95,194.701,Organic Compound
Urea,C3H30N4O2,513.96,N/A,912.43,Organic Compound
Adrenaline,C16H10N4O3,503.68,4.95,851.995,Organic Compound
Caffeine,C12H21N4O10,315.59,10.17,308.834,Amide
Ethanol,C13H22N3O8,942.82,8.05,11.426,Alcohol
Glucose,C6H4N3O1,268.36,13.78,142.777,Amide
Ethanol,C19H7N0O6,195.46,13.02,125.477,Lipid
Serotonin,C13H5N1O3,595.55,N/A,4.511,Carbohydrate
Ethanol,C1H9N0O8,424.72,7.28,900.76,Neurotransmitter
Ethanol,C17H25N0O10,310.63,N/A,458.142,Nucleotide
Adenosine triphosphate,C13H6N2O8,822.36,4.86,931.93,Neurotransmitter
Serotonin,C16H33N1O2,466.72,8.21,216.057,Neurotransmitter
Adenosine triphosphate,C14H29N0O9,91.36,2.76,187.836,Neurotransmitter
Glucose,C3H33N5O10,777.9,3.3,886.108,Alkaloid
Aspirin,C11H20N0O4,568.8,5.18,404.096,Lipid
Caffeine,C1H12N3O10,115.36,8.44,226.734,Neurotransmitter
Caffeine,C15H21N0O1,208.6,2.21,875.572,Amide
Adenosine triphosphate,C14H19N1O7,174.74,12.59,921.635,Organic Compound
Glucose,C5H1N0O1,712.25,5.47,782.27,Alkaloid
Urea,C17H40N0O6,391.21,13.28,470.565,Carbohydrate
Dopamine,C18H10N0O10,588.03,3.74,479.536,Alkaloid
Adrenaline,C13H6N0O0,151.59,N/A,680.719,Organic Compound
Urea,C15H25N0O4,153.61,2.43,760.559,Alkaloid
Aspirin,C13H33N3O8,60.77,5.6,812.196,Hormone
Adrenaline,C8H22N1O7,929.03,N/A,264.164,Lipid
Glucose,C10H36N2O6,997.04,N/A,958.854,Carbohydrate
Aspirin,C8H27N4O4,186.73,7.13,981.029,Hormone
Serotonin,C19H4N0O4,95.44,10.48,704.663,Hormone
Adrenaline,C20H7N4O9,266.41,4.76,49.103,Nucleotide
Dopamine,C3H14N5O4,361.77,13.78,776.018,Alcohol
Ethanol,C17H12N0O5,595.35,5.12,839.732,Organic Compound
Urea,C8H33N2O2,986.87,2.56,45.266,Alcohol
Ethanol,C7H16N1O10,371.59,7.73,125.817,Alkaloid
Caffeine,C13H4N2O3,673.07,3.58,751.25,Alcohol
Dopamine,C14H30N4O3,378.14,9.78,950.017,Alcohol
Adenosine triphosphate,C8H13N5O0,619.86,6.18,780.664,Amide
Cholesterol,C10H28N5O7,614.07,13.54,482.235,Nucleotide
Glucose,C11H17N2O2,431.41,5.02,83.207,Neurotransmitter
Cholesterol,C7H12N3O9,921.1,N/A,595.011,Organic Compound
Aspirin,C18H28N2O10,935.09,7.69,988.184,Neurotransmitter
Dopamine,C15H1N4O10,397.91,5.49,867.161,Nucleotide
Adenosine triphosphate,C17H15N4O9,883.01,N/A,92.403,Carbohydrate
Urea,C15H16N0O10,243.03,9.55,374.849,Organic Compound
Dopamine,C16H36N1O5,173.94,3.46,412.222,Amide
Aspirin,C6H25N0O2,260.5,N/A,86.492,Alcohol
Glucose,C16H14N1O10,855.3,3.39,307.187,Organic Compound
Caffeine,C11H31N2O0,241.45,7.46,932.196,Nucleotide
Urea,C10H9N0O7,551.83,2.75,936.788,Carbohydrate
Ethanol,C4H39N5O3,473.06,4.24,669.079,Hormone
Adenosine triphosphate,C18H38N1O3,729.05,9.26,324.254,Amide
Ethanol,C18H23N5O4,126.03,6.31,462.293,Organic Compound
Ethanol,C18H5N5O4,288.19,8.83,760.485,Lipid
Urea,C2H32N4O1,966.62,5.31,690.086,Alcohol
Cholesterol,C15H31N1O8,917.55,10.17,773.125,Nucleotide
Aspirin,C18H20N0O2,953.2,N/A,331.332,Carbohydrate
Dopamine,C7H28N2O10,79.68,6.45,921.483,Neurotransmitter
Aspirin,C4H23N4O5,772.2,8.13,85.32,Alcohol
Adenosine triphosphate,C4H7N4O2,510.56,9.95,158.045,Amide
Caffeine,C3H21N4O0,644.52,7.43,446.093,Amide
Cholesterol,C10H16N2O4,462.55,N/A,668.909,Lipid
Caffeine,C6H37N2O6,130.47,4.45,41.544,Alcohol
Aspirin,C4H22N4O8,802.75,7.95,719.188,Alkaloid
Adenosine triphosphate,C19H5N4O4,619.6,1.18,807.059,Amide
Adrenaline,C11H13N0O4,838.92,5.63,995.441,Alkaloid
Caffeine,C19H28N1O1,525.18,7.95,869.592,Nucleotide
Aspirin,C20H7N0O2,954.4,8.4,277.794,Alkaloid
Adrenaline,C14H15N4O9,95.18,11.88,478.364,Alkaloid
Cholesterol,C19H11N4O10,59.52,12.87,148.37,Nucleotide
Cholesterol,C8H18N1O10,256.87,13.05,507.205,Alkaloid
Aspirin,C19H4N5O9,534.38,N/A,529.337,Amide
Adrenaline,C14H17N1O10,768.07,11.26,272.788,Alcohol
Cholesterol,C16H3N0O0,225.51,N/A,536.414,Lipid
Ethanol,C4H28N0O10,244.19,12.7,959.573,Amide
Ethanol,C3H26N1O5,507.81,7.18,218.835,Hormone
Glucose,C1H37N2O3,745.48,9.74,61.827,Hormone
Adrenaline,C4H23N1O7,159.99,4.5,643.764,Nucleotide
Urea,C5H24N0O8,299.27,10.72,874.21,Alkaloid
Aspirin,C16H18N4O5,433.2,6.14,472.237,Nucleotide
Dopamine,C9H30N2O10,519.81,9.45,194.041,Alkaloid
Cholesterol,C6H27N1O3,967.19,4.84,120.445,Amide
Glucose,C9H32N3O0,334.76,8.59,201.193,Amide
Adrenaline,C9H29N2O2,545.49,2.77,941.723,Alkaloid
Caffeine,C16H37N1O3,323.59,8.88,863.517,Lipid
Aspirin,C8H3N3O3,921.73,N/A,855.715,Carbohydrate
Urea,C4H16N1O8,574.55,6.92,100.743,Lipid
Serotonin,C9H26N0O5,272.86,5.26,135.005,Alcohol
Aspirin,C18H5N0O0,515.77,1.73,308.325,Neurotransmitter
Caffeine,C5H21N4O7,685.3,4.17,625.107,Lipid
Aspirin,C16H30N4O5,598.3,4.78,669.539,Nucleotide
Ethanol,C20H28N0O5,150.4,8.57,710.583,Neurotransmitter
Aspirin,C11H36N2O9,881.52,11.23,633.179,Hormone
Urea,C11H18N0O6,905.92,12.98,487.811,Lipid
Cholesterol,C17H21N0O9,870.38,5.27,641.844,Nucleotide
Dopamine,C20H33N3O4,207.32,3.37,146.29,Amide
Glucose,C14H4N2O9,233.05,N/A,818.039,Alkaloid
Adenosine triphosphate,C13H5N0O3,865.48,5.31,372.969,Alcohol
Urea,C1H16N3O7,691.94,5.39,289.093,Lipid
Urea,C1H17N2O6,768.5,N/A,825.698,Carbohydrate
Ethanol,C15H23N4O3,757.66,9.69,606.8,Carbohydrate
Caffeine,C6H23N2O4,917.33,2.0,51.9,Neurotransmitter
Caffeine,C12H12N0O2,66.3,N/A,650.758,Carbohydrate
Cholesterol,C13H29N5O10,885.17,9.95,319.707,Alkaloid
Ethanol,C12H2N0O8,850.8,N/A,527.526,Nucleotide
Cholesterol,C13H36N5O6,214.38,11.47,589.95,Organic Compound
Adenosine triphosphate,C3H19N4O0,592.87,2.63,403.488,Hormone
Ethanol,C16H27N1O8,204.62,12.48,340.988,Amide
Adrenaline,C16H16N2O3,51.55,2.53,929.207,Organic Compound
Cholesterol,C1H9N0O5,76.17,N/A,624.719,Hormone
Adrenaline,C1H9N0O5,780.61,11.68,719.165,Alcohol
Glucose,C16H5N1O5,116.06,N/A,181.392,Nucleotide
Glucose,C12H25N2O6,314.37,N/A,34.98,Alkaloid
Ethanol,C12H23N4O4,429.07,1.4,562.284,Alcohol
Adrenaline,C20H3N2O2,168.58,N/A,959.995,Organic Compound
Caffeine,C1H12N1O10,879.73,N/A,241.755,Alcohol
Serotonin,C4H10N3O1,264.27,13.61,614.86,Lipid
Adenosine triphosphate,C5H28N3O10,756.13,12.85,64.134,Carbohydrate
Glucose,C10H22N0O3,464.21,1.86,395.728,Nucleotide
Cholesterol,C6H25N3O3,852.19,7.2,55.376,Hormone
Glucose,C12H25N3O7,266.9,1.14,375.338,Organic Compound
Urea,C16H19N3O6,170.02,11.23,450.865,Nucleotide
Adenosine triphosphate,C20H34N3O7,752.79,1.58,146.634,Carbohydrate
Caffeine,C10H36N1O10,657.23,6.51,891.689,Lipid
Caffeine,C7H26N5O1,859.08,N/A,471.567,Neurotransmitter
Caffeine,C17H21N2O4,254.83,12.93,769.401,Hormone
Ethanol,C6H32N3O9,383.36,2.72,767.618,Neurotransmitter
Urea,C2H35N4O6,419.71,7.05,938.66,Neurotransmitter
Aspirin,C12H20N3O5,735.19,3.97,32.665,Carbohydrate
Cholesterol,C18H21N1O5,760.7,N/A,926.834,Hormone
Caffeine,C17H25N3O5,811.48,4.07,625.244,Alkaloid
Glucose,C1H21N4O6,923.14,5.56,946.478,Alcohol
Adenosine triphosphate,C20H12N1O5,100.51,12.46,486.048,Hormone
Caffeine,C8H20N3O2,867.9,N/A,244.505,Carbohydrate
Adrenaline,C13H23N1O3,393.07,12.61,963.924,Carbohydrate
Adenosine triphosphate,C4H8N4O6,857.25,10.34,304.865,Alkaloid
Urea,C13H8N0O1,344.87,3.61,73.61,Carbohydrate
Aspirin,C14H40N5O7,948.7,N/A,130.605,Hormone
Serotonin,C11H8N5O10,598.5,N/A,560.581,Lipid
Glucose,C10H27N4O10,733.5,10.65,842.784,Alcohol
Glucose,C10H22N4O7,792.29,6.03,551.304,Lipid
Urea,C11H22N4O5,729.69,7.64,344.531,Hormone
Urea,C15H12N2O6,745.65,9.54,740.881,Alcohol
Adrenaline,C10H12N3O4,694.14,8.85,493.113,Neurotransmitter
Aspirin,C17H18N0O5,179.7,10.08,198.541,Hormone
Cholesterol,C6H27N4O1,873.44,3.0,212.223,Organic Compound
Caffeine,C9H28N3O3,653.59,3.23,765.347,Organic Compound
Glucose,C12H24N3O2,98.42,2.91,474.354,Hormone
Aspirin,C5H25N2O1,727.61,12.86,152.382,Carbohydrate
Ethanol,C2H35N5O5,892.49,N/A,243.774,Lipid
Adrenaline,C20H17N4O6,640.28,9.5,161.511,Neurotransmitter
Cholesterol,C17H36N4O1,50.21,9.63,546.92,Nucleotide
Serotonin,C3H32N5O8,332.11,2.53,651.701,Alcohol
Dopamine,C18H20N3O5,424.56,2.31,777.31,Alcohol
Serotonin,C1H38N3O1,120.61,12.05,998.205,Neurotransmitter
Cholesterol,C1H6N3O4,376.17,8.45,18.052,Alcohol
Dopamine,C6H37N4O10,197.99,3.89,73.504,Lipid
Serotonin,C2H36N1O7,789.75,7.02,322.967,Organic Compound
Adrenaline,C1H20N4O6,473.91,10.06,871.325,Alkaloid
Adrenaline,C4H19N0O6,105.77,N/A,504.065,Carbohydrate
Glucose,C9H4N4O9,229.32,7.69,133.103,Lipid
Adenosine triphosphate,C15H14N2O5,598.22,13.74,275.043,Hormone
Aspirin,C11H21N3O8,123.12,7.14,170.873,Neurotransmitter
Caffeine,C13H22N2O9,527.48,2.73,236.414,Lipid
Caffeine,C18H20N1O2,304.67,4.3,978.756,Alcohol
Adenosine triphosphate,C7H39N3O6,775.36,10.83,384.109,Carbohydrate
Ethanol,C6H29N4O0,405.48,N/A,530.892,Amide
Dopamine,C5H27N5O5,646.33,8.46,291.231,Alcohol
Urea,C17H40N4O2,385.6,8.16,20.661,Neurotransmitter
Aspirin,C17H7N2O2,838.72,6.35,916.328,Carbohydrate
Urea,C5H18N2O8,218.05,13.55,895.363,Hormone
Dopamine,C18H25N5O8,586.14,4.84,692.341,Alkaloid
Ethanol,C1H21N2O2,802.14,N/A,54.149,Amide
Adenosine triphosphate,C1H40N4O2,779.41,12.4,444.617,Alcohol
Adenosine triphosphate,C3H29N4O2,116.78,N/A,35.217,Carbohydrate
Glucose,C3H16N0O5,226.77,6.24,539.382,Nucleotide
Glucose,C1H33N4O10,69.31,N/A,39.228,Carbohydrate
Serotonin,C20H9N2O10,704.68,10.84,826.423,Carbohydrate
Ethanol,C16H9N5O7,384.88,13.86,964.76,Organic Compound
Serotonin,C3H6N3O9,421.95,11.44,506.392,Organic Compound
Aspirin,C11H23N0O0,172.54,N/A,542.106,Alkaloid
Cholesterol,C15H35N4O7,645.22,6.33,145.875,Nucleotide
Aspirin,C18H23N3O1,935.1,7.09,476.373,Neurotransmitter
Dopamine,C16H8N3O5,224.27,N/A,241.488,Amide
Aspirin,C10H3N0O0,771.8,5.63,266.426,Neurotransmitter
Adrenaline,C18H38N3O4,363.51,13.9,586.397,Alkaloid
Cholesterol,C15H9N5O8,215.57,4.5,239.872,Alcohol
Adrenaline,C13H19N4O8,814.44,9.09,63.708,Amide
Dopamine,C17H40N1O9,297.9,2.81,372.263,Hormone
Urea,C10H35N3O6,761.93,N/A,246.657,Alcohol
Urea,C19H9N4O3,880.12,7.46,350.675,Organic Compound
Cholesterol,C10H22N2O10,408.14,12.33,265.362,Carbohydrate
Urea,C4H36N3O7,530.09,11.82,465.08,Lipid
Cholesterol,C5H33N3O5,557.72,4.12,639.115,Neurotransmitter
Adenosine triphosphate,C16H3N0O2,431.94,4.86,930.788,Alkaloid
Adrenaline,C12H4N4O5,285.97,13.61,124.646,Hormone
Adrenaline,C16H19N5O8,585.01,2.16,336.997,Hormone
Dopamine,C9H30N5O8,626.34,N/A,354.689,Alcohol
Adenosine triphosphate,C1H26N0O3,471.67,7.25,710.406,Lipid
Aspirin,C18H7N1O10,273.81,1.02,304.964,Alcohol
Caffeine,C20H2N4O2,119.22,12.51,205.012,Nucleotide
Ethanol,C8H11N3O1,202.73,5.08,261.896,Alcohol
Adrenaline,C6H34N0O9,289.8,N/A,803.263,Carbohydrate
Ethanol,C20H5N1O9,431.75,N/A,67.437,Amide
Serotonin,C8H27N0O3,827.79,2.35,310.38,Hormone
Aspirin,C1H2N3O3,402.44,N/A,546.978,Amide
Urea,C19H9N0O5,536.27,11.19,964.687,Hormone
Ethanol,C16H20N1O2,298.46,N/A,806.429,Alkaloid
Adrenaline,C14H20N3O7,272.94,7.5,844.156,Lipid
Urea,C20H16N0O7,420.93,N/A,702.218,Nucleotide
Dopamine,C6H7N3O1,374.57,4.06,857.015,Carbohydrate
Cholesterol,C15H12N2O5,590.51,7.27,710.141,Alkaloid
Adenosine triphosphate,C14H33N2O1,591.02,11.12,902.069,Alcohol
Aspirin,C17H24N2O0,673.8,7.53,269.937,Nucleotide
Glucose,C8H21N4O10,334.36,N/A,451.908,Amide
Serotonin,C13H25N0O0,151.59,3.39,364.259,Amide
Adenosine triphosphate,C3H33N1O4,760.13,12.08,721.769,Nucleotide
Caffeine,C5H20N2O0,857.52,N/A,497.955,Alkaloid
Serotonin,C15H28N2O3,705.57,3.78,581.814,Alcohol
Urea,C11H16N1O7,979.1,7.23,795.38,Alkaloid
Adrenaline,C2H24N1O6,267.72,12.95,342.735,Alcohol
Caffeine,C5H23N1O7,170.25,N/A,10.503,Amide
Caffeine,C12H24N2O1,186.97,2.81,168.528,Alkaloid
Serotonin,C12H35N5O10,432.8,3.04,433.163,Lipid
Cholesterol,C19H17N0O10,803.86,11.88,12.859,Organic Compound
Dopamine,C2H23N5O8,302.82,13.21,709.89,Alcohol
Dopamine,C9H6N1O9,397.93,7.22,391.462,Amide
Serotonin,C7H14N0O0,196.38,3.6,826.978,Alkaloid
Adrenaline,C20H16N2O6,541.78,1.49,526.216,Hormone
Dopamine,C12H25N4O4,811.94,12.98,180.355,Alkaloid
Glucose,C13H31N1O2,321.79,12.7,594.294,Alkaloid
Adenosine triphosphate,C12H10N5O10,404.47,1.42,936.932,Alcohol
Ethanol,C20H32N3O6,520.5,13.34,314.093,Organic Compound
Cholesterol,C18H36N1O0,938.64,10.13,824.131,Alcohol
Adenosine triphosphate,C8H20N2O6,696.56,N/A,441.919,Alcohol
Adenosine triphosphate,C4H17N1O2,68.22,11.05,523.987,Neurotransmitter
Adrenaline,C12H18N3O2,329.58,12.42,97.937,Alcohol
Urea,C12H21N1O3,432.27,9.62,489.398,Lipid
Serotonin,C10H18N2O4,202.67,1.99,219.105,Alkaloid
Dopamine,C8H36N2O10,674.89,1.15,574.444,Hormone
Ethanol,C3H27N1O0,786.94,9.0,631.809,Hormone
Dopamine,C9H19N4O6,864.84,3.89,610.755,Amide
Dopamine,C8H10N5O0,836.62,13.87,605.853,Alcohol
Adenosine triphosphate,C5H14N2O9,635.15,3.86,916.155,Neurotransmitter
Aspirin,C10H22N0O2,564.41,5.47,255.693,Amide
Adrenaline,C12H31N5O2,960.5,7.33,694.345,Organic Compound
Aspirin,C4H24N0O10,964.83,3.38,77.366,Nucleotide
Adenosine triphosphate,C18H17N0O8,782.97,6.31,840.208,Alcohol
Aspirin,C18H15N2O9,789.2,9.62,408.159,Hormone
Caffeine,C10H40N4O8,760.19,1.45,515.408,Amide
Adrenaline,C8H36N1O0,421.86,7.6,963.433,Amide
Urea,C16H1N2O0,645.84,4.27,263.256,Lipid
Caffeine,C2H19N4O4,856.02,2.33,70.042,Alkaloid
Cholesterol,C12H35N0O8,858.04,1.7,630.139,Organic Compound
Aspirin,C4H36N5O1,390.97,5.62,407.916,Neurotransmitter
Aspirin,C4H36N0O10,414.29,13.97,389.097,Neurotransmitter
Caffeine,C1H1N0O0,80.29,N/A,413.891,Organic Compound
Caffeine,C16H14N5O10,466.16,2.14,703.087,Alcohol
Adenosine triphosphate,C5H20N4O7,591.01,1.26,17.262,Lipid
Cholesterol,C10H6N0O5,267.87,9.05,811.12,Amide
Caffeine,C16H12N0O6,476.65,N/A,477.739,Neurotransmitter
Adenosine triphosphate,C1H13N3O2,733.02,4.0,901.138,Amide
Dopamine,C14H9N5O10,75.29,N/A,363.246,Organic Compound
Ethanol,C1H24N1O9,488.66,13.5,290.037,Carbohydrate
Caffeine,C10H34N5O1,471.25,12.55,917.297,Hormone
Glucose,C6H1N2O5,229.48,13.45,278.682,Organic Compound
Serotonin,C13H30N3O1,888.14,N/A,70.074,Amide
Urea,C7H19N3O10,144.87,12.86,383.887,Hormone
Ethanol,C7H6N4O6,301.63,N/A,210.46,Alcohol
Cholesterol,C3H3N4O5,731.51,11.26,413.557,Organic Compound
Urea,C9H17N2O2,610.04,2.64,170.9,Organic Compound
Serotonin,C2H39N0O1,490.92,13.37,815.771,Organic Compound
Cholesterol,C8H7N1O0,694.89,5.41,864.697,Neurotransmitter
Serotonin,C19H2N2O8,229.18,3.47,943.929,Organic Compound
Ethanol,C8H2N1O10,385.66,8.98,440.409,Lipid
Ethanol,C5H25N3O0,907.83,3.88,867.88,Organic Compound
Cholesterol,C12H25N4O1,562.27,10.48,352.566,Alkaloid
Ethanol,C2H36N4O7,279.8,N/A,393.512,Amide
Urea,C10H27N2O2,540.74,8.77,494.384,Amide
Caffeine,C3H27N5O1,860.58,N/A,146.24,Alcohol
Urea,C9H4N0O6,657.84,11.34,103.12,Neurotransmitter
Urea,C9H39N2O3,310.72,6.98,706.07,Nucleotide
Caffeine,C11H19N2O0,778.51,10.55,917.179,Alkaloid
Adrenaline,C13H21N5O5,561.95,7.37,571.292,Alcohol
Ethanol,C12H16N0O0,606.34,N/A,406.381,Hormone
Ethanol,C11H20N0O6,425.29,11.11,788.678,Hormone
Aspirin,C17H22N2O8,574.97,N/A,326.489,Nucleotide
Serotonin,C2H1N4O0,947.11,2.01,536.183,Alkaloid
Cholesterol,C19H1N2O5,995.87,7.31,9.226,Nucleotide
Dopamine,C20H31N0O1,710.06,5.19,768.718,Hormone
Adrenaline,C20H29N3O2,223.0,1.07,836.551,Organic Compound
Adenosine triphosphate,C7H14N3O7,245.4,8.72,100.543,Amide
Cholesterol,C15H34N1O10,157.29,N/A,267.172,Neurotransmitter
Ethanol,C20H36N2O4,409.75,N/A,422.533,Amide
Cholesterol,C10H29N4O10,475.59,N/A,826.514,Alkaloid
Cholesterol,C12H5N4O9,475.04,12.23,92.907,Organic Compound
Caffeine,C13H16N0O6,517.37,6.56,577.31,Neurotransmitter
Urea,C20H14N3O8,545.87,N/A,149.581,Alcohol
Glucose,C20H13N0O7,672.78,N/A,248.051,Nucleotide
Caffeine,C17H12N2O4,837.89,5.7,524.48,Hormone
Aspirin,C1H37N2O4,291.74,7.46,643.495,Alcohol
Urea,C7H20N4O9,998.89,1.39,429.349,Alkaloid
Urea,C15H2N5O8,287.44,1.9,807.036,Lipid
Adrenaline,C7H23N2O5,598.84,11.7,593.994,Hormone
Adrenaline,C2H15N2O2,376.08,7.72,697.681,Nucleotide
Caffeine,C2H20N5O10,264.66,N/A,194.445,Organic Compound
Caffeine,C9H29N0O10,492.0,12.64,741.288,Carbohydrate
Ethanol,C11H16N2O1,434.07,12.34,241.864,Alcohol
Ethanol,C13H26N1O6,209.71,9.39,67.802,Lipid
Adrenaline,C17H22N2O2,409.5,3.15,848.69,Alkaloid
Aspirin,C15H36N5O0,254.84,9.45,209.157,Hormone
Adenosine triphosphate,C7H33N1O0,874.23,3.42,16.179,Alkaloid
Adrenaline,C4H5N1O4,100.37,3.73,139.13,Neurotransmitter
Adenosine triphosphate,C10H31N3O8,371.75,2.57,426.338,Amide
Urea,C2H12N0O2,510.79,13.15,840.942,Neurotransmitter
Urea,C16H28N0O1,938.71,N/A,327.84,Lipid
Adrenaline,C1H16N4O7,104.65,10.28,94.035,Nucleotide
Serotonin,C10H25N2O2,232.38,10.54,411.135,Organic Compound
Serotonin,C2H10N3O10,687.13,6.56,138.725,Neurotransmitter
Urea,C13H4N1O6,631.11,N/A,475.425,Nucleotide
Cholesterol,C5H2N0O4,903.22,N/A,380.062,Neurotransmitter
Caffeine,C2H36N0O0,298.48,N/A,583.957,Carbohydrate
Urea,C1H37N5O1,387.82,N/A,523.736,Hormone
Adenosine triphosphate,C14H14N4O3,152.55,6.41,925.201,Hormone
Ethanol,C9H27N2O7,365.83,13.78,772.615,Hormone
Aspirin,C3H1N2O0,705.23,5.23,113.313,Hormone
Caffeine,C18H7N5O4,793.31,N/A,435.314,Alkaloid
Dopamine,C10H39N1O3,458.31,5.22,942.066,Hormone
Cholesterol,C8H15N1O2,547.49,2.3,727.896,Nucleotide
Urea,C7H24N0O10,320.02,1.14,855.551,Hormone
Adenosine triphosphate,C6H33N3O8,229.08,4.15,411.72,Alcohol
Ethanol,C1H20N5O8,705.69,N/A,375.726,Amide
Adenosine triphosphate,C5H19N1O0,909.52,3.68,71.005,Nucleotide
Cholesterol,C9H39N3O5,201.39,N/A,584.632,Lipid
Adrenaline,C12H8N4O0,515.6,6.79,621.576,Organic Compound
Ethanol,C5H32N1O3,522.69,7.3,258.375,Organic Compound
Ethanol,C14H29N2O6,852.33,11.87,463.374,Alcohol
Ethanol,C12H38N3O2,402.3,7.12,944.311,Lipid
Adenosine triphosphate,C3H13N0O6,561.89,3.07,929.166,Neurotransmitter
Caffeine,C20H4N1O7,436.88,11.53,976.973,Alkaloid
Caffeine,C15H31N5O3,807.23,2.74,827.838,Amide
Urea,C20H38N5O7,547.28,13.66,885.757,Amide
Dopamine,C6H20N3O5,486.47,12.66,787.56,Neurotransmitter
Urea,C1H7N1O1,732.76,12.51,866.393,Amide
Urea,C12H21N0O6,925.76,2.1,13.361,Carbohydrate
Adenosine triphosphate,C4H6N4O7,215.19,7.5,399.794,Amide
Urea,C19H17N4O0,482.58,12.06,306.608,Alcohol
Serotonin,C12H23N2O6,263.05,2.62,765.217,Neurotransmitter
Adenosine triphosphate,C17H12N3O4,476.79,N/A,539.391,Neurotransmitter
Dopamine,C7H24N2O2,714.74,1.44,57.151,Organic Compound
Glucose,C9H8N2O8,667.57,N/A,715.299,Hormone
Cholesterol,C2H36N1O0,778.51,9.72,987.839,Alcohol
Dopamine,C19H35N4O9,182.11,N/A,250.835,Lipid
Dopamine,C2H1N4O0,460.94,3.98,473.259,Amide
Adenosine triphosphate,C2H24N4O8,244.94,N/A,99.589,Organic Compound
Cholesterol,C6H40N2O2,595.61,10.9,704.862,Nucleotide
Cholesterol,C10H15N4O4,858.41,4.6,480.262,Carbohydrate
Ethanol,C6H9N1O5,756.23,6.77,129.514,Amide
Ethanol,C7H15N4O4,363.25,3.15,532.641,Hormone
Adrenaline,C3H19N4O5,259.05,13.42,128.688,Neurotransmitter
Urea,C8H40N2O2,849.36,13.44,2.171,Hormone
Adenosine triphosphate,C20H27N0O6,79.64,6.37,589.924,Lipid
Ethanol,C4H27N3O1,605.0,1.08,61.446,Neurotransmitter
Adenosine triphosphate,C3H12N1O2,959.0,12.05,29.432,Amide
Glucose,C5H5N1O6,664.24,5.58,712.34,Organic Compound
Serotonin,C2H6N0O2,521.41,13.0,345.427,Hormone
Adrenaline,C2H32N2O2,368.64,6.02,722.585,Organic Compound
Cholesterol,C3H32N3O2,745.92,N/A,251.4,Alcohol
Adenosine triphosphate,C16H38N0O2,935.14,2.2,788.287,Organic Compound
Ethanol,C5H8N4O3,624.86,3.01,970.223,Alkaloid
Glucose,C20H23N2O2,949.44,12.95,473.092,Hormone
Glucose,C17H18N2O5,824.43,13.18,433.583,Carbohydrate
Dopamine,C20H4N4O2,132.9,11.46,361.325,Alcohol
Cholesterol,C9H33N5O4,230.15,5.36,231.094,Nucleotide
Glucose,C16H33N0O5,337.07,N/A,983.383,Alcohol
Dopamine,C4H35N2O2,908.8,12.31,511.364,Organic Compound
Aspirin,C16H8N0O7,698.22,8.78,711.813,Alkaloid
Ethanol,C6H29N2O5,856.27,2.94,0.276,Hormone
Serotonin,C10H5N2O6,118.82,13.58,411.587,Nucleotide
Cholesterol,C15H24N2O7,121.48,11.02,716.172,Organic Compound
Adenosine triphosphate,C15H39N4O9,922.87,5.32,636.238,Alcohol
Caffeine,C14H6N4O6,431.19,8.58,58.31,Alcohol
Glucose,C7H1N3O7,862.74,5.65,169.329,Alkaloid
Caffeine,C20H28N2O3,382.96,9.49,870.876,Hormone
Caffeine,C1H35N3O1,390.87,N/A,670.262,Alcohol
Dopamine,C15H35N0O10,547.48,13.9,204.441,Amide
Caffeine,C15H40N5O6,401.6,10.0,490.281,Nucleotide
Dopamine,C18H33N2O5,506.93,1.54,998.336,Nucleotide
Caffeine,C14H20N4O10,930.35,N/A,489.64,Organic Compound
Aspirin,C13H10N1O7,517.77,10.97,516.733,Alkaloid
Dopamine,C2H36N0O10,858.87,1.03,125.647,Nucleotide
Dopamine,C13H16N3O8,695.9,6.53,459.965,Alkaloid
Serotonin,C5H5N3O7,543.24,8.93,353.005,Alcohol
Adrenaline,C11H17N2O6,217.44,5.21,951.452,Neurotransmitter
Adenosine triphosphate,C9H8N3O8,142.89,N/A,57.534,Alcohol
Adenosine triphosphate,C20H7N5O4,669.2,12.22,923.283,Carbohydrate
Adrenaline,C17H31N2O9,278.6,4.81,898.928,Amide
Serotonin,C20H7N4O7,907.32,3.47,795.161,Hormone
Dopamine,C3H34N2O2,651.53,2.31,523.828,Lipid
Adrenaline,C19H10N5O9,55.33,N/A,94.939,Organic Compound
Ethanol,C9H4N5O1,944.77,6.13,877.197,Hormone
Adenosine triphosphate,C1H14N5O7,267.2,3.56,618.514,Alkaloid
Dopamine,C11H27N5O8,211.26,4.96,777.47,Amide
Aspirin,C20H40N1O5,724.87,7.15,31.984,Lipid
Cholesterol,C12H21N3O4,752.34,1.54,8.98,Hormone
Ethanol,C16H14N4O2,585.75,7.1,656.678,Amide
Ethanol,C7H3N1O10,239.14,8.42,97.565,Amide
Adrenaline,C14H4N0O6,659.75,4.68,610.633,Organic Compound
Adrenaline,C16H17N1O6,192.56,3.38,464.05,Organic Compound
Adenosine triphosphate,C13H2N2O9,254.68,2.76,569.134,Nucleotide
Caffeine,C9H21N0O4,139.61,10.37,332.771,Organic Compound
Dopamine,C11H35N4O6,582.24,6.08,23.483,Alkaloid
Cholesterol,C3H8N0O2,239.71,13.31,226.409,Nucleotide
Glucose,C16H34N5O7,847.4,3.1,134.282,Nucleotide
Adenosine triphosphate,C4H26N3O5,871.18,N/A,250.162,Alkaloid
Adenosine triphosphate,C14H3N3O1,198.62,5.69,697.233,Hormone
Ethanol,C4H37N3O0,478.32,12.35,204.362,Lipid
Serotonin,C6H21N1O10,363.41,9.86,594.167,Organic Compound
Glucose,C16H21N0O3,881.27,2.3,20.189,Hormone
Cholesterol,C18H31N4O8,871.84,2.95,55.087,Hormone
Glucose,C16H30N0O5,767.4,7.97,278.698,Lipid
Adrenaline,C2H27N1O7,466.15,5.03,647.548,Alkaloid
Aspirin,C18H1N2O2,299.31,2.34,488.189,Nucleotide
Ethanol,C9H6N4O3,106.42,4.25,8.796,Hormone
Dopamine,C19H39N4O1,768.98,2.34,264.882,Alcohol
Dopamine,C20H12N4O0,459.34,4.41,43.159,Carbohydrate
Glucose,C1H35N5O0,518.64,2.68,39.633,Lipid
Dopamine,C3H27N4O2,838.48,1.4,37.825,Lipid
Adrenaline,C13H3N4O4,153.04,5.03,759.066,Alcohol
Caffeine,C19H20N0O9,421.52,N/A,509.042,Amide
Adrenaline,C15H18N1O3,84.78,N/A,716.117,Nucleotide
Serotonin,C16H33N3O2,155.77,13.6,335.604,Amide
Adrenaline,C1H16N0O8,679.57,5.83,546.979,Amide
Adenosine triphosphate,C18H40N0O10,694.9,6.59,585.319,Organic Compound
Cholesterol,C2H5N2O0,81.25,N/A,114.354,Alcohol
Dopamine,C6H14N3O0,570.04,5.34,215.507,Hormone
Dopamine,C13H31N4O10,57.93,2.69,903.162,Alcohol
Caffeine,C19H2N2O7,632.83,N/A,220.912,Alcohol
Ethanol,C3H22N5O3,892.39,11.58,747.436,Organic Compound
Serotonin,C17H10N3O1,321.74,13.48,682.497,Nucleotide
Aspirin,C5H5N0O1,196.84,6.11,965.115,Amide
Ethanol,C20H21N1O0,602.8,13.98,324.017,Nucleotide
Caffeine,C19H19N5O10,917.08,6.67,436.52,Carbohydrate
Cholesterol,C13H11N3O7,913.32,4.91,584.394,Hormone
Adenosine triphosphate,C19H1N2O4,585.93,8.7,887.771,Neurotransmitter
Urea,C17H26N2O0,332.43,6.3,232.563,Carbohydrate
Dopamine,C9H33N2O7,793.73,13.35,350.791,Organic Compound
Aspirin,C5H37N5O0,477.39,3.58,86.377,Hormone
Serotonin,C19H36N3O7,129.19,N/A,649.641,Organic Compound
Glucose,C2H23N5O7,379.31,3.92,807.788,Nucleotide
Aspirin,C6H39N4O4,683.26,3.06,614.268,Carbohydrate
Serotonin,C14H15N0O3,114.88,7.1,963.738,Alcohol
Aspirin,C11H18N3O4,250.02,7.71,754.513,Hormone
Urea,C7H9N3O8,432.71,2.22,887.202,Alkaloid
Cholesterol,C18H13N1O5,591.89,12.56,876.678,Alcohol
Glucose,C19H33N0O9,435.99,4.24,404.548,Carbohydrate
Cholesterol,C18H12N1O1,696.85,12.55,376.65,Organic Compound
Dopamine,C8H10N4O2,416.8,N/A,918.779,Hormone
Adrenaline,C6H29N5O7,392.99,10.18,940.695,Carbohydrate
Adrenaline,C6H37N3O6,282.98,5.37,37.953,Organic Compound
Aspirin,C14H30N4O1,603.47,12.79,784.177,Lipid
Serotonin,C2H40N0O9,469.53,3.77,2.451,Nucleotide
Urea,C14H6N3O4,124.52,8.71,958.751,Amide
Cholesterol,C18H14N5O7,928.26,N/A,972.325,Hormone
Serotonin,C6H18N0O6,366.19,N/A,410.812,Lipid
Urea,C10H15N3O9,431.66,1.34,225.347,Nucleotide
Aspirin,C4H10N5O2,163.45,1.98,243.889,Organic Compound
Ethanol,C13H34N5O5,478.54,2.43,712.779,Neurotransmitter
Cholesterol,C11H18N5O3,150.82,3.78,214.053,Lipid
Aspirin,C6H7N0O4,680.21,7.11,105.232,Alcohol
Serotonin,C7H11N3O7,231.9,10.93,743.919,Alkaloid
Serotonin,C12H13N4O8,765.77,11.32,760.229,Hormone
Dopamine,C11H18N4O6,840.82,N/A,305.925,Neurotransmitter
Caffeine,C8H40N4O3,717.41,11.38,144.054,Carbohydrate
Cholesterol,C19H7N4O8,579.42,6.49,393.562,Organic Compound
Adenosine triphosphate,C4H22N1O0,152.39,2.81,866.748,Amide
Ethanol,C2H8N2O4,531.1,6.46,977.884,Lipid
Adenosine triphosphate,C9H4N2O6,999.05,4.16,680.167,Lipid
Urea,C5H8N1O0,727.21,12.21,922.675,Organic Compound
Glucose,C19H27N5O10,737.21,1.32,401.122,Neurotransmitter
Ethanol,C2H6N5O3,296.99,7.48,39.514,Hormone
Dopamine,C15H16N0O7,911.3,3.68,644.264,Hormone
Urea,C11H27N4O0,450.33,12.59,311.233,Nucleotide
Glucose,C19H31N3O5,972.56,1.32,927.248,Organic Compound
Cholesterol,C4H15N1O6,506.15,2.43,797.268,Organic Compound
Adrenaline,C8H25N2O2,887.01,9.91,902.766,Nucleotide
Adrenaline,C3H20N5O2,526.42,10.51,530.15,Carbohydrate
Aspirin,C8H28N3O2,903.69,1.01,495.475,Alcohol
Caffeine,C16H9N1O8,431.92,6.06,58.518,Organic Compound
Aspirin,C18H40N5O8,529.54,11.66,734.634,Organic Compound
Adrenaline,C14H37N5O1,799.58,9.32,800.261,Lipid
Caffeine,C2H7N4O4,410.57,N/A,447.151,Alcohol
Adrenaline,C3H8N5O5,766.58,1.38,501.342,Alkaloid
Serotonin,C10H3N1O9,971.78,N/A,98.274,Alcohol
Adrenaline,C15H27N5O9,948.46,1.65,966.656,Amide
Dopamine,C5H36N0O7,584.91,9.86,561.316,Nucleotide
Adrenaline,C7H30N3O1,102.18,N/A,575.2,Carbohydrate
Dopamine,C18H2N2O0,755.53,6.63,330.707,Lipid
Cholesterol,C17H18N5O8,332.11,8.09,617.881,Lipid
Cholesterol,C6H23N2O6,615.61,1.94,68.309,Carbohydrate
Urea,C3H6N2O4,927.24,1.76,134.484,Carbohydrate
Urea,C1H4N0O5,545.48,5.93,241.056,Hormone
Glucose,C19H5N4O6,912.22,3.48,927.831,Nucleotide
Adrenaline,C3H21N4O1,462.29,N/A,935.801,Hormone
Dopamine,C12H28N1O9,577.66,1.48,998.917,Alkaloid
Adrenaline,C18H40N4O10,396.66,2.94,991.921,Lipid
Caffeine,C9H12N3O3,723.69,12.7,921.205,Carbohydrate
Caffeine,C15H12N0O0,548.11,N/A,255.879,Hormone
Serotonin,C15H2N3O6,215.6,12.26,425.551,Lipid
Ethanol,C7H40N0O6,565.96,8.59,924.253,Alkaloid
Adenosine triphosphate,C15H17N1O6,854.53,11.35,143.413,Carbohydrate
Aspirin,C6H30N5O6,286.1,12.3,233.395,Lipid
Aspirin,C11H22N2O4,938.24,N/A,854.951,Neurotransmitter
Adrenaline,C12H15N4O0,146.03,N/A,755.493,Lipid
Cholesterol,C7H32N3O1,396.69,9.18,57.265,Amide
Aspirin,C6H20N1O6,795.84,10.09,584.699,Neurotransmitter
Dopamine,C7H9N5O1,87.7,4.4,403.372,Amide
Serotonin,C2H26N3O10,770.7,10.99,154.614,Carbohydrate
Cholesterol,C13H3N5O4,450.41,N/A,64.183,Hormone
Adenosine triphosphate,C9H14N1O10,531.35,N/A,20.716,Neurotransmitter
Ethanol,C15H32N5O8,73.07,11.41,235.135,Carbohydrate
Aspirin,C16H19N3O0,847.95,13.09,601.302,Neurotransmitter
Caffeine,C7H11N5O0,668.81,2.62,412.921,Alkaloid
Caffeine,C13H4N5O6,165.75,6.08,452.808,Carbohydrate
Ethanol,C9H6N1O1,892.67,3.91,849.453,Organic Compound
Adrenaline,C13H10N1O1,369.38,4.66,946.593,Nucleotide
Glucose,C3H5N4O0,171.14,5.31,981.01,Neurotransmitter
Adrenaline,C10H23N2O10,222.09,12.44,299.82,Carbohydrate
Adenosine triphosphate,C14H14N2O2,853.02,1.5,733.394,Carbohydrate
Cholesterol,C8H38N0O9,149.44,1.11,63.398,Nucleotide
Urea,C4H8N0O7,851.53,N/A,866.582,Amide
Aspirin,C1H30N2O4,834.85,N/A,669.511,Organic Compound
Adrenaline,C7H25N0O2,628.06,9.84,492.323,Amide
Adenosine triphosphate,C11H4N2O0,852.27,9.9,791.108,Amide
Adrenaline,C8H28N4O8,700.33,N/A,945.718,Hormone
Adrenaline,C6H4N3O1,383.94,5.2,599.314,Carbohydrate
Dopamine,C4H12N2O9,260.79,3.33,425.479,Nucleotide
Adenosine triphosphate,C12H13N1O5,530.93,8.14,366.267,Lipid
Dopamine,C3H14N2O1,373.45,2.26,44.54,Amide
Caffeine,C7H21N4O5,781.56,1.76,941.875,Alkaloid
Serotonin,C1H34N3O6,253.27,3.63,259.403,Lipid
Glucose,C8H4N0O8,89.46,N/A,358.235,Nucleotide
Cholesterol,C8H4N1O8,521.93,1.32,334.38,Alkaloid
Urea,C2H21N3O4,788.74,9.59,328.173,Hormone
Urea,C2H10N1O0,876.18,N/A,747.156,Alcohol
Urea,C11H33N3O10,633.7,3.35,787.092,Lipid
Dopamine,C14H38N3O10,389.6,N/A,939.883,Amide
Urea,C16H29N4O9,565.84,12.4,459.555,Organic Compound
Adenosine triphosphate,C18H34N5O9,406.01,11.33,277.751,Amide
Caffeine,C4H27N1O10,536.64,3.57,852.167,Organic Compound
Serotonin,C17H16N5O6,204.12,13.34,980.679,Alkaloid
Caffeine,C4H12N3O1,734.13,11.76,290.688,Alcohol
Dopamine,C14H22N0O5,111.13,3.0,755.55,Neurotransmitter
Aspirin,C15H17N3O8,563.32,4.02,486.048,Amide
Caffeine,C17H20N5O1,886.61,12.15,22.521,Neurotransmitter
Adrenaline,C20H1N2O2,872.45,5.6,670.743,Neurotransmitter
Adrenaline,C20H39N0O2,399.56,N/A,886.951,Amide
Adenosine triphosphate,C9H29N5O6,500.04,2.99,756.829,Amide
Ethanol,C9H11N4O6,331.69,N/A,227.731,Neurotransmitter
Aspirin,C8H17N3O9,618.76,1.2,727.952,Hormone
Dopamine,C17H11N2O2,360.29,7.72,386.764,Neurotransmitter
Glucose,C2H1N4O1,417.75,10.79,711.461,Organic Compound
Aspirin,C1H39N4O1,506.62,12.98,28.681,Hormone
Glucose,C1H12N2O3,441.64,N/A,990.442,Organic Compound
Dopamine,C20H7N2O2,429.33,12.81,158.795,Nucleotide
Adrenaline,C4H19N4O4,748.21,10.46,861.01,Alkaloid
Caffeine,C9H39N1O1,631.27,7.4,681.115,Amide
Adrenaline,C8H9N5O8,648.21,13.41,437.811,Hormone
Aspirin,C20H16N3O4,975.07,2.15,350.703,Organic Compound
Glucose,C6H9N0O3,523.62,1.81,930.505,Organic Compound
Dopamine,C13H20N1O7,834.11,4.09,482.271,Carbohydrate
Adrenaline,C19H2N3O3,996.6,13.72,912.081,Lipid
Adrenaline,C6H5N4O7,167.28,8.11,610.684,Neurotransmitter
Caffeine,C5H23N3O8,463.25,11.61,7.897,Hormone
Adenosine triphosphate,C17H23N0O0,125.87,5.6,952.769,Carbohydrate
Cholesterol,C2H23N2O7,513.4,11.21,697.504,Carbohydrate
Adrenaline,C3H28N4O2,958.72,3.89,797.981,Alkaloid
Dopamine,C10H32N4O1,475.3,13.97,714.445,Lipid
Serotonin,C6H10N2O2,604.86,10.33,613.204,Hormone
Caffeine,C16H5N2O1,572.94,N/A,1.803,Alkaloid
Urea,C16H13N3O4,144.06,11.08,253.106,Carbohydrate
Aspirin,C10H30N2O2,540.73,11.45,496.491,Nucleotide
Serotonin,C9H37N4O1,933.33,6.4,767.352,Neurotransmitter
Adenosine triphosphate,C16H4N1O9,322.35,13.55,837.301,Nucleotide
Serotonin,C6H32N3O10,168.17,5.56,547.427,Organic Compound
Ethanol,C1H38N5O6,765.51,4.67,736.242,Carbohydrate
Cholesterol,C17H29N5O9,989.48,N/A,206.93,Neurotransmitter
Aspirin,C4H4N2O7,137.55,2.48,136.738,Nucleotide
Urea,C13H24N3O5,146.78,11.51,338.784,Organic Compound
Caffeine,C10H11N5O6,191.54,N/A,589.76,Nucleotide
Glucose,C15H39N5O9,248.18,12.69,703.648,Neurotransmitter
Caffeine,C3H5N3O9,879.05,13.62,892.041,Organic Compound
Serotonin,C3H4N2O4,535.8,7.63,464.71,Amide
Glucose,C17H27N0O7,408.11,10.52,625.778,Nucleotide
Cholesterol,C18H32N4O0,349.64,8.65,482.902,Hormone
Cholesterol,C11H6N5O1,749.23,8.07,74.269,Alcohol
Adrenaline,C2H28N2O2,198.05,3.76,41.331,Amide
Dopamine,C18H5N1O5,976.4,8.67,239.364,Lipid
Glucose,C11H24N2O1,771.23,10.49,968.792,Organic Compound
Adrenaline,C16H36N2O6,423.51,N/A,612.949,Amide
Serotonin,C4H6N0O3,476.73,N/A,210.165,Alkaloid
Aspirin,C5H8N0O6,533.87,8.31,649.889,Carbohydrate
Adrenaline,C8H6N0O10,983.09,8.91,978.964,Amide
Dopamine,C6H22N1O1,814.24,9.68,848.573,Amide
Urea,C16H3N4O2,962.57,1.47,773.036,Nucleotide
Dopamine,C4H6N1O1,925.58,3.84,671.16,Lipid
Glucose,C20H17N5O7,145.33,12.48,802.891,Hormone
Adenosine triphosphate,C13H8N3O9,464.17,1.28,613.784,Hormone
Aspirin,C7H33N5O0,438.35,7.92,588.943,Hormone
Dopamine,C10H30N1O1,755.92,10.86,733.984,Hormone
Ethanol,C3H36N5O10,457.6,4.2,414.341,Amide
Glucose,C1H33N4O2,505.35,13.06,325.3,Amide
Ethanol,C15H32N2O0,969.13,13.02,313.428,Neurotransmitter
Urea,C7H30N4O8,605.42,12.89,561.18,Amide
Adrenaline,C14H8N2O8,622.58,6.14,848.291,Lipid
Adenosine triphosphate,C18H10N4O7,721.1,1.84,299.265,Alkaloid
Caffeine,C5H36N1O2,452.77,1.15,95.752,Nucleotide
Caffeine,C3H20N0O9,972.21,11.76,856.582,Carbohydrate
Caffeine,C20H21N0O6,879.4,8.99,473.037,Hormone
Glucose,C19H17N5O9,138.42,3.57,332.729,Neurotransmitter
Ethanol,C5H40N3O9,651.36,1.35,975.755,Neurotransmitter
Adrenaline,C5H14N4O4,884.42,1.36,3.692,Amide
Adrenaline,C7H39N1O1,862.62,N/A,480.562,Neurotransmitter
Glucose,C10H6N0O6,301.94,13.2,289.023,Organic Compound
Dopamine,C11H19N0O0,196.63,11.98,986.724,Alkaloid
Dopamine,C9H3N4O10,701.67,N/A,127.659,Carbohydrate
Cholesterol,C20H7N5O9,439.57,7.09,253.678,Alkaloid
Dopamine,C18H8N5O4,832.59,N/A,857.359,Amide
Adrenaline,C13H4N5O8,132.84,3.66,361.229,Carbohydrate
Urea,C11H9N1O6,502.98,8.64,365.361,Alcohol
Adenosine triphosphate,C5H18N5O2,271.5,5.55,463.758,Alkaloid
Serotonin,C13H33N4O5,354.0,N/A,25.754,Neurotransmitter
Adenosine triphosphate,C5H40N5O3,212.1,11.77,659.288,Hormone
Adrenaline,C13H17N5O4,794.32,9.22,815.445,Amide
Serotonin,C4H19N5O0,415.18,7.49,330.846,Neurotransmitter
Caffeine,C6H5N1O8,657.81,N/A,313.015,Carbohydrate
Serotonin,C10H27N0O1,419.23,5.29,720.032,Alcohol
Ethanol,C7H13N3O6,786.6,13.41,449.575,Alcohol
Glucose,C7H37N1O6,671.61,1.64,535.434,Alkaloid
Ethanol,C15H30N0O10,921.79,6.98,67.154,Carbohydrate
Glucose,C15H6N5O2,268.4,5.89,865.685,Hormone
Adrenaline,C18H39N2O2,402.36,3.72,347.719,Alkaloid
Caffeine,C12H8N3O8,415.87,N/A,938.704,Alcohol
Adrenaline,C4H31N5O10,447.19,6.23,492.958,Organic Compound
Adenosine triphosphate,C7H14N1O2,388.56,2.35,509.175,Carbohydrate
Serotonin,C6H1N5O5,925.91,4.51,152.078,Amide
Ethanol,C1H6N3O1,386.28,8.98,418.962,Organic Compound
Aspirin,C3H16N1O4,814.74,N/A,445.697,Lipid
Cholesterol,C14H29N1O10,114.29,N/A,501.903,Carbohydrate
Dopamine,C1H38N2O10,322.3,12.6,682.626,Neurotransmitter
Urea,C12H15N5O9,961.46,13.08,78.132,Hormone
Adrenaline,C20H11N5O9,68.56,5.86,162.557,Amide
Cholesterol,C7H25N2O5,342.97,2.16,727.034,Neurotransmitter
Adrenaline,C18H17N3O9,65.39,N/A,572.742,Organic Compound
Caffeine,C16H26N0O5,80.07,N/A,695.75,Hormone
Adrenaline,C12H35N5O3,520.66,1.33,427.628,Alcohol
Urea,C15H17N2O5,152.17,11.3,39.694,Carbohydrate
Aspirin,C16H23N4O10,465.48,2.45,334.464,Alcohol
Adrenaline,C2H19N0O3,601.25,7.7,367.419,Hormone
Serotonin,C11H21N3O5,424.45,5.58,276.603,Organic Compound
Aspirin,C1H32N1O0,235.78,9.89,430.404,Lipid
Aspirin,C2H8N4O7,560.16,8.29,746.789,Alkaloid
Urea,C11H30N4O8,402.8,6.08,650.512,Neurotransmitter
Glucose,C2H28N0O4,625.01,4.47,332.929,Carbohydrate
Adenosine triphosphate,C17H4N3O2,535.93,12.75,411.717,Amide
Adrenaline,C10H9N1O2,557.08,N/A,179.038,Amide
Caffeine,C7H40N1O0,53.06,9.13,721.285,Lipid
Urea,C5H10N3O1,405.24,N/A,917.387,Alkaloid
Serotonin,C12H16N2O0,517.15,4.09,78.786,Hormone
Adenosine triphosphate,C6H16N5O8,576.06,N/A,235.203,Neurotransmitter
Dopamine,C12H22N4O1,549.99,4.94,134.906,Lipid
Adenosine triphosphate,C10H14N1O10,100.7,10.15,403.612,Nucleotide
Caffeine,C17H11N0O1,973.67,6.67,452.669,Carbohydrate
Adenosine triphosphate,C3H28N1O10,497.71,N/A,113.132,Amide
Caffeine,C5H23N3O10,166.72,2.4,295.229,Neurotransmitter
Aspirin,C19H2N2O7,119.16,1.05,921.755,Lipid
Serotonin,C8H37N2O0,174.9,1.01,683.606,Organic Compound
Dopamine,C19H30N1O0,933.67,13.73,24.079,Amide
Adenosine triphosphate,C14H6N3O8,196.46,1.18,430.418,Amide
Adrenaline,C16H25N3O9,717.26,6.83,232.6,Organic Compound
Urea,C6H1N4O8,914.23,9.56,94.514,Lipid
Glucose,C19H19N0O0,649.11,6.11,839.02,Hormone
Urea,C9H29N3O5,928.47,10.89,869.169,Nucleotide
Adrenaline,C3H20N0O7,256.13,6.74,347.808,Nucleotide
Cholesterol,C9H9N3O0,835.47,8.85,591.954,Alkaloid
Urea,C15H29N2O1,618.25,12.91,885.209,Nucleotide
Serotonin,C3H14N5O8,552.69,9.22,75.748,Amide
Dopamine,C10H24N5O0,406.68,4.81,449.96,Hormone
Urea,C3H16N3O10,728.47,8.55,972.697,Organic Compound
Urea,C18H36N4O6,782.62,N/A,108.631,Nucleotide
Caffeine,C14H38N0O0,580.8,7.48,605.256,Amide
Ethanol,C10H11N1O4,661.55,N/A,127.398,Alkaloid
Adenosine triphosphate,C8H32N3O4,344.08,7.0,772.964,Hormone
Adenosine triphosphate,C2H12N3O6,644.16,9.02,289.627,Alkaloid
Serotonin,C15H11N2O9,73.76,10.66,720.039,Organic Compound
Urea,C13H29N1O2,528.98,11.3,733.732,Hormone
Aspirin,C13H22N4O2,512.22,12.28,816.72,Nucleotide
Aspirin,C10H10N2O3,243.94,N/A,27.447,Alkaloid
Adrenaline,C2H18N0O5,802.36,3.0,35.919,Amide
Glucose,C18H28N1O10,989.95,8.78,443.731,Neurotransmitter
Aspirin,C8H40N5O1,455.39,9.93,440.103,Alcohol
Dopamine,C12H25N0O6,133.64,2.31,568.961,Carbohydrate
Cholesterol,C16H12N4O8,744.29,1.0,644.915,Organic Compound
Aspirin,C14H16N0O3,709.86,13.38,230.295,Organic Compound
Dopamine,C17H16N0O8,656.7,5.25,699.709,Alcohol
Adenosine triphosphate,C11H8N5O6,95.53,2.93,303.232,Carbohydrate
Cholesterol,C7H18N1O7,637.25,9.78,430.675,Carbohydrate
Glucose,C6H3N0O8,945.38,8.39,15.259,Hormone
Cholesterol,C17H29N4O8,276.12,1.37,766.956,Carbohydrate
Urea,C14H25N1O6,901.28,9.08,996.819,Neurotransmitter
Ethanol,C1H2N0O0,758.04,8.76,864.797,Alcohol
Caffeine,C1H37N1O4,369.24,1.62,851.625,Alkaloid
Cholesterol,C20H6N1O5,900.72,11.48,307.464,Carbohydrate
Cholesterol,C1H17N3O4,57.82,4.21,826.733,Organic Compound
Cholesterol,C13H23N4O10,133.56,2.49,228.636,Neurotransmitter
Aspirin,C9H25N3O3,441.11,3.07,9.514,Organic Compound
Urea,C9H26N0O0,390.75,11.57,437.873,Organic Compound
Urea,C12H7N0O6,888.55,9.72,139.298,Hormone
Ethanol,C18H5N5O7,570.88,N/A,635.302,Alkaloid
Adrenaline,C18H14N1O9,692.28,8.58,660.978,Organic Compound
Caffeine,C16H22N4O9,515.52,N/A,537.58,Neurotransmitter
Serotonin,C12H35N3O4,554.68,9.89,242.531,Alkaloid
Cholesterol,C20H27N2O0,481.42,7.41,584.122,Nucleotide
Adenosine triphosphate,C6H14N3O7,989.71,5.6,334.651,Neurotransmitter
Caffeine,C2H6N0O1,466.0,5.43,545.596,Carbohydrate
Urea,C4H14N3O4,529.96,5.81,292.41,Nucleotide
Dopamine,C1H13N1O0,671.0,N/A,596.446,Nucleotide
Adrenaline,C6H27N5O0,302.99,2.85,402.552,Carbohydrate
Adrenaline,C3H2N3O0,970.48,N/A,465.365,Lipid
Glucose,C6H6N5O10,776.86,9.13,72.951,Lipid
Glucose,C5H9N2O2,794.98,12.7,456.811,Alcohol
Serotonin,C6H8N5O10,316.57,12.62,916.867,Alcohol
Cholesterol,C8H35N5O2,862.37,N/A,576.725,Carbohydrate
Adrenaline,C3H22N3O10,718.34,10.34,409.085,Alkaloid
Aspirin,C7H16N3O3,183.65,11.58,647.245,Lipid
Caffeine,C3H24N0O9,640.2,12.5,816.04,Organic Compound
Adenosine triphosphate,C20H35N0O8,110.28,1.85,948.971,Alcohol
Urea,C14H24N3O10,997.72,4.57,530.149,Nucleotide
Cholesterol,C5H35N5O8,764.11,9.6,250.478,Nucleotide
Adrenaline,C10H37N0O2,123.37,11.1,784.851,Hormone
Ethanol,C5H28N4O6,235.53,4.67,970.415,Alcohol
Urea,C2H34N4O6,670.84,N/A,310.353,Alkaloid
Aspirin,C5H30N2O6,396.67,N/A,31.352,Amide
Dopamine,C10H2N4O10,634.26,4.65,288.437,Nucleotide
Ethanol,C20H2N5O4,709.54,3.66,541.26,Neurotransmitter
Aspirin,C10H27N4O8,387.97,6.31,795.584,Carbohydrate
Caffeine,C4H30N0O5,337.07,1.36,129.956,Amide
Cholesterol,C8H7N2O0,117.24,10.82,391.989,Alkaloid
Cholesterol,C8H9N2O1,466.37,4.74,57.292,Organic Compound
Ethanol,C3H24N0O6,248.19,13.38,626.508,Nucleotide
Adrenaline,C10H31N0O9,296.11,N/A,171.324,Alcohol
Serotonin,C1H3N3O2,310.5,1.28,870.119,Alkaloid
Cholesterol,C19H32N4O6,272.71,1.13,583.326,Lipid
Adrenaline,C18H39N1O5,145.89,2.58,665.768,Alcohol
Adrenaline,C10H14N3O3,321.04,8.83,428.821,Lipid
Glucose,C3H28N3O10,186.77,2.94,493.392,Nucleotide
Serotonin,C17H1N1O6,438.01,9.54,184.428,Lipid
Adrenaline,C9H11N5O4,643.85,N/A,236.325,Nucleotide
Dopamine,C17H15N1O5,886.64,12.77,196.996,Carbohydrate
Cholesterol,C7H31N3O6,349.86,5.88,693.945,Alkaloid
Caffeine,C8H4N1O1,137.41,N/A,175.593,Amide
Urea,C8H19N2O1,644.86,11.65,627.647,Neurotransmitter
Dopamine,C17H31N2O4,648.64,12.02,709.859,Carbohydrate
Caffeine,C10H9N2O4,711.11,8.33,865.475,Alcohol
Adenosine triphosphate,C16H35N4O3,51.02,2.35,236.718,Lipid
Adenosine triphosphate,C8H39N1O8,471.26,10.28,768.199,Alkaloid
Cholesterol,C8H36N5O7,307.06,4.26,287.519,Organic Compound
Ethanol,C3H9N3O6,198.08,9.55,348.363,Amide
Aspirin,C1H37N3O9,122.09,13.11,888.883,Organic Compound
Caffeine,C8H34N1O2,98.23,N/A,397.58,Organic Compound
Ethanol,C16H7N0O0,801.6,N/A,841.035,Neurotransmitter
Adrenaline,C20H23N4O0,477.51,4.38,957.175,Neurotransmitter
Ethanol,C11H39N4O3,154.02,2.67,444.506,Nucleotide
Adenosine triphosphate,C8H7N5O1,865.55,7.87,171.473,Alcohol
Dopamine,C8H9N4O4,176.79,3.76,488.087,Alkaloid
Ethanol,C10H27N1O7,470.56,12.66,970.445,Organic Compound
Glucose,C9H33N2O4,541.28,3.41,277.699,Alcohol
Dopamine,C4H9N4O9,145.81,1.96,466.132,Organic Compound
Aspirin,C13H10N5O0,436.97,1.29,849.317,Hormone
Aspirin,C5H36N2O7,898.06,5.34,557.279,Hormone
Ethanol,C16H2N1O5,450.12,12.79,563.764,Carbohydrate
Caffeine,C10H37N3O7,251.18,12.21,11.692,Carbohydrate
Dopamine,C9H7N5O10,442.37,12.76,794.541,Organic Compound
Urea,C6H35N3O4,757.95,N/A,538.663,Lipid
Adrenaline,C9H12N5O2,283.73,12.2,210.505,Carbohydrate
Adrenaline,C3H30N5O8,818.78,N/A,752.479,Carbohydrate
Ethanol,C5H28N3O0,908.42,11.27,278.073,Nucleotide
Adrenaline,C16H38N4O9,776.95,N/A,890.932,Neurotransmitter
Adenosine triphosphate,C5H37N0O5,522.13,1.06,291.817,Alcohol
Urea,C1H22N5O1,73.07,1.84,915.052,Organic Compound
Urea,C16H22N4O7,93.81,8.81,743.163,Carbohydrate
Serotonin,C17H24N4O0,370.51,4.53,759.216,Alcohol
Aspirin,C16H21N2O5,589.41,11.98,567.126,Neurotransmitter
Serotonin,C9H9N4O1,870.18,13.75,836.685,Alkaloid
Adrenaline,C20H8N4O9,699.84,4.86,112.953,Organic Compound
Dopamine,C11H37N0O8,554.58,3.77,409.488,Amide
Adrenaline,C12H13N5O6,869.65,9.14,349.117,Alkaloid
Dopamine,C3H39N1O2,198.18,8.96,504.26,Neurotransmitter
Serotonin,C17H1N3O4,689.04,13.02,616.033,Nucleotide
Dopamine,C2H37N0O6,461.67,5.15,68.961,Alcohol
Cholesterol,C12H1N3O4,99.19,N/A,362.091,Alcohol
Glucose,C11H18N3O7,666.25,11.93,629.046,Organic Compound
Adrenaline,C8H14N1O8,869.25,13.39,161.326,Alcohol
Urea,C13H21N2O0,683.54,11.15,457.873,Nucleotide
Caffeine,C2H9N1O7,781.45,4.66,198.666,Neurotransmitter
Urea,C9H20N5O4,649.07,12.31,558.264,Amide
Caffeine,C16H35N4O2,80.66,4.14,209.901,Nucleotide
Adenosine triphosphate,C7H35N5O5,933.31,2.14,775.003,Organic Compound
Dopamine,C15H32N3O7,557.37,6.86,467.625,Nucleotide
Glucose,C3H10N4O10,960.76,9.6,268.279,Alkaloid
Aspirin,C6H38N2O4,932.13,2.0,127.624,Organic Compound
Caffeine,C2H18N1O1,183.06,10.68,626.058,Organic Compound
Serotonin,C7H16N5O6,953.52,10.25,486.058,Carbohydrate
Adrenaline,C20H35N1O2,285.75,3.22,840.935,Amide
Serotonin,C4H24N0O5,557.47,3.33,46.686,Carbohydrate
Cholesterol,C1H38N0O3,267.16,11.65,696.23,Alcohol
Dopamine,C9H38N5O5,928.67,5.79,533.102,Neurotransmitter
Aspirin,C14H15N5O7,835.16,6.18,548.507,Organic Compound
Aspirin,C5H25N1O2,607.94,7.7,745.732,Alkaloid
Caffeine,C6H30N5O1,203.79,7.16,522.613,Neurotransmitter
Cholesterol,C18H23N5O2,573.63,7.09,144.134,Alcohol
Ethanol,C3H15N2O9,50.47,2.72,471.955,Hormone
Dopamine,C19H30N4O8,243.75,N/A,17.814,Alkaloid
Adenosine triphosphate,C13H4N4O10,665.79,12.41,782.227,Organic Compound
Dopamine,C4H35N3O10,834.9,2.21,345.081,Hormone
Ethanol,C14H1N1O2,937.82,3.66,658.428,Neurotransmitter
Adenosine triphosphate,C18H19N4O2,819.08,4.69,166.312,Hormone
Adrenaline,C13H7N1O7,842.51,1.52,217.22,Alkaloid
Ethanol,C20H2N1O1,872.6,4.18,218.32,Alcohol
Cholesterol,C9H4N3O1,689.04,N/A,336.804,Amide
Adrenaline,C1H37N5O0,391.12,2.69,862.442,Carbohydrate
Urea,C4H35N5O6,271.76,5.72,474.974,Carbohydrate
Serotonin,C10H30N3O1,252.63,N/A,163.026,Hormone
Urea,C7H1N1O4,742.68,8.31,265.748,Alkaloid
Caffeine,C15H29N5O0,806.75,2.98,368.415,Alcohol
Adrenaline,C4H3N3O5,521.72,1.92,712.686,Carbohydrate
Aspirin,C2H11N0O10,469.91,N/A,41.157,Alcohol
Adrenaline,C19H40N5O3,284.16,3.91,480.391,Neurotransmitter
Cholesterol,C11H11N1O4,825.83,N/A,16.193,Neurotransmitter
Adrenaline,C12H14N3O4,560.11,3.67,43.716,Alkaloid
Dopamine,C8H3N4O7,172.62,11.25,513.384,Carbohydrate
Adrenaline,C3H23N2O1,547.21,N/A,162.545,Amide
Cholesterol,C3H33N3O3,767.03,12.34,474.261,Carbohydrate
Ethanol,C4H1N4O9,199.6,1.01,263.016,Carbohydrate
Aspirin,C20H9N4O5,407.94,6.3,730.143,Carbohydrate
Aspirin,C15H2N3O7,893.57,3.06,469.802,Alkaloid
Serotonin,C4H12N2O4,240.89,2.38,90.606,Neurotransmitter
Aspirin,C15H6N4O8,151.22,2.38,687.647,Carbohydrate
Dopamine,C14H26N4O9,869.65,N/A,888.75,Hormone
Aspirin,C15H30N0O6,353.91,5.49,573.77,Amide
Caffeine,C15H20N4O9,253.33,8.09,580.505,Amide
Aspirin,C11H20N0O5,625.28,1.93,212.744,Nucleotide
Adrenaline,C11H26N4O9,364.54,6.03,49.076,Alkaloid
Dopamine,C9H18N4O10,570.85,3.98,982.539,Organic Compound
Adenosine triphosphate,C4H23N1O7,328.75,11.58,333.412,Nucleotide
Ethanol,C6H2N1O7,720.5,N/A,803.515,Hormone
Serotonin,C8H32N0O7,164.75,3.08,238.731,Lipid
Adrenaline,C9H16N1O5,234.16,N/A,665.078,Organic Compound
Serotonin,C10H14N3O4,965.34,N/A,20.98,Lipid
Caffeine,C19H4N1O7,804.47,7.99,261.995,Organic Compound
Adrenaline,C14H34N5O9,89.25,8.54,802.761,Alkaloid
Glucose,C11H33N5O2,178.14,8.61,929.271,Lipid
Glucose,C3H16N2O1,288.21,3.11,73.366,Organic Compound
Glucose,C14H23N0O9,325.94,11.9,695.336,Carbohydrate
Dopamine,C18H16N2O6,176.47,11.18,187.768,Alcohol
Adrenaline,C4H17N2O3,421.7,N/A,878.317,Carbohydrate
Serotonin,C15H35N0O8,941.59,8.51,707.509,Carbohydrate
Adenosine triphosphate,C13H30N1O8,847.93,8.87,587.628,Carbohydrate
Aspirin,C5H30N3O0,507.16,7.21,928.779,Alcohol
Adenosine triphosphate,C6H21N3O8,886.0,9.96,342.586,Amide
Cholesterol,C8H20N4O8,109.73,4.5,132.782,Nucleotide
Dopamine,C17H3N0O0,191.28,5.88,326.881,Hormone
Aspirin,C5H9N4O0,160.36,2.14,475.621,Neurotransmitter
Serotonin,C7H27N5O4,595.93,13.56,142.02,Hormone
Cholesterol,C14H31N4O10,254.21,3.36,136.025,Lipid
Cholesterol,C19H14N0O1,898.65,1.82,378.299,Organic Compound
Cholesterol,C8H27N3O9,121.25,12.96,776.839,Neurotransmitter
Caffeine,C1H16N2O1,463.18,2.8,973.928,Alkaloid
Ethanol,C11H28N4O9,291.74,8.1,815.652,Alkaloid
Caffeine,C18H32N1O0,864.91,8.78,435.785,Amide
Aspirin,C10H22N4O2,637.94,12.13,302.259,Nucleotide
Adenosine triphosphate,C4H29N0O7,96.07,3.01,515.986,Lipid
Glucose,C9H35N5O6,729.02,8.04,707.651,Alkaloid
Glucose,C10H26N5O3,430.25,8.9,156.435,Amide
Caffeine,C2H15N2O7,350.27,N/A,978.103,Hormone
Ethanol,C4H10N5O10,330.53,N/A,386.37,Nucleotide
Glucose,C5H24N4O6,133.1,N/A,498.181,Neurotransmitter
Aspirin,C12H26N1O1,876.39,12.33,638.338,Carbohydrate
Adrenaline,C9H35N4O2,755.67,3.38,306.994,Organic Compound
Serotonin,C15H34N0O4,595.1,4.72,14.484,Carbohydrate
Aspirin,C20H2N3O6,161.98,9.44,140.339,Nucleotide
Adrenaline,C7H18N1O4,923.27,N/A,711.418,Alkaloid
Serotonin,C1H35N0O2,172.59,N/A,885.752,Nucleotide
Aspirin,C2H6N4O3,396.78,12.88,687.366,Organic Compound
Cholesterol,C7H10N2O5,794.37,11.0,111.007,Organic Compound
Cholesterol,C9H9N5O10,565.59,8.98,800.111,Organic Compound
Cholesterol,C1H24N3O3,691.18,12.58,427.977,Lipid
Adrenaline,C9H2N0O8,190.49,11.25,709.361,Amide
Serotonin,C19H11N2O0,92.36,13.72,930.426,Hormone
Adenosine triphosphate,C10H36N3O9,687.29,12.75,895.556,Hormone
Glucose,C12H40N5O3,901.07,12.47,254.315,Carbohydrate
Ethanol,C14H3N0O3,205.32,N/A,301.751,Nucleotide
Serotonin,C9H38N3O10,763.27,N/A,85.817,Alcohol
Adenosine triphosphate,C15H11N2O5,274.7,1.18,285.49,Nucleotide
Adrenaline,C16H6N3O0,537.35,2.8,971.155,Lipid
Dopamine,C17H14N5O8,709.04,4.59,243.663,Alcohol
Adrenaline,C14H4N5O9,737.64,2.4,137.909,Alkaloid
Ethanol,C19H24N0O8,67.53,N/A,769.357,Neurotransmitter
Aspirin,C4H28N2O1,505.64,10.59,13.723,Organic Compound
Adenosine triphosphate,C7H28N0O10,953.44,6.56,955.337,Nucleotide
Adenosine triphosphate,C11H5N1O0,758.32,6.89,536.074,Nucleotide
Serotonin,C10H16N0O7,110.87,10.77,503.985,Organic Compound
Dopamine,C15H20N4O6,985.41,1.46,983.428,Carbohydrate
Adrenaline,C8H32N2O5,55.67,8.79,679.21,Hormone
Adrenaline,C1H2N5O6,940.85,N/A,928.327,Neurotransmitter
Adrenaline,C3H18N4O2,592.3,6.16,885.199,Organic Compound
Aspirin,C20H19N1O1,201.63,N/A,442.708,Alcohol
Ethanol,C1H28N2O3,674.42,5.17,8.984,Neurotransmitter
Serotonin,C20H20N2O4,577.23,N/A,933.003,Alcohol
Serotonin,C7H1N1O5,956.71,N/A,128.492,Lipid
Cholesterol,C15H23N3O7,974.94,6.55,564.364,Amide
Cholesterol,C8H23N2O4,146.36,N/A,664.155,Alcohol
Aspirin,C5H23N4O0,974.23,1.12,409.859,Lipid
Ethanol,C10H37N5O2,835.31,3.27,974.753,Organic Compound
Caffeine,C12H1N0O5,189.23,N/A,918.661,Lipid
Caffeine,C10H37N1O9,497.97,3.65,933.6,Alkaloid
Cholesterol,C19H34N3O7,148.17,10.61,304.81,Alcohol
Urea,C1H12N0O6,501.54,13.47,474.708,Lipid
Urea,C6H23N1O5,606.14,12.46,113.887,Organic Compound
Serotonin,C7H14N0O7,737.77,11.68,880.295,Amide
Serotonin,C6H1N3O5,65.85,4.67,395.842,Alcohol
Adenosine triphosphate,C1H3N5O9,680.49,5.37,434.191,Alcohol
Urea,C5H21N2O0,800.39,8.66,178.417,Alcohol
Caffeine,C2H7N2O5,938.63,3.81,787.598,Neurotransmitter
Ethanol,C18H18N3O8,354.03,9.16,678.212,Nucleotide
Aspirin,C5H38N0O6,753.04,1.55,405.984,Lipid
Glucose,C4H9N4O2,479.33,5.48,282.233,Lipid
Adenosine triphosphate,C19H17N0O1,912.36,11.45,611.009,Neurotransmitter
Dopamine,C7H29N0O3,299.18,8.93,524.368,Alkaloid
Adenosine triphosphate,C9H30N0O10,702.06,12.12,768.375,Nucleotide
Glucose,C20H40N2O7,781.59,6.39,955.067,Nucleotide
Glucose,C4H10N4O0,384.99,1.46,969.952,Lipid
Serotonin,C5H28N0O5,484.7,10.52,562.82,Neurotransmitter
Cholesterol,C13H9N2O10,425.92,6.54,118.915,Alcohol
Adenosine triphosphate,C14H21N1O3,921.1,3.3,885.205,Amide
Adenosine triphosphate,C12H29N3O1,401.9,N/A,302.566,Hormone
Caffeine,C10H29N2O10,455.71,12.09,290.246,Neurotransmitter
Caffeine,C18H1N4O7,459.38,N/A,591.629,Lipid
Glucose,C1H27N2O3,301.11,9.04,196.69,Neurotransmitter
Adrenaline,C7H7N2O6,580.36,13.86,316.331,Neurotransmitter
Urea,C9H19N4O2,574.08,N/A,668.623,Organic Compound
Dopamine,C11H28N5O10,848.89,4.64,462.882,Carbohydrate
Glucose,C13H15N5O1,510.2,N/A,670.465,Amide
Dopamine,C18H5N5O8,331.73,11.62,784.169,Alkaloid
Cholesterol,C10H6N2O4,538.19,4.83,582.71,Carbohydrate
Cholesterol,C4H1N5O2,513.13,6.79,108.285,Alkaloid
Urea,C14H36N1O0,834.57,6.25,717.868,Hormone
Dopamine,C20H2N1O5,672.78,1.55,610.365,Lipid
Urea,C17H25N5O3,962.48,12.55,762.076,Neurotransmitter
Urea,C14H27N0O10,238.86,1.31,287.563,Neurotransmitter
Serotonin,C2H21N0O4,862.12,12.13,640.832,Organic Compound
Glucose,C6H29N0O0,391.5,11.96,627.403,Alkaloid
Serotonin,C20H36N5O6,736.3,2.14,341.782,Nucleotide
Dopamine,C16H5N5O9,504.67,13.37,567.012,Alcohol
Adenosine triphosphate,C11H3N5O8,802.27,11.29,733.189,Amide
Adenosine triphosphate,C3H18N0O3,513.02,1.04,819.458,Carbohydrate
Aspirin,C14H32N0O8,688.25,12.98,882.432,Carbohydrate
Adrenaline,C17H30N0O6,391.07,N/A,689.057,Nucleotide
Cholesterol,C1H21N0O7,837.61,2.17,895.064,Organic Compound
Cholesterol,C15H34N2O6,215.03,10.35,800.372,Carbohydrate
Caffeine,C17H6N1O10,468.86,5.82,101.605,Alcohol
Adrenaline,C7H25N1O9,998.78,1.19,224.415,Alkaloid
Ethanol,C11H33N5O7,296.35,1.65,915.697,Amide
Adenosine triphosphate,C10H1N2O2,654.86,N/A,98.462,Alcohol
Adenosine triphosphate,C20H17N0O0,631.51,9.09,474.426,Amide
Urea,C17H21N2O7,444.58,3.09,966.258,Nucleotide
Adrenaline,C15H29N4O1,532.97,9.21,959.711,Amide
Ethanol,C14H8N0O3,176.94,1.73,876.914,Alkaloid
Dopamine,C15H18N1O5,844.84,N/A,704.301,Neurotransmitter
Adrenaline,C13H39N2O4,361.06,10.45,644.873,Hormone
Serotonin,C16H29N2O2,669.78,7.09,933.465,Alkaloid
Glucose,C12H28N2O9,162.9,12.82,949.554,Nucleotide
Adrenaline,C13H5N3O8,669.37,3.77,364.289,Nucleotide
Caffeine,C12H34N5O5,908.11,7.74,890.746,Lipid
Ethanol,C4H37N2O9,801.3,12.29,579.746,Lipid
Ethanol,C13H27N3O3,672.27,9.24,637.861,Neurotransmitter
Urea,C8H31N0O6,558.65,3.85,477.589,Neurotransmitter
Aspirin,C15H30N1O1,930.35,1.52,173.138,Alcohol
Urea,C12H38N5O2,794.91,13.78,334.678,Alkaloid
Ethanol,C18H14N2O1,678.95,9.78,160.373,Neurotransmitter
Caffeine,C3H36N4O3,315.84,5.73,639.647,Hormone
Adenosine triphosphate,C16H32N0O4,59.65,N/A,108.88,Alkaloid
Urea,C10H32N2O6,646.82,N/A,338.914,Neurotransmitter
Caffeine,C8H30N1O9,734.32,7.33,47.842,Hormone
Adrenaline,C10H31N5O7,121.6,7.64,824.421,Neurotransmitter
Urea,C3H33N4O3,606.12,12.09,128.376,Alkaloid
Ethanol,C16H2N0O5,820.93,5.24,591.422,Carbohydrate
Cholesterol,C3H24N1O9,579.78,5.38,509.806,Organic Compound
Aspirin,C4H19N0O8,522.28,N/A,756.777,Carbohydrate
Urea,C4H1N1O5,647.21,11.21,354.213,Hormone
Caffeine,C10H10N3O4,498.76,7.5,363.435,Alkaloid
Ethanol,C4H18N2O6,77.63,4.82,901.155,Neurotransmitter
Adenosine triphosphate,C13H23N3O3,745.53,9.79,489.673,Neurotransmitter
Ethanol,C17H27N1O0,488.12,2.55,922.191,Lipid
Cholesterol,C17H30N0O0,659.76,N/A,571.637,Organic Compound
Dopamine,C6H40N5O0,560.8,10.29,11.385,Lipid
Adrenaline,C4H6N0O6,72.62,5.54,539.4,Alkaloid
Cholesterol,C4H4N1O9,278.76,12.11,189.274,Organic Compound
Cholesterol,C18H10N3O6,201.25,7.72,108.445,Lipid
Adenosine triphosphate,C20H5N5O10,245.46,N/A,585.912,Carbohydrate
Caffeine,C9H20N3O3,848.06,3.64,283.017,Amide
Aspirin,C19H23N5O9,570.99,13.24,71.559,Amide
Urea,C14H18N0O6,72.2,N/A,653.066,Organic Compound
Adrenaline,C11H15N5O6,304.7,11.36,500.34,Organic Compound
Dopamine,C15H16N5O0,90.26,1.24,254.145,Lipid
Adrenaline,C8H7N1O2,96.27,9.73,784.611,Alcohol
Adenosine triphosphate,C8H4N0O2,677.0,13.24,816.722,Alkaloid
Adrenaline,C7H1N5O2,866.6,3.72,696.951,Nucleotide
Caffeine,C20H23N3O1,779.19,N/A,506.612,Neurotransmitter
Dopamine,C14H17N4O1,520.57,1.94,633.269,Nucleotide
Caffeine,C14H27N5O0,668.98,N/A,739.586,Amide
Adenosine triphosphate,C18H37N0O0,521.29,N/A,428.287,Carbohydrate
Urea,C10H13N0O4,922.25,12.95,780.652,Amide
Adenosine triphosphate,C15H26N4O0,481.11,N/A,896.288,Amide
Caffeine,C15H12N2O2,753.37,N/A,215.442,Alcohol
Dopamine,C17H17N0O3,356.92,8.02,799.191,Lipid
Urea,C12H5N4O5,369.48,2.59,309.415,Lipid
Glucose,C17H24N5O9,879.9,2.43,188.341,Alcohol
Ethanol,C6H9N4O3,829.25,5.16,520.255,Organic Compound
Glucose,C12H37N2O7,335.32,N/A,603.93,Organic Compound
Serotonin,C18H37N2O5,117.66,9.47,946.957,Organic Compound
Glucose,C13H3N0O3,397.28,1.48,627.219,Hormone
Glucose,C9H26N3O6,980.8,9.48,419.736,Nucleotide
Dopamine,C16H36N1O2,372.44,8.81,44.601,Hormone
Caffeine,C20H11N2O6,184.31,N/A,148.12,Neurotransmitter
Ethanol,C20H4N5O2,555.99,N/A,729.871,Nucleotide
Urea,C8H33N0O9,680.69,10.15,355.129,Organic Compound
Caffeine,C4H32N3O0,272.21,10.16,291.931,Nucleotide
Dopamine,C16H33N2O2,844.79,8.48,117.926,Alcohol
Caffeine,C17H30N3O2,382.77,4.61,280.162,Alkaloid
Serotonin,C11H4N0O5,218.66,6.43,97.29,Neurotransmitter
Serotonin,C9H29N2O7,990.47,13.7,120.88,Nucleotide
Serotonin,C1H9N4O7,407.82,13.1,489.242,Alcohol
Cholesterol,C11H34N4O0,560.58,N/A,180.198,Hormone
Urea,C20H9N4O8,654.46,N/A,909.829,Nucleotide
Serotonin,C10H21N4O4,351.32,N/A,276.973,Alcohol
Serotonin,C20H13N0O1,478.29,1.27,182.098,Alkaloid
Aspirin,C2H37N2O3,901.65,1.64,485.753,Neurotransmitter
Aspirin,C8H13N0O10,74.21,N/A,76.427,Neurotransmitter
Urea,C20H25N4O10,669.17,2.82,882.002,Amide
Cholesterol,C17H10N5O3,75.52,5.46,770.966,Alkaloid
Adenosine triphosphate,C10H24N2O7,469.99,N/A,671.991,Hormone
Adenosine triphosphate,C10H12N3O4,917.4,6.58,749.72,Nucleotide
Caffeine,C5H3N2O10,512.0,8.91,863.146,Alkaloid
Urea,C7H33N2O9,221.28,4.99,990.479,Organic Compound
Adrenaline,C17H16N4O3,744.2,5.52,455.9,Organic Compound
Caffeine,C10H17N5O2,367.84,3.71,580.306,Carbohydrate
Adrenaline,C14H24N5O2,219.19,1.38,411.581,Lipid
Dopamine,C8H35N4O1,368.73,4.27,738.576,Nucleotide
Aspirin,C17H25N0O3,173.29,2.49,101.623,Alkaloid
Adenosine triphosphate,C11H31N2O0,427.9,8.27,306.178,Organic Compound
Urea,C17H35N0O8,71.87,5.35,85.313,Organic Compound
Ethanol,C17H40N2O1,842.42,12.57,543.77,Hormone
Adenosine triphosphate,C6H8N3O5,132.03,4.44,109.066,Carbohydrate
Urea,C14H1N0O1,271.09,N/A,609.224,Hormone
Adrenaline,C13H12N0O2,626.25,6.24,82.063,Nucleotide
Cholesterol,C3H27N2O7,801.6,N/A,250.032,Amide
Glucose,C8H12N1O3,982.63,11.87,343.996,Carbohydrate
Cholesterol,C13H2N1O0,572.43,N/A,317.204,Alkaloid
Serotonin,C16H14N2O1,371.5,3.03,426.045,Lipid
Adenosine triphosphate,C9H37N3O0,566.29,N/A,906.277,Organic Compound
Adrenaline,C15H3N2O8,954.69,9.19,276.08,Lipid
Glucose,C19H35N2O7,387.26,N/A,793.151,Carbohydrate
Urea,C16H3N3O10,647.47,5.86,241.589,Neurotransmitter
Glucose,C8H33N5O4,291.85,13.77,113.377,Alkaloid
Ethanol,C7H28N0O0,994.52,6.0,870.933,Lipid
Urea,C15H4N1O0,567.79,5.17,801.827,Hormone
Dopamine,C14H5N2O8,719.63,6.01,181.11,Carbohydrate
Glucose,C15H35N0O8,751.36,N/A,353.116,Neurotransmitter
Adenosine triphosphate,C17H5N3O1,936.97,7.89,181.354,Lipid
Adrenaline,C4H27N4O6,413.39,N/A,923.85,Nucleotide
Dopamine,C12H40N4O7,64.87,N/A,208.646,Lipid
Aspirin,C20H10N4O0,940.69,N/A,456.029,Organic Compound
Ethanol,C1H37N2O8,433.88,10.29,761.881,Neurotransmitter
Ethanol,C6H34N3O2,832.62,N/A,762.923,Neurotransmitter
Dopamine,C16H34N0O7,398.44,11.89,727.115,Alcohol
Glucose,C9H4N4O6,125.08,12.66,297.648,Nucleotide
Aspirin,C5H13N4O10,938.04,6.24,575.805,Neurotransmitter
Glucose,C8H20N1O2,637.76,5.54,723.513,Alcohol
Adrenaline,C10H9N3O7,628.62,4.86,702.626,Hormone
Ethanol,C5H25N4O2,447.01,1.41,622.724,Organic Compound
Adenosine triphosphate,C4H24N3O8,391.32,8.94,268.45,Lipid
Glucose,C19H27N4O7,222.45,5.53,413.529,Carbohydrate
Cholesterol,C3H11N0O9,446.47,10.74,662.624,Alcohol
Adrenaline,C10H34N5O3,690.83,11.77,161.869,Carbohydrate
Urea,C7H9N0O10,760.46,13.41,894.513,Nucleotide
Serotonin,C13H10N5O1,440.24,8.89,448.276,Organic Compound
Serotonin,C18H36N5O4,156.03,3.0,5.902,Amide
Dopamine,C1H38N3O1,187.26,4.67,268.524,Lipid
Serotonin,C10H3N0O1,972.23,N/A,783.254,Alkaloid
Serotonin,C7H18N4O10,797.23,10.26,188.322,Lipid
Cholesterol,C14H13N5O8,289.32,N/A,109.87,Alkaloid
Adrenaline,C16H6N2O10,675.93,N/A,141.109,Alkaloid
Ethanol,C13H27N2O7,451.71,1.46,582.609,Organic Compound
Caffeine,C7H1N0O10,377.99,11.39,528.714,Alkaloid
Cholesterol,C11H11N4O4,112.14,9.65,19.955,Alcohol
Dopamine,C5H30N5O9,679.77,7.95,706.416,Hormone
Serotonin,C2H15N0O5,846.97,12.97,485.683,Organic Compound
Adrenaline,C3H22N4O8,985.32,10.42,84.849,Lipid
Cholesterol,C1H9N5O0,763.02,1.05,702.502,Carbohydrate
Adenosine triphosphate,C8H7N4O8,840.72,11.48,955.575,Alcohol
Aspirin,C11H8N3O2,680.4,7.24,425.005,Alkaloid
Aspirin,C19H14N5O2,227.83,8.9,874.448,Hormone
Serotonin,C15H40N2O8,934.25,1.52,157.539,Lipid
Ethanol,C2H36N4O5,610.87,N/A,460.216,Lipid
Glucose,C16H39N2O9,802.86,2.53,273.592,Lipid
Cholesterol,C2H23N4O10,781.44,4.31,35.822,Alcohol
Adenosine triphosphate,C16H36N4O3,324.44,9.81,758.108,Amide
Adenosine triphosphate,C20H35N2O7,419.88,3.55,53.978,Lipid
Ethanol,C6H37N4O0,536.44,9.85,607.088,Neurotransmitter
Adenosine triphosphate,C15H14N4O9,938.56,N/A,413.783,Hormone
Adrenaline,C9H27N4O1,290.99,8.27,489.125,Carbohydrate
Cholesterol,C14H19N2O9,871.53,5.73,331.124,Alkaloid
Adrenaline,C14H36N0O6,357.59,10.09,923.749,Hormone
Adenosine triphosphate,C18H19N3O8,200.84,3.78,586.116,Carbohydrate
Serotonin,C3H1N3O9,862.04,6.82,144.58,Alcohol
Adenosine triphosphate,C16H38N1O4,303.26,N/A,99.402,Alkaloid
Cholesterol,C9H37N1O7,335.12,N/A,823.525,Neurotransmitter
Adenosine triphosphate,C3H10N2O3,155.3,6.59,939.729,Alkaloid
Adenosine triphosphate,C12H1N0O8,454.28,11.42,659.117,Nucleotide
Ethanol,C18H10N2O5,936.68,10.96,993.395,Carbohydrate
Glucose,C4H39N2O3,881.23,6.18,944.664,Neurotransmitter
Aspirin,C8H23N2O9,804.36,3.53,4.479,Hormone
Cholesterol,C2H14N3O9,957.15,10.34,806.855,Nucleotide
Cholesterol,C11H31N1O7,645.68,12.56,717.953,Neurotransmitter
Dopamine,C13H27N2O5,391.69,N/A,892.706,Hormone
Urea,C4H23N4O1,836.29,N/A,378.486,Nucleotide
Caffeine,C16H21N5O4,425.41,4.16,463.57,Nucleotide
Aspirin,C1H16N1O3,626.91,13.87,228.804,Neurotransmitter
Adenosine triphosphate,C6H23N4O7,569.31,5.25,884.806,Nucleotide
Adrenaline,C4H33N0O5,140.16,3.9,525.137,Alcohol
Dopamine,C18H33N3O5,790.21,3.45,360.368,Carbohydrate
Dopamine,C14H39N1O1,721.74,10.31,536.919,Amide
Glucose,C19H40N4O10,991.06,N/A,66.32,Nucleotide
Aspirin,C7H33N0O7,638.36,7.29,972.895,Organic Compound
Glucose,C2H20N1O6,995.34,9.52,609.555,Carbohydrate
Adenosine triphosphate,C2H8N4O6,880.54,7.97,116.876,Alkaloid
Aspirin,C3H9N4O1,841.91,N/A,264.069,Carbohydrate
Ethanol,C19H11N4O0,846.72,7.39,482.108,Lipid
Adrenaline,C12H38N1O7,811.92,8.29,143.334,Alkaloid
Adenosine triphosphate,C10H14N5O10,933.57,10.48,444.391,Alkaloid
Urea,C12H2N5O1,293.06,8.66,399.812,Hormone
Caffeine,C19H25N0O3,84.07,2.55,691.172,Hormone
Adenosine triphosphate,C9H34N5O1,94.95,6.24,345.464,Organic Compound
Urea,C2H30N1O2,711.44,5.01,85.479,Nucleotide
Serotonin,C1H36N5O1,55.5,9.33,591.318,Hormone
Adrenaline,C13H25N3O8,645.33,N/A,585.512,Alkaloid
Caffeine,C6H32N5O0,278.32,11.52,988.207,Organic Compound
Cholesterol,C19H15N1O8,289.22,1.56,636.69,Amide
Urea,C8H5N4O4,754.77,4.8,770.685,Amide
Cholesterol,C4H2N3O0,74.95,8.01,604.182,Organic Compound
Serotonin,C16H17N0O7,785.02,N/A,224.615,Organic Compound
Aspirin,C4H19N1O8,599.33,2.47,219.381,Nucleotide
Ethanol,C19H4N0O2,273.85,N/A,496.9,Organic Compound
Serotonin,C12H21N4O8,402.45,3.13,145.583,Neurotransmitter
Ethanol,C4H27N4O5,307.1,1.76,717.736,Organic Compound
Caffeine,C3H7N2O1,853.69,7.8,484.817,Alcohol
Serotonin,C5H36N3O7,740.29,1.1,700.777,Alkaloid
Adrenaline,C17H7N5O8,542.39,N/A,416.159,Carbohydrate
Aspirin,C19H28N2O10,678.69,1.55,775.455,Alkaloid
Urea,C8H12N4O6,985.97,12.17,341.666,Nucleotide
Glucose,C13H37N5O6,153.22,5.56,424.457,Carbohydrate
Ethanol,C15H4N4O1,829.46,N/A,189.79,Alcohol
Glucose,C19H23N1O5,981.74,12.47,366.687,Nucleotide
Glucose,C14H13N0O6,349.61,N/A,387.572,Lipid
Adrenaline,C5H25N4O6,577.16,4.71,836.897,Hormone
Adenosine triphosphate,C5H29N4O9,195.6,2.37,897.343,Nucleotide
Ethanol,C15H18N0O6,238.74,5.23,0.611,Carbohydrate
Cholesterol,C14H16N5O1,729.42,13.95,326.989,Alkaloid
Cholesterol,C19H21N2O10,754.81,10.95,454.793,Hormone
Adrenaline,C13H14N1O8,116.29,N/A,262.438,Lipid
Cholesterol,C17H5N0O0,712.0,N/A,462.291,Alkaloid
Cholesterol,C18H6N1O0,61.41,N/A,469.143,Neurotransmitter
Serotonin,C16H39N2O4,945.12,6.24,668.885,Alcohol
Adenosine triphosphate,C5H15N2O1,817.2,N/A,291.756,Alkaloid
Caffeine,C14H33N3O5,546.18,N/A,814.313,Organic Compound
Caffeine,C1H20N3O0,607.69,9.47,634.985,Alcohol
Urea,C15H33N3O7,934.33,1.73,358.759,Alkaloid
Cholesterol,C9H28N4O2,788.55,2.88,162.228,Hormone
Caffeine,C1H10N3O3,718.63,4.94,590.438,Alkaloid
Serotonin,C6H18N1O7,852.15,1.32,56.496,Carbohydrate
Cholesterol,C2H29N3O9,449.35,13.08,617.079,Neurotransmitter
Aspirin,C7H24N3O4,179.7,N/A,962.063,Alcohol
Caffeine,C1H11N0O9,447.72,1.23,96.383,Nucleotide
Urea,C18H33N4O8,851.0,13.26,124.684,Neurotransmitter
Urea,C11H10N2O7,779.46,N/A,150.442,Lipid
Aspirin,C13H28N5O7,825.92,4.41,137.347,Amide
Adrenaline,C15H6N5O4,618.69,13.02,460.025,Alcohol
Caffeine,C2H22N3O6,404.33,2.28,613.781,Organic Compound
Cholesterol,C10H33N5O8,784.55,2.33,725.609,Alkaloid
Aspirin,C17H23N1O4,968.26,12.73,496.313,Neurotransmitter
Serotonin,C15H15N2O7,287.9,N/A,250.247,Alkaloid
Caffeine,C2H9N1O3,145.89,N/A,581.211,Nucleotide
Cholesterol,C10H30N1O7,420.2,9.68,253.22,Hormone
Adenosine triphosphate,C1H32N1O5,144.73,6.14,152.618,Amide
Cholesterol,C10H33N0O7,66.57,2.16,910.642,Hormone
Cholesterol,C7H38N0O8,997.83,13.26,323.114,Hormone
Urea,C13H38N5O9,672.36,2.81,454.256,Nucleotide
Urea,C4H29N3O9,265.64,N/A,659.046,Lipid
Urea,C2H29N4O5,658.58,6.6,833.024,Hormone
Aspirin,C15H29N5O5,138.01,12.51,753.141,Lipid
Caffeine,C14H5N3O4,145.7,4.78,700.258,Hormone
Ethanol,C13H11N4O10,374.53,6.41,285.714,Alcohol
Aspirin,C11H5N1O8,510.86,10.39,34.402,Alkaloid
Adenosine triphosphate,C9H37N4O3,532.23,5.31,46.967,Nucleotide
Ethanol,C20H30N0O1,369.56,10.85,813.329,Alcohol
Serotonin,C11H6N3O6,805.16,12.13,789.343,Carbohydrate
Dopamine,C9H10N4O0,135.29,12.51,51.205,Amide
Dopamine,C1H36N2O7,300.43,7.93,312.821,Alkaloid
Cholesterol,C18H18N1O10,537.26,4.51,597.991,Nucleotide
Aspirin,C19H21N0O3,457.83,8.23,962.289,Organic Compound
Aspirin,C11H5N2O5,290.68,2.73,602.782,Nucleotide
Serotonin,C9H27N2O1,410.54,N/A,534.229,Neurotransmitter
Ethanol,C18H11N2O10,73.47,N/A,358.56,Organic Compound
Cholesterol,C13H10N0O8,348.3,5.38,218.172,Alkaloid
Caffeine,C12H14N5O4,195.88,4.87,108.962,Carbohydrate
Serotonin,C14H25N0O9,649.89,N/A,30.049,Alcohol
Adenosine triphosphate,C19H39N4O8,897.99,7.61,989.613,Amide
Glucose,C12H31N4O3,761.11,N/A,580.037,Alkaloid
Caffeine,C12H23N1O3,733.18,N/A,589.96,Alkaloid
Glucose,C10H33N0O1,728.05,5.72,793.882,Amide
Adenosine triphosphate,C15H9N2O5,778.14,10.3,725.014,Organic Compound
Caffeine,C11H28N5O4,303.28,N/A,294.625,Neurotransmitter
Glucose,C5H23N5O10,55.78,N/A,134.683,Amide
Aspirin,C4H23N4O4,383.16,3.09,443.715,Lipid
Dopamine,C7H27N1O0,797.35,4.23,257.007,Amide
Urea,C4H35N2O1,422.79,6.33,785.688,Amide
Cholesterol,C5H26N0O6,409.18,6.94,480.206,Carbohydrate
Serotonin,C9H16N5O3,530.28,12.95,82.46,Hormone
Dopamine,C15H40N5O9,83.56,5.52,125.135,Hormone
Caffeine,C14H10N3O7,659.72,N/A,15.366,Hormone
Serotonin,C18H34N5O4,460.03,9.52,214.013,Carbohydrate
Ethanol,C4H37N1O7,253.21,13.47,532.015,Alkaloid
Cholesterol,C18H8N2O7,826.12,9.51,41.455,Amide
Dopamine,C3H27N4O5,362.36,N/A,518.064,Hormone
Ethanol,C1H35N0O1,557.55,2.24,785.803,Nucleotide
Adenosine triphosphate,C17H8N5O9,409.25,13.39,789.503,Organic Compound
Adenosine triphosphate,C7H31N2O7,583.19,3.58,539.402,Alcohol
Caffeine,C19H6N5O1,622.02,5.77,137.211,Alkaloid
Urea,C12H39N1O9,347.35,10.85,373.836,Organic Compound
Dopamine,C19H9N5O5,233.66,12.72,81.884,Alcohol
Ethanol,C19H8N1O10,965.52,7.58,132.614,Lipid
Glucose,C19H31N3O2,321.49,4.18,583.911,Alcohol
Adenosine triphosphate,C19H25N1O0,599.12,13.26,489.188,Neurotransmitter
Adenosine triphosphate,C10H11N1O2,331.65,5.23,791.887,Neurotransmitter
Caffeine,C16H9N0O6,62.26,N/A,433.611,Alkaloid
Aspirin,C18H27N0O7,456.56,N/A,771.735,Amide
Urea,C20H1N5O9,274.22,1.38,364.854,Hormone
Dopamine,C1H15N2O5,450.43,N/A,973.537,Organic Compound
Glucose,C20H4N0O5,317.74,3.47,982.179,Nucleotide
Aspirin,C18H20N2O7,515.64,10.89,625.77,Organic Compound
Aspirin,C2H9N4O5,169.44,N/A,10.241,Amide
Aspirin,C13H32N0O2,880.91,5.15,349.269,Alkaloid
Adrenaline,C18H13N1O10,900.64,5.98,914.855,Lipid
Adenosine triphosphate,C7H27N0O8,963.19,1.55,182.421,Alcohol
Urea,C11H3N2O4,931.55,5.23,801.836,Alcohol
Adenosine triphosphate,C7H15N2O1,159.94,1.16,138.845,Neurotransmitter
Dopamine,C6H35N3O8,827.82,7.14,524.939,Nucleotide
Adrenaline,C9H24N2O0,700.25,13.29,597.479,Hormone
Caffeine,C1H30N0O4,226.55,3.35,279.167,Nucleotide
Ethanol,C18H38N5O4,784.17,1.08,832.792,Amide
Adenosine triphosphate,C5H8N1O10,416.63,2.93,22.589,Amide
Glucose,C13H24N3O0,941.03,9.55,119.129,Carbohydrate
Urea,C20H38N0O1,487.44,2.12,90.962,Hormone
Urea,C7H29N1O4,312.48,6.86,970.185,Hormone
Aspirin,C2H17N3O0,930.1,5.16,917.628,Nucleotide
Aspirin,C16H38N3O6,245.99,11.16,228.036,Organic Compound
Serotonin,C13H38N2O9,837.54,13.0,789.02,Lipid
Adenosine triphosphate,C20H5N1O6,545.3,13.03,710.43,Alkaloid
Glucose,C15H16N4O3,510.29,7.95,559.942,Alkaloid
Cholesterol,C9H31N2O4,785.53,6.02,545.971,Amide
Serotonin,C14H12N5O6,390.4,5.39,279.133,Hormone
Aspirin,C14H32N5O9,554.49,2.74,587.043,Neurotransmitter
Glucose,C13H34N3O8,642.98,12.03,449.996,Organic Compound
Ethanol,C8H6N0O9,978.91,1.39,432.185,Carbohydrate
Cholesterol,C9H35N4O7,294.7,6.84,468.998,Carbohydrate
Adrenaline,C2H34N3O10,250.24,4.83,426.997,Neurotransmitter
Dopamine,C9H3N0O1,638.72,11.34,525.339,Alkaloid
Glucose,C6H19N1O4,815.16,13.12,468.113,Alcohol
Glucose,C2H13N5O1,572.86,13.13,543.254,Hormone
Dopamine,C18H7N4O5,938.09,1.75,427.963,Lipid
Ethanol,C20H29N3O1,61.79,9.15,869.704,Neurotransmitter
Glucose,C9H39N4O4,439.82,7.21,121.396,Lipid
Caffeine,C10H30N2O6,685.29,10.71,793.891,Carbohydrate
Urea,C15H14N1O6,710.16,12.41,216.239,Organic Compound
Cholesterol,C1H22N5O2,514.45,2.02,888.599,Nucleotide
Caffeine,C6H32N1O7,388.5,4.83,671.088,Hormone
Adenosine triphosphate,C9H33N4O6,553.35,N/A,592.794,Amide
Ethanol,C19H7N1O1,882.69,N/A,559.711,Organic Compound
Dopamine,C19H1N0O7,255.35,10.69,855.698,Neurotransmitter
Caffeine,C15H10N0O7,493.68,1.18,37.731,Neurotransmitter
Caffeine,C20H26N1O1,299.29,7.93,958.165,Amide
Serotonin,C15H28N2O4,833.29,N/A,298.343,Carbohydrate
Urea,C6H30N4O7,945.26,8.87,695.084,Nucleotide
Urea,C17H2N4O1,989.5,5.1,59.187,Alkaloid
Cholesterol,C5H28N2O10,224.7,9.33,384.771,Hormone
Ethanol,C2H39N4O10,369.23,12.98,577.259,Hormone
Ethanol,C5H21N5O9,147.48,2.57,687.034,Alkaloid
Caffeine,C19H2N5O9,602.32,9.02,452.307,Neurotransmitter
Adenosine triphosphate,C3H19N2O2,695.74,12.93,895.199,Alcohol
Glucose,C11H15N2O1,717.68,9.96,495.481,Amide
Aspirin,C5H8N1O10,136.78,12.64,997.812,Alcohol
Cholesterol,C7H5N3O9,648.98,N/A,651.109,Alkaloid
Adrenaline,C16H15N1O10,172.66,12.64,329.998,Nucleotide
Aspirin,C20H35N4O1,800.95,11.25,198.94,Lipid
Dopamine,C17H22N5O10,446.8,12.41,808.029,Lipid
Aspirin,C10H34N4O4,277.81,2.83,230.728,Alkaloid
Dopamine,C16H33N5O7,479.75,11.85,761.982,Carbohydrate
Caffeine,C13H21N4O1,372.84,7.77,620.789,Carbohydrate
Adrenaline,C8H40N5O3,555.16,N/A,389.046,Lipid
Cholesterol,C13H15N3O1,848.52,5.05,201.514,Neurotransmitter
Glucose,C2H28N2O10,948.43,N/A,373.44,Amide
Adenosine triphosphate,C14H27N1O3,755.9,7.99,105.964,Amide
Cholesterol,C9H21N4O9,988.39,N/A,559.231,Neurotransmitter
Glucose,C18H33N0O4,503.1,N/A,664.328,Alcohol
Aspirin,C16H40N4O9,337.07,12.2,66.903,Lipid
Adrenaline,C20H34N3O0,393.51,10.57,727.843,Amide
Ethanol,C9H37N5O10,138.35,5.64,270.81,Organic Compound
Dopamine,C2H38N0O3,122.38,13.95,410.928,Alcohol
Cholesterol,C3H25N1O0,412.06,13.82,304.574,Alkaloid
Caffeine,C1H40N5O6,705.91,10.87,397.055,Nucleotide
Ethanol,C1H11N5O0,652.21,13.29,925.124,Amide
Ethanol,C10H27N1O4,350.23,N/A,9.66,Lipid
Aspirin,C16H20N0O10,124.44,9.45,192.341,Carbohydrate
Adrenaline,C7H18N3O10,58.05,8.64,334.383,Amide
Glucose,C6H29N2O9,543.08,6.15,411.763,Carbohydrate
Aspirin,C5H3N1O1,132.36,10.74,83.696,Alkaloid
Serotonin,C20H1N4O10,266.83,12.5,633.588,Neurotransmitter
Aspirin,C18H20N3O1,412.86,3.39,21.447,Amide
Serotonin,C8H14N4O9,186.81,10.35,21.903,Nucleotide
Adenosine triphosphate,C3H8N0O5,825.53,N/A,68.334,Nucleotide
Cholesterol,C17H33N4O9,654.46,N/A,609.829,Amide
Serotonin,C8H34N1O2,969.91,2.56,94.263,Carbohydrate
Adenosine triphosphate,C2H16N4O6,834.68,13.12,537.319,Alkaloid
Adenosine triphosphate,C12H25N1O1,190.52,7.54,705.985,Nucleotide
Urea,C11H19N5O10,541.57,6.39,518.391,Carbohydrate
Caffeine,C15H30N1O10,108.7,N/A,851.044,Neurotransmitter
Cholesterol,C20H12N0O5,235.66,N/A,690.98,Organic Compound
Caffeine,C16H28N5O8,647.59,11.15,485.204,Neurotransmitter
Adenosine triphosphate,C4H12N2O4,86.6,3.5,169.201,Alcohol
Adenosine triphosphate,C13H38N5O2,299.73,9.39,165.959,Alkaloid
Cholesterol,C10H34N5O7,701.74,2.82,49.782,Organic Compound
Aspirin,C13H26N0O1,534.6,N/A,614.519,Carbohydrate
Adrenaline,C13H22N4O5,454.82,13.05,199.355,Neurotransmitter
Ethanol,C5H15N1O3,487.85,6.07,994.413,Lipid
Serotonin,C19H26N5O4,265.5,7.07,77.256,Alkaloid
Adenosine triphosphate,C11H19N5O7,644.15,3.29,463.454,Organic Compound
Dopamine,C17H32N0O2,602.75,11.97,630.485,Carbohydrate
Caffeine,C18H32N1O5,838.22,13.99,13.016,Alcohol
Ethanol,C13H18N0O0,979.79,7.66,99.551,Lipid
Adenosine triphosphate,C7H28N2O7,765.98,11.43,479.405,Carbohydrate
Adenosine triphosphate,C19H26N2O5,395.37,N/A,887.481,Lipid
Cholesterol,C4H15N3O8,134.3,13.35,748.289,Neurotransmitter
Aspirin,C2H28N5O6,926.58,N/A,68.914,Alcohol
Glucose,C18H6N0O4,819.61,9.85,429.25,Nucleotide
Aspirin,C4H16N4O8,336.03,3.01,32.828,Carbohydrate
Cholesterol,C20H28N2O4,298.52,4.56,788.528,Organic Compound
Serotonin,C18H40N2O5,564.89,N/A,595.64,Hormone
Adrenaline,C13H6N2O2,594.6,13.01,460.037,Carbohydrate
Adrenaline,C19H38N0O3,277.88,13.83,182.462,Organic Compound
Urea,C15H40N3O0,629.79,N/A,111.436,Alcohol
Caffeine,C16H5N2O2,479.79,N/A,170.177,Lipid
Caffeine,C17H32N5O3,744.67,6.04,82.509,Organic Compound
Cholesterol,C13H25N1O5,51.12,N/A,861.272,Alcohol
Ethanol,C1H29N4O9,431.75,9.49,682.469,Organic Compound
Adenosine triphosphate,C16H23N5O9,238.74,11.79,821.101,Alcohol
Adrenaline,C6H18N1O1,283.22,5.38,965.762,Organic Compound
Aspirin,C3H39N3O7,818.66,1.99,349.384,Organic Compound
Serotonin,C3H13N1O0,346.27,4.29,57.356,Carbohydrate
Cholesterol,C4H22N1O3,604.67,4.66,646.311,Nucleotide
Adrenaline,C9H6N4O8,795.05,9.37,751.914,Neurotransmitter
Caffeine,C6H40N5O5,606.62,N/A,292.823,Organic Compound
Dopamine,C12H14N4O6,929.14,3.74,530.318,Nucleotide
Adrenaline,C12H33N4O4,515.14,2.63,5.404,Alcohol
Adenosine triphosphate,C18H20N3O4,959.38,11.47,321.973,Organic Compound
Glucose,C13H9N3O2,440.3,N/A,169.043,Carbohydrate
Dopamine,C17H14N5O4,302.05,11.93,554.318,Carbohydrate
Ethanol,C1H32N4O8,678.63,N/A,259.929,Organic Compound
Aspirin,C7H37N5O6,440.11,13.84,994.587,Alkaloid
Ethanol,C13H30N2O5,86.15,12.53,245.725,Amide
Dopamine,C6H3N2O0,782.37,12.09,871.119,Carbohydrate
Ethanol,C5H25N2O5,484.35,3.91,523.536,Carbohydrate
Ethanol,C4H2N3O2,873.66,2.12,82.164,Amide
Ethanol,C18H37N4O7,766.48,N/A,37.88,Nucleotide
Adrenaline,C2H12N5O3,297.05,5.31,213.197,Nucleotide
Adenosine triphosphate,C2H35N0O6,481.11,8.3,474.338,Alkaloid
Caffeine,C2H1N5O1,482.95,N/A,670.615,Carbohydrate
Caffeine,C4H4N1O0,193.81,13.04,710.172,Neurotransmitter
Aspirin,C4H29N1O5,883.96,13.46,864.635,Amide
Caffeine,C3H40N4O5,297.68,11.73,33.907,Neurotransmitter
Aspirin,C12H17N5O5,307.87,N/A,790.666,Nucleotide
Ethanol,C5H5N2O4,873.23,N/A,277.505,Nucleotide
Ethanol,C10H39N1O0,50.72,2.01,200.857,Amide
Aspirin,C12H38N5O9,973.01,2.17,732.508,Nucleotide
Serotonin,C20H36N3O4,835.25,7.62,0.215,Hormone
Caffeine,C7H28N0O10,543.2,N/A,440.279,Nucleotide
Serotonin,C10H2N5O1,326.17,3.05,756.638,Amide
Glucose,C19H15N5O4,785.12,3.18,719.05,Neurotransmitter
Ethanol,C18H15N3O2,901.2,13.2,179.504,Hormone
Urea,C19H7N1O7,780.46,N/A,932.654,Hormone
Ethanol,C14H17N1O5,786.67,N/A,555.053,Carbohydrate
Adenosine triphosphate,C6H25N0O0,85.94,8.28,817.222,Hormone
Glucose,C6H32N3O9,401.52,6.51,556.911,Organic Compound
Adenosine triphosphate,C6H38N1O10,302.47,9.15,562.879,Lipid
Dopamine,C19H11N5O10,694.28,N/A,489.094,Lipid
Ethanol,C5H20N0O8,720.7,8.0,427.622,Hormone
Cholesterol,C7H34N3O6,872.91,10.23,591.907,Carbohydrate
Urea,C16H38N1O8,297.84,1.69,65.605,Carbohydrate
Dopamine,C5H2N5O6,415.77,8.35,67.612,Nucleotide
Cholesterol,C20H34N1O3,946.53,6.25,459.412,Hormone
Adrenaline,C3H13N0O2,654.75,4.46,559.619,Carbohydrate
Cholesterol,C6H30N2O4,907.62,2.41,807.778,Lipid
Ethanol,C19H14N2O1,945.2,9.83,406.312,Alcohol
Adrenaline,C5H28N4O0,464.24,5.71,728.157,Lipid
Glucose,C1H30N3O0,232.6,1.09,766.339,Organic Compound
Glucose,C13H22N0O7,616.13,12.73,725.432,Amide
Cholesterol,C7H17N5O10,527.9,N/A,464.951,Lipid
Serotonin,C10H18N1O5,950.29,6.31,342.208,Organic Compound
Glucose,C19H12N3O7,940.83,3.92,30.131,Organic Compound
Glucose,C5H1N5O6,596.79,5.05,872.502,Alcohol
Cholesterol,C7H18N3O8,323.47,12.98,896.138,Alkaloid
Adenosine triphosphate,C6H37N1O4,383.02,2.61,267.258,Amide
Ethanol,C5H28N3O8,464.18,5.89,45.725,Nucleotide
Adrenaline,C6H22N0O1,127.76,5.18,202.065,Carbohydrate
Caffeine,C18H38N2O4,219.0,12.64,122.596,Carbohydrate
Adrenaline,C19H27N1O4,125.5,13.33,742.131,Amide
Serotonin,C19H11N4O9,658.23,4.25,473.33,Alcohol
Dopamine,C10H24N4O0,871.06,5.97,466.477,Neurotransmitter
Dopamine,C11H22N2O3,293.12,1.43,642.087,Amide
Serotonin,C3H40N1O9,996.1,N/A,23.194,Lipid
Glucose,C10H38N5O5,835.71,N/A,219.358,Alkaloid
Adrenaline,C16H4N1O1,209.28,1.12,191.701,Organic Compound
Serotonin,C9H39N3O4,74.57,N/A,692.782,Organic Compound
Ethanol,C10H14N5O3,102.86,3.15,15.354,Alkaloid
Caffeine,C2H2N4O6,347.22,6.55,763.588,Hormone
Caffeine,C1H11N5O9,65.36,2.61,940.647,Alcohol
Ethanol,C20H31N4O1,762.53,7.71,405.999,Amide
Cholesterol,C18H21N5O0,873.87,10.53,539.89,Carbohydrate
Aspirin,C17H37N1O9,92.96,12.31,917.374,Alcohol
Glucose,C14H8N5O6,707.61,4.5,13.025,Amide
Caffeine,C20H18N0O10,600.35,13.08,348.835,Organic Compound
Adenosine triphosphate,C18H10N2O6,149.11,13.41,809.673,Lipid
Serotonin,C11H31N0O3,276.45,N/A,876.403,Hormone
Glucose,C5H8N4O4,176.76,10.38,857.863,Alkaloid
Caffeine,C1H28N3O4,432.8,6.24,71.227,Amide
Adrenaline,C12H18N3O7,232.21,3.33,560.963,Carbohydrate
Dopamine,C19H15N5O6,747.88,9.91,696.289,Neurotransmitter
Cholesterol,C19H12N4O0,650.7,12.49,56.967,Carbohydrate
Adenosine triphosphate,C19H16N4O2,449.45,13.76,252.687,Lipid
Serotonin,C5H6N5O6,485.92,7.35,13.704,Lipid
Aspirin,C13H36N0O10,881.29,3.61,876.111,Alcohol
Aspirin,C9H6N3O8,253.7,N/A,10.607,Alcohol
Caffeine,C1H17N1O1,188.08,12.51,105.815,Neurotransmitter
Adenosine triphosphate,C8H7N3O0,610.43,2.16,559.082,Alkaloid
Adenosine triphosphate,C20H28N3O7,645.4,10.96,374.06,Hormone
Adenosine triphosphate,C14H31N0O0,621.21,4.94,24.595,Alcohol
Urea,C20H10N3O3,50.86,9.39,932.351,Neurotransmitter
Aspirin,C11H30N4O9,675.59,12.53,20.386,Alkaloid
Serotonin,C6H25N0O2,265.25,N/A,886.955,Nucleotide
Cholesterol,C6H22N5O9,705.46,3.36,351.86,Carbohydrate
Aspirin,C1H9N2O2,988.94,N/A,439.74,Neurotransmitter
Adrenaline,C17H4N2O2,251.7,N/A,226.84,Organic Compound
Adenosine triphosphate,C16H27N2O0,484.93,11.25,632.145,Lipid
Glucose,C13H34N5O1,575.28,7.55,864.658,Carbohydrate
Adrenaline,C9H8N2O7,890.65,2.16,244.442,Neurotransmitter
Adrenaline,C7H29N0O7,179.59,12.87,636.091,Organic Compound
Aspirin,C19H13N3O2,430.58,9.43,733.466,Organic Compound
Adenosine triphosphate,C10H30N4O1,656.12,N/A,321.291,Nucleotide
Glucose,C11H40N0O2,788.63,4.01,440.8,Organic Compound
Adrenaline,C9H21N1O0,180.32,4.79,850.802,Nucleotide
Adrenaline,C1H40N5O7,345.31,9.23,290.227,Alkaloid
Dopamine,C20H5N2O5,747.63,12.58,91.862,Alcohol
Caffeine,C8H28N0O0,732.4,N/A,861.411,Alkaloid
Caffeine,C19H36N1O1,315.22,7.7,448.902,Neurotransmitter
Glucose,C11H36N2O1,93.61,2.88,643.419,Neurotransmitter
Adrenaline,C14H4N2O0,557.74,N/A,673.866,Nucleotide
Ethanol,C2H18N5O9,963.78,12.96,699.453,Carbohydrate
Adenosine triphosphate,C8H27N3O6,894.05,12.42,411.819,Lipid
Aspirin,C18H19N2O0,691.6,13.98,126.547,Amide
Glucose,C9H7N1O10,726.69,N/A,615.772,Lipid
Aspirin,C1H10N4O2,679.35,11.75,64.459,Alcohol
Serotonin,C14H36N0O3,948.62,2.94,599.737,Lipid
Glucose,C8H11N1O3,89.99,7.86,985.826,Carbohydrate
Serotonin,C18H2N3O0,228.11,11.68,74.102,Carbohydrate
Dopamine,C16H23N0O3,68.37,N/A,767.435,Hormone
Dopamine,C11H12N1O0,907.6,12.9,60.585,Nucleotide
Glucose,C10H28N2O4,765.13,N/A,48.401,Nucleotide
Serotonin,C5H30N0O5,95.91,11.22,235.884,Carbohydrate
Dopamine,C5H30N0O10,88.64,N/A,179.631,Lipid
Urea,C14H28N4O7,636.59,N/A,717.469,Lipid
Glucose,C20H15N3O8,76.05,4.51,499.951,Hormone
Aspirin,C16H15N1O4,851.17,11.76,391.904,Carbohydrate
Ethanol,C19H16N4O3,972.0,12.33,247.253,Alcohol
Dopamine,C19H11N3O5,612.56,12.24,997.553,Amide
Ethanol,C10H8N2O6,663.44,N/A,37.853,Neurotransmitter
Glucose,C17H40N4O6,384.13,N/A,762.418,Carbohydrate
Serotonin,C17H3N0O10,519.35,10.48,868.786,Nucleotide
Cholesterol,C12H21N0O10,293.73,6.61,370.184,Hormone
Urea,C12H37N0O6,617.8,13.24,109.356,Amide
Cholesterol,C12H18N0O4,270.58,6.03,187.826,Carbohydrate
Urea,C11H20N2O9,759.24,5.9,432.866,Amide
Serotonin,C9H22N5O3,281.73,13.79,480.879,Hormone
Aspirin,C3H17N1O7,793.35,1.45,799.244,Hormone
Glucose,C20H29N0O10,412.02,7.48,676.749,Organic Compound
Cholesterol,C7H15N0O8,727.97,2.44,504.916,Alcohol
Glucose,C2H14N2O6,224.54,N/A,300.785,Alcohol
Cholesterol,C9H3N5O10,780.07,9.59,25.391,Nucleotide
Aspirin,C6H34N1O6,263.96,2.69,452.276,Hormone
Urea,C16H31N0O9,486.24,8.75,349.043,Amide
Urea,C11H35N2O8,435.95,N/A,275.389,Lipid
Cholesterol,C14H6N4O6,367.07,4.34,402.426,Alcohol
Dopamine,C1H20N0O9,131.11,N/A,941.426,Neurotransmitter
Urea,C10H31N2O7,454.08,8.44,991.659,Organic Compound
Ethanol,C15H2N5O5,832.94,12.87,565.211,Alcohol
Ethanol,C20H15N5O8,471.74,12.33,745.033,Alkaloid
Cholesterol,C19H12N2O2,950.87,12.08,97.325,Lipid
Serotonin,C8H38N0O0,590.74,3.78,699.414,Organic Compound
Ethanol,C16H14N4O5,122.56,2.29,903.481,Nucleotide
Aspirin,C6H35N5O9,986.83,9.82,995.986,Lipid
Dopamine,C9H36N2O6,970.29,9.14,697.997,Neurotransmitter
Ethanol,C3H15N2O10,132.66,6.17,345.137,Alkaloid
Glucose,C8H19N5O2,251.44,11.94,773.738,Alcohol
Serotonin,C20H27N2O4,575.55,11.29,833.603,Alkaloid
Adrenaline,C5H31N2O4,67.01,4.07,106.611,Carbohydrate
Aspirin,C12H24N1O7,455.81,1.06,629.835,Organic Compound
Serotonin,C7H24N4O9,383.36,5.47,309.923,Amide
Adrenaline,C19H6N5O0,417.01,13.97,351.538,Nucleotide
Ethanol,C17H33N4O2,147.1,3.19,21.518,Hormone
Dopamine,C6H20N4O1,449.62,3.26,331.753,Alcohol
Adenosine triphosphate,C19H27N0O2,100.12,4.86,378.627,Carbohydrate
Cholesterol,C16H29N4O2,875.34,N/A,342.218,Organic Compound
Glucose,C15H9N4O3,502.62,10.16,219.288,Amide
Serotonin,C10H36N1O6,588.29,N/A,661.444,Hormone
Adenosine triphosphate,C6H36N2O2,289.85,12.6,399.902,Neurotransmitter
Adenosine triphosphate,C5H28N0O5,813.25,13.2,593.586,Alkaloid
Aspirin,C14H38N0O7,409.45,3.59,420.895,Organic Compound
Cholesterol,C4H7N2O7,243.95,6.18,525.688,Organic Compound
Urea,C19H20N1O6,931.94,N/A,915.774,Organic Compound
Caffeine,C7H31N0O4,409.32,8.78,719.13,Lipid
Adrenaline,C14H33N1O10,61.51,2.85,383.845,Alcohol
Adrenaline,C14H37N3O1,485.34,1.9,277.68,Alcohol
Caffeine,C10H2N0O10,563.29,4.36,726.149,Alcohol
Adrenaline,C20H27N2O2,898.19,11.96,410.433,Lipid
Caffeine,C12H17N1O6,372.63,9.52,549.389,Hormone
Cholesterol,C9H8N4O10,783.46,10.28,922.223,Amide
Cholesterol,C8H18N4O7,456.68,9.12,437.207,Nucleotide
Urea,C20H4N0O4,95.26,7.25,674.311,Alkaloid
Ethanol,C8H21N4O0,53.34,11.53,327.914,Lipid
Ethanol,C20H18N3O9,214.7,N/A,978.937,Lipid
Adenosine triphosphate,C11H22N2O0,458.42,11.11,590.298,Alkaloid
Serotonin,C7H39N3O2,903.55,9.7,439.536,Alcohol
Aspirin,C4H1N5O4,811.84,4.99,745.922,Amide
Adrenaline,C9H1N1O10,755.69,4.76,301.631,Hormone
Glucose,C13H20N0O8,306.1,5.08,737.219,Organic Compound
Glucose,C15H3N3O2,474.44,13.1,155.702,Lipid
Serotonin,C17H19N0O7,877.77,7.65,567.845,Alkaloid
Caffeine,C15H19N2O0,307.62,12.38,246.561,Lipid
Dopamine,C10H39N2O9,229.2,N/A,152.201,Alkaloid
Serotonin,C17H11N2O0,522.5,10.03,711.598,Carbohydrate
Cholesterol,C11H16N1O3,405.5,13.42,190.124,Organic Compound
Caffeine,C20H7N5O7,950.99,4.87,192.157,Alkaloid
Adenosine triphosphate,C12H17N1O3,171.8,2.64,276.23,Neurotransmitter
Dopamine,C18H22N0O7,771.06,N/A,398.131,Amide
Ethanol,C11H29N1O4,861.09,11.16,767.769,Hormone
Serotonin,C15H29N3O0,327.22,11.1,163.77,Alkaloid
Glucose,C11H10N2O6,449.28,7.64,354.17,Organic Compound
Caffeine,C11H21N4O1,391.93,1.04,987.446,Organic Compound
Caffeine,C1H35N0O4,142.13,6.42,579.079,Lipid
Serotonin,C16H10N2O8,727.97,6.01,357.677,Hormone
Serotonin,C4H29N0O4,924.09,5.1,113.112,Alcohol
Aspirin,C6H33N2O3,349.2,12.43,238.633,Alkaloid
Dopamine,C8H21N4O6,440.19,4.31,682.407,Neurotransmitter
Glucose,C9H27N2O8,723.63,9.75,660.391,Nucleotide
Glucose,C3H32N2O9,218.95,10.97,702.083,Alcohol
Aspirin,C1H38N1O1,367.25,3.19,36.034,Alcohol
Dopamine,C13H38N2O4,436.12,2.78,275.294,Nucleotide
Dopamine,C5H32N4O2,261.9,2.74,992.283,Hormone
Dopamine,C20H16N2O5,716.91,11.86,724.114,Carbohydrate
Cholesterol,C10H39N1O1,124.7,8.82,579.819,Alkaloid
Ethanol,C19H19N4O0,986.57,N/A,446.001,Neurotransmitter
Adenosine triphosphate,C7H9N1O0,349.97,2.28,538.09,Nucleotide
Dopamine,C8H19N1O1,784.84,5.72,443.172,Alkaloid
Aspirin,C1H32N5O7,822.41,N/A,842.906,Amide
Aspirin,C7H31N3O6,114.49,5.8,290.695,Hormone
Cholesterol,C11H11N5O5,733.54,7.38,778.731,Nucleotide
Dopamine,C10H30N5O2,510.17,7.69,705.246,Alcohol
Cholesterol,C5H29N1O7,968.35,12.36,840.411,Hormone
Ethanol,C20H4N4O1,759.94,10.45,396.886,Amide
Cholesterol,C8H6N5O4,147.08,7.3,493.201,Amide
Urea,C1H10N1O5,821.2,2.06,408.849,Neurotransmitter
Serotonin,C15H12N1O2,558.35,N/A,489.305,Neurotransmitter
Urea,C8H7N4O2,853.67,1.16,70.614,Amide
Ethanol,C11H37N3O10,926.53,10.14,774.524,Alkaloid
Caffeine,C16H35N2O5,351.06,4.15,419.903,Amide
Serotonin,C2H3N3O4,800.26,13.35,170.234,Alkaloid
Adrenaline,C15H14N1O8,341.15,4.78,798.535,Alkaloid
Ethanol,C3H40N3O0,184.83,1.85,885.996,Alkaloid
Serotonin,C11H39N1O6,272.25,N/A,514.067,Alkaloid
Urea,C9H39N1O6,825.16,8.96,301.007,Alcohol
Ethanol,C11H17N0O7,485.91,8.73,686.997,Amide
Urea,C1H3N1O1,936.78,5.96,784.991,Hormone
Caffeine,C1H24N2O0,250.6,11.56,18.213,Lipid
Cholesterol,C8H9N2O0,343.34,10.25,228.259,Alkaloid
Aspirin,C4H1N3O2,771.18,9.55,573.044,Carbohydrate
Serotonin,C11H11N0O6,134.32,12.12,873.894,Nucleotide
Serotonin,C8H5N3O4,141.34,4.61,232.209,Organic Compound
Dopamine,C13H23N1O3,740.05,4.9,374.56,Alkaloid
Ethanol,C13H25N4O1,191.85,10.56,258.136,Organic Compound
Serotonin,C4H37N2O1,671.83,N/A,921.145,Organic Compound
Aspirin,C19H11N1O9,945.63,13.74,183.911,Nucleotide
Serotonin,C2H3N2O9,848.53,11.19,433.957,Alkaloid
Aspirin,C4H39N3O0,715.13,2.73,861.907,Carbohydrate
Adrenaline,C11H38N4O10,65.8,N/A,257.185,Lipid
Aspirin,C7H33N3O10,949.17,N/A,690.801,Organic Compound
Ethanol,C16H23N1O0,310.65,N/A,469.22,Alcohol
Urea,C3H9N0O2,141.25,5.45,42.929,Nucleotide
Urea,C13H8N0O4,815.7,N/A,266.575,Amide
Serotonin,C13H19N2O1,558.01,13.3,965.467,Nucleotide
Adenosine triphosphate,C20H11N3O6,989.61,2.45,301.654,Amide
Cholesterol,C2H13N5O0,106.5,13.97,353.566,Amide
Caffeine,C19H8N4O4,552.43,1.9,945.681,Hormone
Adrenaline,C20H9N2O4,849.23,1.29,830.123,Carbohydrate
Adrenaline,C2H24N2O1,838.09,3.89,773.166,Lipid
Ethanol,C16H28N4O7,370.96,8.42,885.325,Organic Compound
Ethanol,C9H9N3O5,858.04,9.7,100.254,Nucleotide
Glucose,C1H15N5O1,150.94,10.72,605.373,Hormone
Adrenaline,C15H33N5O8,62.0,9.08,93.828,Hormone
Serotonin,C11H9N3O1,238.87,N/A,786.891,Amide
Dopamine,C16H21N5O9,662.06,1.78,173.376,Hormone
Aspirin,C12H3N1O1,347.8,8.69,575.334,Organic Compound
Cholesterol,C13H39N2O3,769.66,N/A,638.567,Nucleotide
Urea,C19H27N0O9,603.67,13.15,520.677,Organic Compound
Cholesterol,C9H34N5O1,897.02,12.06,975.636,Neurotransmitter
Ethanol,C17H24N2O3,601.28,N/A,245.917,Carbohydrate
Aspirin,C18H14N4O5,725.88,12.04,196.33,Alcohol
Aspirin,C10H38N1O6,457.8,13.97,444.897,Amide
Cholesterol,C20H38N0O0,690.06,6.75,572.914,Amide
Adenosine triphosphate,C16H22N3O4,562.18,2.84,267.928,Alcohol
Aspirin,C20H23N1O9,214.44,N/A,446.016,Hormone
Dopamine,C5H23N4O3,542.22,13.46,388.795,Amide
Dopamine,C17H37N5O8,663.55,3.41,436.295,Organic Compound
Urea,C13H29N4O5,252.88,2.65,382.851,Alkaloid
Aspirin,C7H15N3O1,384.63,13.37,984.657,Amide
Urea,C14H6N0O7,952.59,N/A,912.724,Organic Compound
Adenosine triphosphate,C2H28N0O10,422.05,10.28,898.923,Nucleotide
Serotonin,C1H36N2O10,754.36,8.65,276.217,Alkaloid
Adenosine triphosphate,C8H15N0O1,312.01,1.55,436.537,Neurotransmitter
Adrenaline,C6H4N0O2,679.2,7.48,305.69,Carbohydrate
Serotonin,C14H26N5O3,794.51,N/A,217.744,Lipid
Glucose,C4H18N2O3,190.81,N/A,814.738,Alkaloid
Serotonin,C14H15N2O9,797.72,8.78,70.709,Nucleotide
Dopamine,C20H2N3O5,217.55,11.22,373.739,Alcohol
Adrenaline,C4H15N4O7,845.78,1.88,763.641,Amide
Serotonin,C18H22N4O1,723.14,N/A,475.932,Lipid
Caffeine,C13H36N3O3,723.05,11.41,160.802,Organic Compound
Serotonin,C4H11N2O10,477.6,12.39,771.934,Alkaloid
Dopamine,C20H40N1O3,655.07,1.76,530.052,Lipid
Caffeine,C9H13N3O3,747.36,5.01,281.768,Organic Compound
Caffeine,C5H19N5O0,166.77,5.81,416.522,Hormone
Aspirin,C17H3N5O5,463.14,8.92,90.509,Neurotransmitter
Cholesterol,C16H31N5O6,869.05,9.17,938.982,Neurotransmitter
Adenosine triphosphate,C10H15N0O8,225.12,2.53,130.69,Nucleotide
Adrenaline,C1H15N3O4,296.82,12.9,196.916,Nucleotide
Aspirin,C1H32N5O7,158.73,9.67,717.382,Alcohol
Adenosine triphosphate,C16H24N5O0,922.56,6.95,228.463,Carbohydrate
Ethanol,C13H26N0O9,265.44,10.74,849.409,Carbohydrate
Caffeine,C18H27N5O5,714.37,6.11,317.317,Hormone
Serotonin,C3H1N0O10,908.38,9.2,967.216,Nucleotide
Aspirin,C17H3N2O1,147.36,N/A,645.235,Nucleotide
Adenosine triphosphate,C8H15N5O3,869.74,6.95,150.923,Carbohydrate
Urea,C20H25N5O0,120.85,9.33,299.319,Amide
Serotonin,C7H18N4O4,214.65,12.98,193.858,Organic Compound
Serotonin,C9H9N5O3,131.3,1.81,828.221,Amide
Serotonin,C4H35N0O3,687.22,3.3,674.233,Amide
Aspirin,C3H36N0O1,781.08,N/A,668.693,Carbohydrate
Adrenaline,C8H39N3O5,177.44,9.39,725.012,Neurotransmitter
Glucose,C18H23N1O10,191.31,9.02,201.139,Amide
Serotonin,C18H1N3O5,370.0,5.03,315.444,Amide
Ethanol,C12H28N0O10,936.52,9.99,613.323,Nucleotide
Serotonin,C16H20N4O7,950.47,7.18,607.38,Nucleotide
Caffeine,C4H40N4O0,440.95,11.36,10.718,Carbohydrate
Adrenaline,C7H8N3O0,697.66,5.21,410.601,Lipid
Serotonin,C16H22N5O3,262.39,8.44,684.883,Neurotransmitter
Serotonin,C13H1N5O4,804.85,7.39,767.963,Hormone
Dopamine,C6H23N1O7,154.39,7.42,668.349,Organic Compound
Adenosine triphosphate,C3H2N2O5,528.99,N/A,715.417,Neurotransmitter
Adrenaline,C2H20N5O4,954.11,1.42,948.807,Alcohol
Adenosine triphosphate,C8H12N4O5,985.09,4.52,890.062,Alcohol
Adenosine triphosphate,C19H33N1O8,388.7,N/A,745.305,Neurotransmitter
Cholesterol,C20H32N1O3,892.36,N/A,508.045,Hormone
Caffeine,C4H20N1O5,244.05,12.92,193.139,Organic Compound
Adenosine triphosphate,C9H23N5O8,612.78,N/A,718.298,Amide
Serotonin,C13H14N0O7,430.97,12.03,144.35,Alkaloid
Dopamine,C20H1N2O7,182.01,11.09,4.196,Neurotransmitter
Adrenaline,C19H6N0O5,295.14,5.59,506.093,Alcohol
Dopamine,C13H5N4O2,890.9,8.35,741.942,Alkaloid
Adrenaline,C17H22N1O10,907.1,10.65,383.603,Neurotransmitter
Cholesterol,C10H2N5O9,840.05,4.16,453.94,Carbohydrate
Dopamine,C2H1N5O10,743.19,N/A,600.514,Nucleotide
Ethanol,C10H18N0O10,453.75,1.4,562.486,Nucleotide
Adrenaline,C1H4N4O6,791.61,8.48,884.597,Hormone
Glucose,C11H15N0O4,639.62,11.55,884.89,Lipid
Urea,C7H7N3O5,374.5,N/A,681.406,Organic Compound
Ethanol,C15H30N3O0,663.9,4.28,577.426,Nucleotide
Aspirin,C4H12N4O4,416.47,5.33,549.469,Neurotransmitter
Caffeine,C3H26N1O10,206.0,13.35,504.154,Alcohol
Urea,C14H5N0O6,465.63,N/A,256.31,Hormone
Aspirin,C12H37N3O2,743.25,6.36,939.059,Carbohydrate
Ethanol,C18H37N4O2,106.64,N/A,372.045,Hormone
Adenosine triphosphate,C7H15N3O7,787.43,9.91,115.949,Organic Compound
Glucose,C17H15N1O6,624.31,N/A,106.589,Amide
Serotonin,C20H23N5O8,523.4,2.13,135.866,Neurotransmitter
Adrenaline,C19H34N1O4,122.17,11.43,736.199,Nucleotide
Aspirin,C6H40N3O0,830.97,N/A,253.887,Lipid
Glucose,C11H6N2O9,888.18,4.02,715.234,Carbohydrate
Aspirin,C8H31N2O4,413.53,7.57,891.447,Neurotransmitter
Adenosine triphosphate,C6H15N5O2,155.83,7.72,698.561,Amide
Glucose,C11H31N5O9,376.12,11.78,405.822,Carbohydrate
Glucose,C12H22N2O9,929.4,13.81,66.953,Neurotransmitter
Dopamine,C4H30N5O9,891.42,4.37,433.525,Alcohol
Urea,C12H30N3O1,691.68,5.15,472.071,Organic Compound
Serotonin,C7H18N3O9,186.01,13.47,985.469,Hormone
Ethanol,C16H23N5O2,426.17,2.95,199.772,Organic Compound
Ethanol,C14H28N4O5,367.81,4.9,944.395,Hormone
Ethanol,C7H37N4O1,749.73,5.08,843.144,Alkaloid
Adrenaline,C1H1N2O9,571.9,4.24,744.078,Lipid
Dopamine,C2H27N4O2,633.48,2.18,305.775,Neurotransmitter
Adrenaline,C10H10N2O3,386.23,7.94,729.319,Nucleotide
Glucose,C17H31N5O1,622.82,11.75,195.96,Lipid
Cholesterol,C1H21N3O8,696.3,7.5,464.707,Nucleotide
Glucose,C2H10N5O6,113.03,6.92,967.799,Lipid
Caffeine,C9H37N3O7,902.31,5.11,854.569,Neurotransmitter
Ethanol,C15H25N5O9,775.73,12.44,56.507,Neurotransmitter
Serotonin,C16H20N1O10,172.35,9.73,415.596,Alcohol
Cholesterol,C17H36N3O10,224.76,6.12,680.228,Neurotransmitter
Urea,C2H17N4O0,674.33,5.61,668.536,Nucleotide
Cholesterol,C17H26N5O0,969.78,N/A,857.387,Amide
Urea,C13H31N5O6,772.43,5.81,957.478,Alcohol
Serotonin,C5H37N4O3,684.1,7.09,831.026,Organic Compound
Urea,C19H20N1O5,528.36,7.51,651.343,Alkaloid
Aspirin,C17H13N1O1,758.24,N/A,967.225,Alcohol
Dopamine,C3H16N2O2,940.41,3.33,875.293,Organic Compound
Glucose,C16H32N0O3,520.35,5.22,466.261,Neurotransmitter
Glucose,C17H10N5O8,171.64,5.09,950.429,Alkaloid
Serotonin,C9H39N4O4,889.31,N/A,800.489,Alkaloid
Caffeine,C5H3N5O2,108.56,N/A,534.954,Alcohol
Serotonin,C10H13N4O0,987.66,10.65,865.483,Nucleotide
Adenosine triphosphate,C18H3N5O8,187.88,N/A,432.961,Hormone
Cholesterol,C15H25N1O0,535.78,1.75,689.373,Alkaloid
Adrenaline,C1H36N1O2,268.65,9.13,378.572,Neurotransmitter
Glucose,C12H21N4O8,423.84,1.03,82.279,Alcohol
Glucose,C3H7N0O7,228.91,10.08,618.267,Amide
Glucose,C16H3N5O1,452.23,N/A,42.086,Hormone
Glucose,C2H18N0O8,134.16,10.6,365.158,Neurotransmitter
Adenosine triphosphate,C13H37N0O1,791.67,10.87,743.928,Amide
Adenosine triphosphate,C8H7N0O0,180.8,11.53,839.315,Carbohydrate
Caffeine,C19H17N3O8,790.5,10.5,79.752,Neurotransmitter
Dopamine,C9H30N3O1,833.8,11.15,521.513,Hormone
Aspirin,C17H38N0O3,778.61,3.52,207.006,Lipid
Serotonin,C2H1N3O1,393.41,3.5,389.689,Neurotransmitter
Urea,C16H36N5O8,894.62,6.72,712.722,Alkaloid
Adenosine triphosphate,C5H6N1O8,256.26,13.58,369.712,Nucleotide
Caffeine,C7H17N0O3,405.81,6.19,855.594,Alkaloid
Caffeine,C7H7N4O7,296.21,1.97,173.827,Alkaloid
Ethanol,C20H1N4O6,523.07,6.45,1.684,Neurotransmitter
Adenosine triphosphate,C6H29N3O2,491.74,8.22,781.448,Alcohol
Adenosine triphosphate,C14H8N4O1,253.62,5.08,12.763,Nucleotide
Serotonin,C18H27N3O0,840.33,N/A,687.424,Alcohol
Aspirin,C18H15N4O9,296.86,8.73,549.986,Alcohol
Dopamine,C10H13N4O6,292.49,10.08,137.86,Carbohydrate
Aspirin,C4H14N2O4,556.78,N/A,969.083,Amide
Adrenaline,C5H27N5O4,886.66,N/A,586.858,Alcohol
Ethanol,C20H37N5O5,161.77,8.75,57.786,Amide
Serotonin,C13H11N3O9,441.11,9.59,89.627,Hormone
Aspirin,C3H19N5O8,136.06,11.27,938.083,Alcohol
Adenosine triphosphate,C18H18N3O4,345.45,10.25,63.886,Alkaloid
Ethanol,C5H29N3O3,604.82,9.11,49.232,Hormone
Glucose,C19H16N2O3,455.02,13.1,106.967,Alcohol
Ethanol,C20H38N3O6,252.76,1.97,55.949,Alcohol
Aspirin,C7H5N5O7,950.64,10.01,970.18,Alcohol
Adrenaline,C16H21N2O8,853.26,10.26,415.151,Organic Compound
Adrenaline,C15H21N5O4,140.78,12.51,78.803,Neurotransmitter
Serotonin,C14H3N0O4,434.35,11.28,535.307,Lipid
Cholesterol,C13H23N5O4,263.14,N/A,584.026,Neurotransmitter
Ethanol,C5H2N0O1,471.47,3.34,121.568,Carbohydrate
Adrenaline,C7H16N1O2,464.01,11.1,974.894,Carbohydrate
Ethanol,C18H33N5O8,332.27,13.7,407.46,Lipid
Urea,C7H15N0O7,633.13,4.92,300.674,Hormone
Adrenaline,C3H22N4O1,699.04,4.99,674.427,Nucleotide
Serotonin,C2H12N5O9,590.26,N/A,394.55,Organic Compound
Urea,C16H30N2O0,311.56,5.89,649.308,Organic Compound
Serotonin,C16H13N3O10,705.4,N/A,129.131,Amide
Adenosine triphosphate,C7H9N3O1,928.55,1.75,685.613,Alcohol
Cholesterol,C18H24N3O6,121.85,6.03,833.3,Neurotransmitter
Ethanol,C15H22N4O10,488.37,8.36,336.818,Alkaloid
Urea,C9H21N2O10,290.87,13.57,947.015,Amide
Cholesterol,C8H38N2O8,867.22,7.3,98.049,Organic Compound
Adenosine triphosphate,C5H28N4O9,473.38,N/A,115.94,Alkaloid
Urea,C13H18N4O9,433.57,10.51,832.791,Carbohydrate
Urea,C15H33N0O3,304.19,7.56,632.391,Neurotransmitter
Cholesterol,C9H33N0O7,251.56,2.0,427.925,Nucleotide
Cholesterol,C18H21N1O9,123.04,N/A,704.942,Hormone
Ethanol,C8H2N2O10,813.49,13.98,893.064,Alcohol
Adrenaline,C11H26N1O7,329.81,10.88,768.115,Hormone
Aspirin,C5H16N4O8,794.6,N/A,186.305,Neurotransmitter
Cholesterol,C11H30N3O4,368.24,2.66,720.927,Organic Compound
Cholesterol,C19H33N0O4,658.96,3.64,645.491,Hormone
Aspirin,C12H25N1O9,324.98,10.69,676.505,Lipid
Urea,C14H23N5O6,233.71,11.75,644.143,Amide
Serotonin,C2H26N3O4,637.71,11.27,537.012,Carbohydrate
Cholesterol,C4H25N1O10,144.13,N/A,564.766,Nucleotide
Dopamine,C20H7N3O2,255.5,N/A,660.945,Organic Compound
Cholesterol,C2H30N2O10,155.64,12.91,24.265,Organic Compound
Adenosine triphosphate,C16H37N1O8,280.79,1.84,167.084,Alkaloid
Serotonin,C10H29N5O3,147.66,8.78,586.403,Carbohydrate
Ethanol,C6H5N3O4,149.64,8.04,622.679,Carbohydrate
Adenosine triphosphate,C11H23N4O9,636.44,13.24,236.364,Nucleotide
Adrenaline,C10H13N0O10,972.48,11.35,869.08,Carbohydrate
Serotonin,C3H24N5O7,908.18,6.02,639.132,Amide
Adrenaline,C5H30N5O8,507.27,3.95,100.976,Hormone
Caffeine,C16H8N1O5,755.21,8.03,612.648,Alkaloid
Dopamine,C12H20N4O6,308.27,9.51,467.902,Hormone
Serotonin,C3H18N2O7,935.73,N/A,279.453,Alcohol
Caffeine,C18H14N3O9,357.23,7.21,907.117,Organic Compound
Ethanol,C7H27N3O5,148.31,N/A,182.547,Amide
Ethanol,C17H14N5O10,60.74,6.09,394.318,Organic Compound
Cholesterol,C15H33N2O1,661.31,3.49,124.585,Amide
Dopamine,C8H24N1O3,768.37,6.98,606.249,Alcohol
Ethanol,C17H29N1O10,726.15,3.72,692.563,Lipid
Caffeine,C3H22N5O3,237.24,4.85,959.366,Alkaloid
Ethanol,C2H11N3O0,72.25,3.52,508.402,Neurotransmitter
Aspirin,C11H18N1O8,822.4,8.16,956.234,Hormone
Glucose,C20H1N5O10,889.18,9.79,257.763,Alcohol
Glucose,C3H2N2O10,423.1,7.02,333.556,Alkaloid
Glucose,C3H36N4O3,938.49,11.83,862.138,Lipid
Dopamine,C8H2N0O1,57.13,6.39,291.297,Neurotransmitter
Aspirin,C9H23N1O1,743.76,4.52,685.131,Alcohol
Urea,C3H38N4O5,637.9,10.39,965.716,Neurotransmitter
Glucose,C20H35N4O4,283.24,4.57,260.632,Nucleotide
Ethanol,C4H25N5O0,561.27,9.29,20.313,Alcohol
Adrenaline,C11H5N0O5,585.42,1.17,793.18,Alcohol
Cholesterol,C11H35N1O5,818.13,5.6,336.568,Alkaloid
Dopamine,C4H25N2O0,273.62,7.12,965.778,Nucleotide
Dopamine,C17H25N2O2,845.91,10.42,652.967,Alcohol
Ethanol,C15H18N0O7,321.13,N/A,907.889,Neurotransmitter
Ethanol,C5H23N0O8,534.22,12.17,222.35,Neurotransmitter
Dopamine,C12H15N0O7,95.56,4.74,531.318,Lipid
Urea,C10H5N0O3,180.1,N/A,239.324,Carbohydrate
Dopamine,C11H20N1O9,792.86,7.14,112.505,Organic Compound
Glucose,C12H39N1O8,168.08,8.53,345.592,Carbohydrate
Adrenaline,C20H29N4O7,461.93,5.25,684.07,Neurotransmitter
Ethanol,C5H11N0O5,965.04,3.53,841.993,Hormone
Serotonin,C1H17N0O2,162.45,3.32,926.36,Amide
Ethanol,C5H1N3O3,160.55,2.32,251.647,Amide
Adenosine triphosphate,C13H19N1O0,881.09,13.52,997.357,Alkaloid
Dopamine,C15H21N5O8,511.8,7.83,785.084,Lipid
Ethanol,C13H9N1O4,959.38,9.65,484.365,Alkaloid
Cholesterol,C10H38N5O3,720.94,11.52,334.129,Alcohol
Cholesterol,C18H4N2O7,295.01,7.47,327.93,Carbohydrate
Adenosine triphosphate,C10H14N3O10,285.08,4.19,66.612,Lipid
Dopamine,C9H19N5O9,125.65,9.0,298.91,Organic Compound
Aspirin,C8H22N4O2,605.54,10.38,533.226,Lipid
Glucose,C20H19N0O10,348.96,N/A,145.82,Hormone
Adrenaline,C16H16N2O8,366.29,12.47,543.512,Organic Compound
Cholesterol,C4H37N2O6,262.94,13.71,366.416,Amide
Ethanol,C16H1N5O0,443.96,N/A,438.273,Amide
Urea,C4H36N4O4,450.2,10.96,275.035,Organic Compound
Glucose,C17H31N0O6,718.24,9.31,216.333,Lipid
Aspirin,C9H32N1O2,87.04,2.05,245.315,Hormone
Adrenaline,C1H20N5O6,996.62,7.26,87.242,Organic Compound
Dopamine,C1H36N5O5,157.43,10.25,280.632,Nucleotide
Adrenaline,C10H32N1O3,776.87,2.65,343.658,Nucleotide
Ethanol,C11H30N0O5,121.92,1.15,161.095,Hormone
Caffeine,C1H20N3O4,110.48,N/A,664.077,Alcohol
Adenosine triphosphate,C10H37N1O1,527.1,10.74,552.853,Alcohol
Aspirin,C9H34N0O6,86.48,11.29,562.28,Nucleotide
Dopamine,C18H12N4O1,341.83,N/A,681.238,Alcohol
Ethanol,C19H6N3O1,288.55,N/A,455.473,Amide
Cholesterol,C6H30N2O5,96.31,9.86,552.665,Nucleotide
Cholesterol,C17H34N2O3,604.76,8.01,400.507,Amide
Ethanol,C18H10N4O3,215.24,10.45,756.634,Alcohol
Glucose,C19H13N3O6,450.43,13.43,247.403,Lipid
Cholesterol,C13H14N3O0,253.01,8.85,552.073,Neurotransmitter
Glucose,C11H21N1O8,172.48,6.05,376.744,Hormone
Adrenaline,C13H5N5O1,478.76,7.07,816.084,Carbohydrate
Caffeine,C20H14N5O4,537.98,8.5,421.055,Nucleotide
Adenosine triphosphate,C3H1N0O9,981.23,N/A,323.066,Lipid
Serotonin,C7H30N0O7,502.01,13.27,586.067,Alcohol
Serotonin,C7H15N2O8,670.3,4.28,137.885,Organic Compound
Adenosine triphosphate,C17H40N2O4,671.26,5.29,923.09,Amide
Adenosine triphosphate,C16H17N3O2,890.92,11.13,272.483,Carbohydrate
Adrenaline,C11H8N5O6,699.87,8.06,981.34,Carbohydrate
Dopamine,C18H38N1O6,232.94,N/A,254.985,Lipid
Glucose,C12H19N0O8,356.36,6.58,965.883,Carbohydrate
Caffeine,C20H17N4O2,475.33,N/A,312.505,Nucleotide
Urea,C9H12N1O3,499.16,N/A,243.793,Carbohydrate
Cholesterol,C10H23N4O3,712.94,11.26,814.003,Lipid
Serotonin,C13H20N3O3,504.64,N/A,466.936,Lipid
Serotonin,C2H38N2O4,394.45,2.95,51.907,Nucleotide
Urea,C14H9N5O4,823.77,6.93,994.919,Alcohol
Urea,C7H35N5O0,595.72,N/A,528.429,Neurotransmitter
Ethanol,C5H10N1O1,417.28,1.8,932.472,Alcohol
Ethanol,C6H3N4O9,544.12,7.62,777.605,Lipid
Serotonin,C6H33N1O4,726.21,3.64,921.44,Neurotransmitter
Serotonin,C3H18N3O1,780.26,2.08,985.077,Neurotransmitter
Adenosine triphosphate,C13H37N2O8,255.95,10.92,476.751,Hormone
Urea,C11H30N3O8,116.23,4.33,281.182,Neurotransmitter
Aspirin,C20H9N4O0,93.49,11.03,718.3,Amide
Urea,C17H36N5O5,817.23,N/A,276.088,Alcohol
Urea,C2H12N5O6,963.06,N/A,641.519,Amide
Caffeine,C10H40N5O2,506.46,N/A,205.79,Nucleotide
Adenosine triphosphate,C12H4N4O7,615.09,6.51,268.875,Nucleotide
Adenosine triphosphate,C20H32N5O9,499.18,N/A,674.693,Carbohydrate
Adrenaline,C17H9N5O5,155.11,12.7,42.657,Alcohol
Serotonin,C9H34N2O0,566.77,5.25,704.857,Alcohol
Aspirin,C20H34N5O10,562.02,6.74,216.727,Neurotransmitter
Urea,C8H2N4O1,109.15,6.93,389.994,Lipid
Serotonin,C4H22N3O0,856.54,8.48,61.166,Amide
Adenosine triphosphate,C14H11N0O10,467.8,1.87,135.135,Amide
Glucose,C7H23N0O9,768.75,2.6,949.72,Neurotransmitter
Cholesterol,C2H20N0O7,646.42,2.58,76.541,Nucleotide
Dopamine,C13H29N1O7,176.44,2.5,707.022,Neurotransmitter
Aspirin,C10H39N1O7,783.26,13.9,806.268,Amide
Serotonin,C7H31N5O10,933.74,3.57,302.014,Nucleotide
Adrenaline,C13H37N1O4,93.37,4.64,132.144,Amide
Caffeine,C3H10N5O4,417.46,7.93,495.179,Lipid
Serotonin,C15H25N0O9,948.47,4.11,876.239,Carbohydrate
Adrenaline,C6H8N5O3,199.35,1.09,771.236,Nucleotide
Cholesterol,C4H34N2O10,584.93,13.03,281.646,Nucleotide
Aspirin,C17H33N1O8,827.67,8.2,184.738,Nucleotide
Glucose,C2H23N1O0,101.74,12.25,278.729,Neurotransmitter
Urea,C10H1N2O7,823.91,8.77,880.198,Alkaloid
Serotonin,C11H17N3O6,168.07,9.87,843.779,Alkaloid
Glucose,C2H2N3O1,881.53,13.39,303.433,Nucleotide
Urea,C6H24N0O7,119.17,3.1,599.042,Carbohydrate
Adenosine triphosphate,C19H31N2O4,70.01,10.95,953.336,Carbohydrate
Serotonin,C2H3N3O6,745.14,6.3,414.235,Alcohol
Caffeine,C1H35N0O8,713.86,3.31,455.966,Neurotransmitter
Serotonin,C2H4N4O6,726.95,4.19,528.836,Amide
Ethanol,C17H13N0O2,90.68,4.14,199.608,Carbohydrate
Aspirin,C12H12N2O8,537.59,8.78,121.626,Nucleotide
Glucose,C12H23N3O1,256.48,6.64,386.991,Alkaloid
Ethanol,C16H14N0O1,838.73,4.93,21.007,Nucleotide
Urea,C4H19N4O5,358.47,N/A,446.765,Hormone
Serotonin,C12H34N1O9,338.45,12.31,420.318,Nucleotide
Aspirin,C13H22N2O6,621.47,N/A,694.868,Alcohol
Urea,C19H13N0O4,51.9,6.01,731.552,Alcohol
Cholesterol,C17H23N0O7,710.55,4.35,337.18,Nucleotide
Cholesterol,C15H32N1O5,297.53,10.34,606.195,Neurotransmitter
Dopamine,C11H34N2O9,490.61,2.96,309.776,Nucleotide
Aspirin,C11H35N2O6,574.39,10.76,951.867,Nucleotide
Ethanol,C6H15N2O9,629.53,N/A,890.184,Neurotransmitter
Glucose,C18H8N4O4,970.55,N/A,735.381,Alkaloid
Glucose,C19H16N5O6,57.22,N/A,448.931,Carbohydrate
Glucose,C10H39N4O0,895.45,13.26,330.76,Lipid
Urea,C4H21N3O7,292.86,5.09,606.871,Alkaloid
Adrenaline,C4H5N3O10,808.69,2.18,460.894,Hormone
Ethanol,C14H14N3O6,59.29,5.01,595.712,Organic Compound
Dopamine,C17H39N2O7,917.66,8.75,230.049,Nucleotide
Serotonin,C20H38N5O0,580.18,N/A,811.626,Alkaloid
Cholesterol,C3H21N5O0,464.55,10.99,857.695,Hormone
Aspirin,C14H19N0O3,167.0,6.07,973.671,Hormone
Adrenaline,C15H36N4O2,856.33,11.87,236.961,Amide
Glucose,C20H40N2O5,877.09,11.09,416.472,Carbohydrate
Dopamine,C6H19N0O3,426.22,4.54,653.172,Hormone
Adenosine triphosphate,C13H10N1O5,418.38,7.93,359.33,Amide
Cholesterol,C13H34N5O3,524.33,2.66,964.221,Carbohydrate
Caffeine,C3H13N1O7,135.47,9.56,862.591,Nucleotide
Serotonin,C12H34N5O8,983.65,1.69,321.721,Organic Compound
Cholesterol,C15H34N1O7,210.44,N/A,749.163,Nucleotide
Adenosine triphosphate,C13H30N1O9,216.6,7.27,389.184,Nucleotide
Adrenaline,C12H24N4O9,479.65,4.87,223.815,Hormone
Cholesterol,C20H38N3O5,842.81,9.2,347.133,Amide
Caffeine,C5H23N4O3,647.85,N/A,98.151,Hormone
Dopamine,C10H5N0O7,609.16,3.4,687.525,Nucleotide
Cholesterol,C10H24N4O1,276.19,1.88,509.651,Organic Compound
Ethanol,C2H6N1O10,55.77,N/A,869.399,Lipid
Adrenaline,C7H36N1O9,618.37,11.34,109.509,Lipid
Urea,C1H39N2O6,214.6,13.46,578.201,Neurotransmitter
Dopamine,C8H36N1O2,622.65,12.7,42.424,Alkaloid
Glucose,C3H17N1O3,703.15,11.91,837.965,Amide
Adenosine triphosphate,C6H22N5O9,954.03,4.11,134.575,Alcohol
Adrenaline,C2H13N1O9,875.79,6.86,437.622,Hormone
Adrenaline,C4H17N5O10,687.6,N/A,120.845,Organic Compound
Dopamine,C13H29N5O8,324.47,10.79,191.156,Neurotransmitter
Ethanol,C3H34N0O0,697.9,N/A,220.771,Alkaloid
Ethanol,C9H4N0O8,335.5,N/A,667.338,Alcohol
Caffeine,C15H16N0O8,159.33,10.63,579.832,Hormone
Aspirin,C7H27N2O9,215.09,9.13,288.925,Nucleotide
Adenosine triphosphate,C6H2N2O5,762.95,11.12,149.844,Organic Compound
Glucose,C11H33N3O6,615.47,N/A,451.907,Neurotransmitter
Urea,C1H2N0O2,875.9,N/A,525.076,Nucleotide
Adrenaline,C11H37N3O5,176.82,10.94,476.038,Lipid
Dopamine,C16H36N4O9,127.11,13.21,249.0,Hormone
Glucose,C20H35N4O4,575.67,4.53,269.551,Organic Compound
Urea,C2H27N1O2,805.16,4.68,846.159,Alkaloid
Cholesterol,C20H13N0O5,619.38,8.75,895.888,Alkaloid
Serotonin,C20H18N1O7,308.99,2.65,635.072,Alcohol
Cholesterol,C7H4N2O3,251.78,N/A,191.924,Lipid
Serotonin,C19H38N2O8,563.23,7.16,132.729,Organic Compound
Urea,C17H7N5O10,263.26,7.13,29.242,Lipid
Caffeine,C19H9N4O7,137.96,N/A,283.708,Nucleotide
Aspirin,C19H1N0O1,830.06,N/A,609.439,Amide
Serotonin,C16H26N2O10,84.27,N/A,187.491,Nucleotide
Adrenaline,C16H33N5O10,182.35,10.83,49.924,Nucleotide
Adrenaline,C15H23N1O2,910.9,13.19,879.115,Alkaloid
Serotonin,C18H5N1O1,315.97,N/A,382.349,Hormone
Serotonin,C10H3N0O3,447.65,5.36,670.376,Alkaloid
Serotonin,C4H1N0O0,489.66,6.81,158.175,Amide
Aspirin,C13H2N5O4,638.42,N/A,211.999,Alcohol
Aspirin,C8H39N5O3,422.88,4.79,820.164,Lipid
Glucose,C11H20N0O3,205.76,2.48,704.603,Nucleotide
Glucose,C14H3N0O10,731.47,11.45,664.969,Nucleotide
Ethanol,C11H2N2O3,774.65,5.3,812.93,Alkaloid
Caffeine,C2H17N1O4,94.46,11.68,574.428,Hormone
Serotonin,C2H26N5O3,418.83,8.48,703.988,Alcohol
Urea,C6H24N3O5,924.66,13.3,415.696,Amide
Cholesterol,C6H3N0O6,414.97,13.51,780.599,Carbohydrate
Dopamine,C19H40N2O8,997.91,6.66,270.198,Alcohol
Urea,C8H13N2O9,876.31,12.8,924.543,Alkaloid
Dopamine,C8H20N3O8,612.62,6.89,299.598,Neurotransmitter
Urea,C1H25N2O3,452.93,N/A,731.204,Carbohydrate
Aspirin,C3H28N3O5,462.9,10.92,402.92,Alcohol
Glucose,C17H26N5O4,447.7,4.82,449.229,Hormone
Aspirin,C18H11N5O10,251.34,1.95,17.284,Alcohol
Ethanol,C4H39N4O9,497.59,N/A,207.671,Neurotransmitter
Glucose,C14H29N5O3,122.67,N/A,734.633,Organic Compound
Aspirin,C15H8N3O3,845.09,10.91,185.823,Carbohydrate
Aspirin,C6H31N5O10,993.63,5.81,221.216,Hormone
Aspirin,C17H22N3O2,769.83,1.91,477.02,Neurotransmitter
Urea,C8H36N1O1,673.45,12.13,768.854,Hormone
Caffeine,C2H18N4O6,151.8,10.08,208.406,Lipid
Cholesterol,C11H15N3O8,674.21,2.17,225.937,Organic Compound
Serotonin,C4H24N3O0,823.39,11.07,333.37,Organic Compound
Cholesterol,C15H28N2O10,379.84,12.24,474.954,Hormone
Adenosine triphosphate,C2H5N2O1,400.37,12.16,675.547,Organic Compound
Adenosine triphosphate,C18H36N2O8,913.89,9.21,587.313,Organic Compound
Adenosine triphosphate,C11H26N2O9,62.1,N/A,130.71,Alcohol
Adenosine triphosphate,C11H9N4O4,79.23,9.05,3.834,Alkaloid
Aspirin,C12H21N4O1,166.99,11.92,225.828,Lipid
Adrenaline,C5H21N4O8,188.72,9.51,601.545,Amide
Adrenaline,C16H12N4O2,234.94,1.59,360.53,Hormone
Cholesterol,C16H36N5O8,717.48,2.47,652.817,Hormone
Dopamine,C7H3N2O10,163.77,7.16,617.725,Lipid
Glucose,C9H32N1O1,705.27,3.41,247.197,Neurotransmitter
Ethanol,C19H25N4O2,118.53,9.68,219.236,Alkaloid
Adenosine triphosphate,C18H2N4O10,89.18,5.76,66.731,Alkaloid
Adenosine triphosphate,C13H30N1O6,478.26,10.44,29.031,Amide
Ethanol,C5H29N5O5,588.57,N/A,757.743,Alkaloid
Serotonin,C12H21N5O3,933.8,1.52,575.426,Carbohydrate
Adenosine triphosphate,C6H15N2O2,588.57,2.38,941.049,Neurotransmitter
Urea,C6H36N5O4,161.37,2.7,439.333,Neurotransmitter
Ethanol,C11H17N3O10,636.67,10.13,228.245,Organic Compound
Urea,C1H28N3O9,388.16,6.31,847.048,Carbohydrate
Glucose,C3H30N3O10,941.53,2.91,660.649,Lipid
Dopamine,C7H15N0O0,605.3,4.89,747.468,Amide
Cholesterol,C17H21N4O5,545.21,12.36,638.488,Nucleotide
Aspirin,C17H4N2O0,688.47,1.17,365.354,Alcohol
Adrenaline,C10H31N0O2,678.17,N/A,947.493,Carbohydrate
Aspirin,C11H10N3O8,912.48,1.67,828.026,Alcohol
Ethanol,C6H37N1O1,265.81,5.3,612.282,Alcohol
Caffeine,C16H31N1O4,958.44,N/A,417.033,Hormone
Dopamine,C17H10N4O3,978.25,9.71,575.108,Nucleotide
Aspirin,C7H10N1O0,530.63,8.82,30.82,Organic Compound
Aspirin,C7H21N3O3,333.53,10.82,678.523,Alcohol
Ethanol,C1H26N0O1,552.83,4.42,330.038,Nucleotide
Ethanol,C15H1N5O7,153.71,10.81,772.44,Amide
Cholesterol,C13H34N4O7,129.75,N/A,279.041,Organic Compound
Adrenaline,C13H15N2O3,67.18,9.9,546.877,Alcohol
Urea,C18H16N2O8,820.96,4.83,811.498,Lipid
Dopamine,C5H14N5O4,216.83,5.2,245.871,Alcohol
Adrenaline,C6H38N5O6,280.19,9.39,687.925,Neurotransmitter
Serotonin,C19H30N2O0,909.86,6.95,346.31,Carbohydrate
Aspirin,C3H37N0O5,998.24,5.55,425.468,Lipid
Dopamine,C6H13N2O2,613.58,8.62,634.516,Alcohol
Glucose,C14H18N2O1,612.54,N/A,256.19,Hormone
Aspirin,C14H2N1O1,636.6,2.83,665.929,Lipid
Cholesterol,C3H35N0O7,859.48,3.27,129.267,Carbohydrate
Cholesterol,C3H4N1O1,473.91,3.06,822.486,Nucleotide
Cholesterol,C1H4N1O0,960.59,8.39,469.317,Alcohol
Adrenaline,C12H26N5O0,995.8,3.85,459.687,Neurotransmitter
Glucose,C14H22N1O9,267.8,11.31,959.745,Amide
Caffeine,C9H2N4O7,774.6,3.0,570.533,Alcohol
Glucose,C10H31N4O10,639.52,8.75,769.012,Neurotransmitter
Adrenaline,C13H5N3O0,767.15,13.59,292.299,Alcohol
Adenosine triphosphate,C13H2N0O4,541.76,8.49,747.803,Amide
Serotonin,C6H6N0O6,886.21,11.78,55.327,Hormone
Ethanol,C3H12N4O3,78.79,9.12,141.497,Amide
Serotonin,C15H18N5O7,780.93,4.89,305.076,Nucleotide
Caffeine,C9H1N4O4,876.75,10.99,701.528,Lipid
Ethanol,C5H34N4O3,251.05,9.61,293.181,Alcohol
Cholesterol,C11H7N2O5,348.62,N/A,350.493,Organic Compound
Adenosine triphosphate,C15H25N4O8,348.08,N/A,673.305,Carbohydrate
Adenosine triphosphate,C17H11N2O1,68.43,13.81,145.636,Organic Compound
Glucose,C5H12N2O10,749.28,4.07,12.118,Organic Compound
Adenosine triphosphate,C7H21N1O5,197.85,1.73,973.381,Alcohol
Caffeine,C12H13N3O2,56.63,6.65,398.417,Hormone
Glucose,C1H4N0O0,484.56,4.55,742.241,Hormone
Dopamine,C2H40N1O2,311.38,12.89,284.139,Carbohydrate
Glucose,C19H34N3O0,859.56,12.62,253.09,Amide
Adrenaline,C20H26N3O7,692.25,N/A,886.498,Lipid
Dopamine,C10H32N4O7,350.21,5.05,830.692,Alkaloid
Cholesterol,C5H38N1O3,107.24,7.57,214.619,Hormone
Aspirin,C3H6N0O1,729.26,3.81,90.969,Alcohol
Adrenaline,C4H4N4O9,849.64,3.67,601.97,Lipid
Serotonin,C15H33N4O8,707.49,8.88,703.635,Amide
Caffeine,C11H36N2O8,417.94,13.96,23.712,Alkaloid
Caffeine,C3H37N4O7,671.46,7.06,761.333,Amide
Cholesterol,C9H11N4O0,571.98,1.97,917.666,Alkaloid
Dopamine,C14H35N3O4,287.8,1.15,990.526,Organic Compound
Adrenaline,C5H12N0O4,509.9,8.12,149.709,Carbohydrate
Serotonin,C7H32N0O1,518.5,N/A,495.152,Alkaloid
Cholesterol,C10H16N2O4,188.17,2.1,279.81,Lipid
Glucose,C6H23N4O7,411.91,3.42,114.688,Hormone
Serotonin,C8H15N1O5,887.67,N/A,472.841,Neurotransmitter
Serotonin,C15H3N0O9,333.17,10.95,847.138,Alkaloid
Adrenaline,C1H10N0O8,859.18,8.1,591.451,Neurotransmitter
Serotonin,C6H9N3O0,366.86,N/A,23.562,Neurotransmitter
Caffeine,C14H14N2O10,830.5,9.67,973.926,Neurotransmitter
Adenosine triphosphate,C12H28N2O8,812.54,9.15,961.815,Carbohydrate
Adrenaline,C16H4N2O1,556.54,9.35,315.854,Carbohydrate
Urea,C15H5N0O1,716.33,13.79,214.429,Organic Compound
Cholesterol,C10H37N1O5,985.52,3.71,895.046,Alkaloid
Adrenaline,C13H38N2O1,610.36,9.77,597.173,Hormone
Glucose,C5H2N0O1,521.82,10.63,215.489,Alkaloid
Adenosine triphosphate,C15H25N0O6,515.83,N/A,175.92,Neurotransmitter
Adenosine triphosphate,C8H32N4O4,181.48,4.06,618.296,Organic Compound
Glucose,C6H34N1O10,577.89,9.32,53.262,Neurotransmitter
Dopamine,C20H19N0O6,927.36,N/A,328.043,Neurotransmitter
Caffeine,C8H20N3O10,659.63,4.86,682.539,Hormone
Cholesterol,C11H34N1O5,875.33,6.59,173.728,Amide
Serotonin,C14H40N4O8,488.81,N/A,272.497,Hormone
Urea,C6H3N1O6,867.66,10.59,8.424,Carbohydrate
Dopamine,C12H23N2O2,154.38,8.64,404.767,Alcohol
Caffeine,C20H5N5O6,242.66,4.95,844.975,Lipid
Dopamine,C10H19N5O4,844.91,4.66,790.271,Neurotransmitter
Dopamine,C7H15N5O5,560.27,9.14,835.945,Organic Compound
Aspirin,C18H25N3O5,820.98,12.36,267.463,Hormone
Adenosine triphosphate,C2H5N2O6,835.65,10.85,405.396,Organic Compound
Caffeine,C20H26N2O5,768.41,13.77,749.187,Alkaloid
Glucose,C7H4N0O8,202.42,4.37,837.781,Organic Compound
Adrenaline,C10H39N5O1,737.92,N/A,115.765,Carbohydrate
Adenosine triphosphate,C15H6N1O4,760.63,13.72,62.12,Amide
Ethanol,C10H18N1O7,822.42,12.46,160.561,Lipid
Dopamine,C1H22N5O2,513.98,5.12,728.827,Nucleotide
Serotonin,C6H27N5O4,505.67,4.61,783.66,Nucleotide
Aspirin,C9H37N5O6,581.85,N/A,628.119,Neurotransmitter
Adrenaline,C12H23N5O9,485.43,6.58,239.751,Alcohol
Dopamine,C1H6N4O4,315.05,4.04,177.377,Carbohydrate
Adenosine triphosphate,C2H38N1O4,995.17,N/A,682.344,Alkaloid
Cholesterol,C3H15N4O4,267.39,12.58,567.314,Alcohol
Dopamine,C14H24N2O7,341.6,7.94,327.175,Amide
Serotonin,C7H30N3O2,475.28,3.12,238.824,Carbohydrate
Aspirin,C8H9N2O8,804.04,N/A,80.637,Nucleotide
Glucose,C11H36N3O2,990.13,7.28,400.852,Amide
Adenosine triphosphate,C11H35N3O7,878.75,1.54,381.188,Alkaloid
Dopamine,C7H25N1O4,969.49,10.39,159.079,Carbohydrate
Glucose,C5H19N0O4,76.06,9.26,138.285,Lipid
Aspirin,C13H36N4O2,837.39,4.17,435.121,Alkaloid
Adrenaline,C8H11N1O4,689.75,1.55,979.358,Organic Compound
Urea,C6H2N1O9,853.22,2.62,246.841,Organic Compound
Glucose,C6H18N4O9,659.42,5.99,628.356,Nucleotide
Adenosine triphosphate,C19H17N0O5,809.88,6.05,310.505,Organic Compound
Serotonin,C9H5N3O2,280.65,7.77,805.795,Lipid
Serotonin,C3H37N3O7,449.64,3.43,295.637,Nucleotide
Caffeine,C7H23N3O7,75.46,8.36,642.145,Lipid
Ethanol,C9H35N2O6,988.45,8.67,837.017,Organic Compound
Glucose,C11H16N4O0,327.71,12.01,805.979,Organic Compound
Ethanol,C20H9N3O9,100.32,1.19,352.065,Lipid
Serotonin,C7H15N4O10,801.31,10.81,974.799,Organic Compound
Urea,C5H8N5O10,342.97,N/A,520.157,Carbohydrate
Serotonin,C3H33N1O5,180.91,N/A,473.195,Hormone
Caffeine,C15H20N0O4,629.89,9.05,920.984,Nucleotide
Ethanol,C11H21N0O7,520.33,8.22,95.19,Amide
Urea,C17H19N2O0,737.12,11.35,694.044,Alcohol
Ethanol,C9H25N3O2,253.54,4.08,752.929,Amide
Serotonin,C13H21N0O9,960.69,4.75,199.653,Organic Compound
Caffeine,C18H11N2O10,710.62,3.89,182.661,Amide
Cholesterol,C12H34N2O9,653.06,N/A,178.844,Neurotransmitter
Cholesterol,C9H13N2O1,112.85,7.24,827.602,Alkaloid
Urea,C9H38N0O6,696.37,6.32,130.135,Alcohol
Cholesterol,C12H10N2O4,859.91,N/A,7.312,Alcohol
Glucose,C2H25N0O0,653.87,7.24,83.004,Amide
Urea,C2H6N3O0,92.6,13.62,52.478,Amide
Ethanol,C9H38N4O8,531.84,N/A,669.812,Carbohydrate
Aspirin,C16H21N4O10,692.98,9.23,111.785,Organic Compound
Adrenaline,C15H31N4O5,708.16,5.31,266.918,Lipid
Urea,C17H15N2O9,195.91,11.18,22.839,Neurotransmitter
Caffeine,C6H19N0O8,882.57,6.27,299.289,Amide
Ethanol,C18H1N5O1,839.55,3.07,655.179,Alcohol
Dopamine,C17H34N4O5,722.79,N/A,336.876,Hormone
Dopamine,C15H9N0O4,659.46,N/A,92.617,Lipid
Urea,C3H19N5O9,176.11,4.82,916.038,Alcohol
Adenosine triphosphate,C9H6N5O3,325.93,6.58,193.705,Alcohol
Glucose,C13H31N2O1,819.11,6.99,445.164,Organic Compound
Adrenaline,C20H28N1O5,417.63,5.29,850.925,Organic Compound
Glucose,C2H29N3O1,773.2,1.67,226.146,Alcohol
Glucose,C13H40N4O10,528.09,5.19,84.279,Hormone
Urea,C10H26N5O9,479.76,7.95,808.64,Alkaloid
Caffeine,C5H38N0O4,224.39,1.35,743.872,Neurotransmitter
Adenosine triphosphate,C8H20N1O4,768.67,8.09,346.099,Organic Compound
Serotonin,C11H13N5O10,429.52,12.02,921.241,Lipid
Adrenaline,C17H11N2O1,853.61,N/A,886.381,Organic Compound
Ethanol,C3H7N4O7,603.01,10.88,160.317,Neurotransmitter
Urea,C16H6N0O6,297.12,9.7,268.479,Lipid
Cholesterol,C3H12N2O6,97.03,3.76,12.845,Hormone
Serotonin,C17H18N3O5,999.73,N/A,520.804,Amide
Adrenaline,C16H8N2O7,235.84,3.3,436.176,Alcohol
Caffeine,C11H22N2O2,824.43,1.34,113.059,Alkaloid
Dopamine,C6H27N1O3,512.94,12.65,209.335,Alcohol
Adenosine triphosphate,C16H7N0O4,509.41,N/A,80.591,Amide
Aspirin,C12H24N3O0,233.89,7.22,453.7,Organic Compound
Adenosine triphosphate,C12H39N4O2,731.84,N/A,255.074,Neurotransmitter
Glucose,C2H14N5O0,270.29,10.09,750.977,Lipid
Ethanol,C9H7N2O10,903.9,9.6,141.616,Amide
Glucose,C13H30N2O0,61.09,4.3,61.69,Neurotransmitter
Aspirin,C20H13N3O9,992.39,11.36,797.926,Amide
Adenosine triphosphate,C8H21N2O1,884.4,7.49,248.931,Carbohydrate
Caffeine,C13H19N4O3,440.57,5.66,946.525,Organic Compound
Adenosine triphosphate,C5H11N0O3,226.99,12.12,959.571,Hormone
Cholesterol,C9H36N0O0,484.02,N/A,227.878,Amide
Adenosine triphosphate,C17H37N3O0,917.4,N/A,421.889,Hormone
Aspirin,C7H5N4O9,353.95,13.51,202.603,Amide
Dopamine,C13H16N1O8,248.23,N/A,930.245,Nucleotide
Aspirin,C13H24N1O5,794.54,11.17,300.378,Amide
Serotonin,C15H14N5O9,664.46,N/A,142.184,Organic Compound
Ethanol,C8H39N4O6,347.28,1.66,609.418,Nucleotide
Caffeine,C17H25N5O3,357.49,N/A,573.171,Lipid
Serotonin,C9H14N1O9,198.27,4.82,791.37,Carbohydrate
Caffeine,C4H26N2O0,989.39,9.26,313.905,Neurotransmitter
Glucose,C9H10N1O0,185.03,12.68,549.443,Hormone
Adrenaline,C6H36N5O8,254.21,13.5,778.787,Hormone
Dopamine,C11H21N3O0,924.83,N/A,716.134,Lipid
Ethanol,C8H30N4O7,905.28,8.69,934.022,Organic Compound
Caffeine,C4H15N2O8,332.43,6.65,236.875,Carbohydrate
Adrenaline,C16H17N0O7,95.75,N/A,505.231,Organic Compound
Adrenaline,C16H26N1O7,237.62,1.79,87.611,Alkaloid
Urea,C8H19N4O5,585.92,N/A,363.171,Lipid
Adrenaline,C12H26N2O0,860.4,6.0,807.029,Alkaloid
Dopamine,C14H9N2O9,971.38,9.46,223.854,Alcohol
Adrenaline,C20H40N1O5,577.23,8.03,133.761,Alkaloid
Urea,C14H26N2O10,494.03,6.64,228.964,Lipid
Adenosine triphosphate,C9H21N4O7,500.96,7.35,682.31,Nucleotide
Ethanol,C13H2N4O2,594.77,2.17,303.647,Hormone
Serotonin,C18H6N5O10,160.96,11.09,450.879,Organic Compound
Adenosine triphosphate,C3H1N3O10,201.57,6.24,258.786,Hormone
Adenosine triphosphate,C19H16N2O2,96.39,11.77,463.078,Nucleotide
Aspirin,C20H1N3O1,876.24,6.08,903.796,Neurotransmitter
Adrenaline,C16H10N1O0,984.6,8.51,698.805,Neurotransmitter
Ethanol,C5H16N3O0,981.19,9.16,512.947,Carbohydrate
Caffeine,C2H27N1O1,803.35,N/A,794.198,Alkaloid
Ethanol,C7H17N0O3,488.64,6.17,835.266,Lipid
Adrenaline,C2H16N3O8,888.81,N/A,683.818,Nucleotide
Serotonin,C8H23N3O8,754.87,13.73,107.14,Lipid
Urea,C15H40N0O5,970.94,N/A,285.964,Nucleotide
Aspirin,C14H29N3O5,50.33,1.63,50.831,Alcohol
Adenosine triphosphate,C13H29N2O5,665.02,2.42,86.81,Organic Compound
Caffeine,C11H9N4O5,545.62,13.82,839.692,Organic Compound
Cholesterol,C6H4N3O8,180.09,10.02,668.87,Alcohol
Caffeine,C13H33N1O4,489.93,11.78,592.044,Nucleotide
Dopamine,C9H4N2O10,847.97,N/A,657.193,Hormone
Caffeine,C9H13N1O10,772.2,7.87,452.665,Hormone
Serotonin,C2H23N0O7,430.96,5.36,3.142,Nucleotide
Cholesterol,C15H32N4O4,751.62,N/A,624.527,Hormone
Urea,C7H25N2O8,818.01,13.63,572.694,Alcohol
Aspirin,C17H7N3O9,461.62,10.73,206.479,Nucleotide
Dopamine,C1H22N4O8,640.53,5.39,527.522,Hormone
Glucose,C5H33N3O9,266.17,4.1,412.096,Carbohydrate
Aspirin,C6H39N0O9,658.01,12.7,143.398,Nucleotide
Aspirin,C5H16N1O3,652.5,N/A,793.466,Neurotransmitter
Ethanol,C12H23N5O10,58.89,2.35,339.727,Organic Compound
Ethanol,C6H6N2O6,209.32,6.35,50.46,Carbohydrate
Ethanol,C1H8N4O4,542.99,1.32,479.999,Hormone
Caffeine,C12H24N5O9,439.27,12.02,654.396,Alkaloid
Urea,C4H30N1O4,528.6,6.12,716.976,Carbohydrate
Glucose,C5H7N5O8,685.55,8.72,308.965,Carbohydrate
Urea,C4H40N2O0,310.42,6.72,314.073,Nucleotide
Aspirin,C3H23N0O2,647.72,13.35,968.915,Hormone
Adrenaline,C17H1N2O6,832.42,3.11,863.546,Hormone
Urea,C16H40N0O9,669.81,12.03,869.42,Carbohydrate
Aspirin,C8H26N3O0,547.49,8.07,160.359,Organic Compound
Serotonin,C20H36N0O8,893.02,4.46,779.11,Neurotransmitter
Ethanol,C3H16N5O2,510.86,8.84,901.495,Alkaloid
Adenosine triphosphate,C9H14N1O2,356.07,7.15,305.568,Alkaloid
Aspirin,C2H20N1O6,119.87,4.18,633.558,Neurotransmitter
Urea,C14H28N3O6,803.85,2.76,386.043,Neurotransmitter
Glucose,C15H19N1O0,477.18,12.51,234.521,Hormone
Adrenaline,C3H18N3O3,690.83,1.96,928.687,Organic Compound
Adenosine triphosphate,C1H16N1O8,179.95,4.27,342.216,Organic Compound
Cholesterol,C17H14N1O5,712.21,6.39,533.269,Amide
Urea,C8H23N5O5,247.69,N/A,350.05,Lipid
Glucose,C6H39N5O4,359.32,N/A,820.773,Neurotransmitter
Adenosine triphosphate,C16H25N4O7,65.93,4.64,46.573,Lipid
Cholesterol,C13H8N5O6,666.45,N/A,249.151,Organic Compound
Urea,C3H21N5O7,845.9,10.26,111.744,Organic Compound
Adenosine triphosphate,C18H18N4O9,335.9,11.73,288.825,Amide
Glucose,C11H21N3O2,55.28,5.97,494.751,Alcohol
Dopamine,C1H19N3O1,69.17,13.63,262.138,Alkaloid
Urea,C19H6N1O4,393.53,9.89,212.456,Hormone
Ethanol,C9H21N1O7,939.79,5.92,75.17,Nucleotide
Dopamine,C9H36N4O1,913.2,12.5,278.221,Alkaloid
Adrenaline,C15H8N5O7,153.03,11.16,387.511,Alcohol
Cholesterol,C18H25N4O0,121.16,2.86,191.247,Alkaloid
Caffeine,C11H4N4O9,105.74,N/A,865.607,Amide
Serotonin,C16H16N2O4,721.39,2.68,422.702,Alcohol
Cholesterol,C6H12N3O10,457.31,5.7,633.408,Lipid
Cholesterol,C17H25N5O7,585.37,2.27,260.229,Lipid
Serotonin,C14H14N1O4,151.69,10.84,969.445,Lipid
Cholesterol,C3H27N4O2,905.37,8.38,554.301,Alcohol
Glucose,C13H40N3O4,985.17,13.61,569.517,Hormone
Glucose,C15H7N2O9,867.76,11.43,574.779,Hormone
Glucose,C14H32N5O1,250.21,8.22,513.842,Alcohol
Dopamine,C17H30N2O3,841.75,N/A,344.321,Alkaloid
Adrenaline,C12H31N0O3,233.31,N/A,618.102,Nucleotide
Glucose,C13H22N1O2,159.87,6.92,38.238,Neurotransmitter
Caffeine,C1H22N1O2,605.25,N/A,423.253,Alkaloid
Adrenaline,C6H18N4O9,698.63,10.19,386.222,Nucleotide
Caffeine,C10H18N1O8,624.46,8.89,800.663,Lipid
Aspirin,C20H1N1O3,440.42,12.23,409.995,Alkaloid
Urea,C9H39N1O8,815.01,7.26,961.97,Amide
Aspirin,C18H21N5O3,601.5,8.3,97.335,Hormone
Glucose,C15H12N1O4,510.25,2.2,470.242,Lipid
Adrenaline,C4H23N3O1,638.55,8.39,8.223,Lipid
Caffeine,C2H8N4O8,309.37,4.4,102.009,Neurotransmitter
Ethanol,C8H9N0O5,732.96,N/A,679.491,Hormone
Ethanol,C12H17N5O2,377.79,8.01,587.701,Carbohydrate
Cholesterol,C9H25N5O10,643.62,6.67,814.9,Neurotransmitter
Urea,C12H11N3O6,566.68,N/A,854.664,Nucleotide
Dopamine,C18H26N4O1,267.78,5.64,348.237,Amide
Glucose,C15H16N0O0,397.07,8.62,916.264,Nucleotide
Caffeine,C13H38N4O8,779.54,2.0,139.387,Alcohol
Adenosine triphosphate,C20H3N2O2,792.32,N/A,55.466,Nucleotide
Cholesterol,C2H3N3O1,909.32,3.04,547.734,Organic Compound
Serotonin,C12H13N4O2,895.6,N/A,969.052,Neurotransmitter
Caffeine,C11H27N4O5,804.41,10.96,776.484,Amide
Caffeine,C5H36N1O1,923.73,N/A,892.698,Organic Compound
Serotonin,C9H13N3O0,773.26,8.3,731.82,Neurotransmitter
Serotonin,C11H39N0O6,764.65,10.85,553.076,Alkaloid
Urea,C20H32N4O3,117.75,1.63,405.435,Amide
Caffeine,C10H30N1O3,768.0,N/A,482.562,Nucleotide
Ethanol,C3H13N2O6,658.03,13.22,486.907,Lipid
Caffeine,C18H19N5O8,634.21,11.45,358.584,Neurotransmitter
Adrenaline,C20H11N2O5,496.48,12.78,103.263,Nucleotide
Adenosine triphosphate,C1H38N4O4,179.77,11.36,468.861,Alkaloid
Urea,C3H36N0O8,670.0,3.28,747.95,Hormone
Cholesterol,C7H2N4O7,656.0,12.91,676.293,Alkaloid
Adenosine triphosphate,C18H14N4O5,105.52,5.76,143.097,Hormone
Adrenaline,C4H34N5O3,757.81,8.46,278.596,Alkaloid
Aspirin,C9H16N0O0,729.97,N/A,859.569,Hormone
Serotonin,C4H6N3O9,392.95,9.44,401.623,Amide
Adenosine triphosphate,C16H11N0O1,690.5,2.66,317.616,Alkaloid
Glucose,C14H16N5O8,285.83,10.06,491.909,Neurotransmitter
Urea,C16H39N4O0,974.36,4.26,817.276,Lipid
Serotonin,C12H8N0O5,762.12,12.1,633.906,Amide
Urea,C11H11N2O4,718.8,11.21,630.939,Alkaloid
Adenosine triphosphate,C9H33N5O3,504.34,3.64,425.607,Alkaloid
Dopamine,C19H21N3O3,395.11,1.84,574.538,Organic Compound
Serotonin,C15H39N4O2,173.9,10.66,941.8,Lipid
Adrenaline,C6H31N1O9,194.17,9.17,186.642,Amide
Cholesterol,C20H24N3O1,598.9,1.67,749.233,Alkaloid
Adrenaline,C12H5N5O1,470.56,1.68,600.752,Lipid
Adrenaline,C3H3N5O0,489.38,2.42,323.234,Nucleotide
Adenosine triphosphate,C13H25N0O9,811.06,5.09,751.118,Alkaloid
Adenosine triphosphate,C5H3N3O2,97.39,8.41,38.811,Carbohydrate
Ethanol,C5H3N3O10,107.88,1.65,652.337,Organic Compound
Caffeine,C2H28N2O5,521.8,6.79,959.019,Lipid
Glucose,C9H2N1O3,127.17,N/A,98.768,Lipid
Aspirin,C15H21N5O6,358.8,N/A,988.283,Carbohydrate
Glucose,C1H6N0O6,934.19,N/A,586.341,Amide
Cholesterol,C8H15N0O9,678.87,4.24,899.074,Hormone
Adrenaline,C1H23N5O0,952.64,4.98,747.124,Nucleotide
Ethanol,C12H6N3O2,308.26,3.98,209.505,Hormone
Serotonin,C18H1N2O3,222.17,8.8,575.051,Organic Compound
Adrenaline,C19H7N0O2,703.12,2.82,801.241,Nucleotide
Cholesterol,C13H28N5O3,317.36,4.3,684.146,Nucleotide
Urea,C15H32N0O9,320.9,13.11,390.666,Hormone
Serotonin,C5H8N2O1,57.4,N/A,504.352,Alcohol
Cholesterol,C3H36N4O7,123.45,7.07,738.393,Hormone
Ethanol,C19H6N0O3,694.33,4.43,726.215,Amide
Dopamine,C1H11N1O5,69.03,6.05,222.555,Hormone
Adenosine triphosphate,C1H38N3O9,675.84,N/A,338.849,Alkaloid
Cholesterol,C9H17N2O3,77.1,N/A,136.735,Carbohydrate
Ethanol,C8H6N2O6,688.19,3.35,307.122,Neurotransmitter
Aspirin,C9H9N4O4,361.01,1.75,791.317,Lipid
Ethanol,C14H27N5O10,792.02,3.71,33.979,Carbohydrate
Caffeine,C10H27N5O1,485.73,4.66,651.114,Lipid
Aspirin,C14H36N0O3,377.32,1.12,445.757,Alkaloid
Adrenaline,C20H40N0O0,437.06,3.22,742.301,Hormone
Adrenaline,C6H38N2O1,698.5,7.51,504.662,Alkaloid
Adrenaline,C16H28N1O3,103.4,6.21,111.237,Alcohol
Cholesterol,C9H32N0O0,782.15,5.98,90.912,Nucleotide
Ethanol,C11H2N4O5,966.32,10.57,57.129,Alkaloid
Serotonin,C3H23N2O8,210.62,N/A,539.293,Hormone
Serotonin,C16H36N1O0,880.97,N/A,267.584,Amide
Serotonin,C14H19N4O1,495.44,4.67,620.669,Neurotransmitter
Caffeine,C7H20N0O6,229.72,7.55,432.336,Nucleotide
Adenosine triphosphate,C6H27N5O4,53.38,3.69,451.104,Nucleotide
Urea,C5H26N5O2,407.12,8.75,324.076,Nucleotide
Cholesterol,C9H10N3O4,712.13,3.03,674.396,Organic Compound
Ethanol,C18H15N0O9,753.12,N/A,198.181,Carbohydrate
Adrenaline,C18H12N3O1,751.71,11.89,582.371,Nucleotide
Adrenaline,C5H4N4O6,549.92,4.75,944.079,Neurotransmitter
Aspirin,C3H28N5O7,353.68,7.83,141.946,Amide
Adrenaline,C6H16N3O2,164.27,8.23,443.671,Carbohydrate
Urea,C17H38N5O10,347.15,8.26,620.794,Organic Compound
Adrenaline,C16H22N2O8,306.88,1.11,790.517,Alkaloid
Ethanol,C6H24N1O2,522.2,4.06,684.413,Neurotransmitter
Adenosine triphosphate,C11H28N2O2,720.3,N/A,51.607,Alcohol
Adenosine triphosphate,C15H14N2O0,157.8,9.08,948.211,Lipid
Urea,C1H35N1O8,634.48,11.58,56.725,Alkaloid
Dopamine,C10H21N1O3,912.29,11.44,571.181,Alkaloid
Aspirin,C3H32N5O6,263.72,7.01,763.685,Amide
Serotonin,C11H34N4O6,423.57,N/A,258.391,Alkaloid
Urea,C12H40N5O4,898.04,3.59,897.034,Alkaloid
Ethanol,C18H16N2O5,955.35,5.94,956.617,Amide
Glucose,C8H24N2O5,468.47,13.35,321.723,Lipid
Urea,C15H24N0O3,264.93,12.67,648.669,Lipid
Serotonin,C10H10N2O2,86.93,12.49,795.043,Nucleotide
Urea,C3H26N3O0,253.05,13.84,143.722,Nucleotide
Glucose,C3H38N3O10,738.41,3.1,433.1,Hormone
Dopamine,C3H15N5O1,150.34,8.47,266.988,Hormone
Adenosine triphosphate,C5H1N1O0,678.95,N/A,471.269,Alcohol
Ethanol,C2H9N1O1,918.79,N/A,467.135,Carbohydrate
Glucose,C11H8N0O6,853.24,2.83,631.792,Lipid
Ethanol,C5H17N3O9,212.8,10.66,733.034,Neurotransmitter
Urea,C11H1N1O5,209.45,11.08,750.516,Lipid
Aspirin,C19H29N2O0,878.44,1.93,914.176,Neurotransmitter
Adenosine triphosphate,C19H13N1O7,683.78,11.08,436.432,Lipid
Aspirin,C4H38N3O0,915.39,6.88,177.096,Alcohol
Urea,C8H17N0O9,584.23,4.18,250.621,Carbohydrate
Aspirin,C4H6N3O9,779.17,5.96,830.729,Alkaloid
Dopamine,C12H2N5O4,174.61,6.22,849.781,Hormone
Glucose,C13H16N0O0,812.09,5.5,7.767,Alkaloid
Cholesterol,C8H31N2O1,389.37,N/A,895.346,Alkaloid
Serotonin,C8H7N1O7,542.21,10.22,73.946,Alkaloid
Ethanol,C15H36N0O8,353.82,12.7,20.438,Alcohol
Urea,C12H25N4O7,299.03,N/A,347.506,Amide
Glucose,C18H13N5O3,395.9,N/A,847.406,Hormone
Dopamine,C7H4N0O8,714.28,N/A,766.702,Nucleotide
Caffeine,C10H13N5O8,706.02,3.2,960.23,Carbohydrate
Adrenaline,C13H16N4O4,348.98,7.22,819.93,Carbohydrate
Serotonin,C2H19N3O7,227.04,8.59,660.906,Lipid
Ethanol,C16H36N0O6,647.06,7.66,958.64,Carbohydrate
Serotonin,C18H35N3O3,643.67,1.21,290.66,Alcohol
Dopamine,C4H37N1O7,547.94,1.94,932.839,Amide
Adrenaline,C18H14N5O7,762.99,4.38,450.963,Lipid
Dopamine,C4H37N1O0,150.86,11.86,619.862,Organic Compound
Aspirin,C7H40N1O5,95.2,2.3,371.633,Nucleotide
Glucose,C4H36N2O2,611.3,13.27,116.67,Nucleotide
Adenosine triphosphate,C12H3N1O6,191.18,N/A,680.515,Amide
Cholesterol,C12H23N0O2,221.06,11.38,496.209,Organic Compound
Dopamine,C2H32N1O7,299.63,9.9,405.736,Amide
Cholesterol,C18H7N0O10,828.39,6.47,594.138,Organic Compound
Ethanol,C12H28N1O0,971.94,N/A,70.102,Carbohydrate
Caffeine,C13H23N0O1,701.24,10.53,693.503,Nucleotide
Adrenaline,C9H7N5O10,170.23,9.77,375.774,Alcohol
Ethanol,C15H20N4O8,376.41,8.25,499.868,Neurotransmitter
Glucose,C18H1N0O6,256.87,8.83,914.685,Lipid
Caffeine,C13H28N0O5,270.35,4.03,81.694,Alkaloid
Aspirin,C15H22N1O10,500.22,13.15,618.272,Amide
Adenosine triphosphate,C6H5N2O3,379.43,8.61,743.695,Lipid
Glucose,C8H10N2O9,54.66,N/A,508.721,Hormone
Adenosine triphosphate,C14H30N1O9,848.7,4.76,25.18,Alkaloid
Ethanol,C20H13N1O8,896.6,7.82,863.552,Neurotransmitter
Aspirin,C17H13N2O4,681.19,12.05,117.815,Nucleotide
Serotonin,C2H1N1O8,320.31,7.73,713.128,Carbohydrate
Dopamine,C6H24N3O9,414.84,12.18,382.284,Lipid
Ethanol,C10H24N5O6,825.66,4.36,431.016,Carbohydrate
Cholesterol,C8H11N2O1,601.08,5.5,276.885,Amide
Adrenaline,C8H6N4O3,226.92,N/A,234.879,Alcohol
Glucose,C7H6N0O1,914.0,4.05,577.95,Nucleotide
Serotonin,C18H11N1O0,897.01,1.99,150.196,Amide
Serotonin,C8H31N4O5,602.2,7.92,843.208,Organic Compound
Ethanol,C11H10N3O4,234.69,6.67,644.81,Alcohol
Aspirin,C18H27N4O3,871.59,3.16,227.493,Alcohol
Dopamine,C11H6N5O0,969.13,8.0,920.998,Nucleotide
Caffeine,C19H7N2O7,278.23,N/A,375.34,Hormone
Aspirin,C9H39N3O10,817.63,1.89,521.419,Alcohol
Urea,C11H10N5O9,540.69,6.66,185.033,Lipid
Aspirin,C6H8N2O5,94.0,11.14,868.061,Hormone
Dopamine,C11H3N4O7,503.92,12.17,162.738,Alcohol
Urea,C10H31N5O1,287.15,5.5,684.73,Nucleotide
Glucose,C4H21N4O3,521.78,N/A,397.001,Alkaloid
Adenosine triphosphate,C18H17N4O9,167.05,4.55,848.187,Organic Compound
Glucose,C7H6N0O7,277.73,N/A,690.383,Nucleotide
Adenosine triphosphate,C9H16N3O6,142.98,3.21,233.967,Lipid
Cholesterol,C18H37N0O0,730.58,13.54,441.85,Alkaloid
Adrenaline,C1H27N5O0,327.61,12.77,660.27,Organic Compound
Adenosine triphosphate,C3H31N2O9,612.75,4.66,572.587,Organic Compound
Glucose,C14H11N1O2,655.77,3.61,919.125,Neurotransmitter
Dopamine,C1H21N0O0,411.24,N/A,924.01,Alcohol
Dopamine,C3H28N1O0,721.97,13.24,613.678,Alcohol
Glucose,C14H33N2O6,429.21,13.19,914.51,Alkaloid
Serotonin,C12H12N2O8,579.82,3.32,214.04,Lipid
Cholesterol,C12H33N5O8,465.03,N/A,370.658,Alcohol
Ethanol,C4H33N0O5,549.61,3.21,172.318,Lipid
Adenosine triphosphate,C5H13N0O10,305.94,11.63,45.688,Lipid
Glucose,C2H4N5O8,813.0,1.78,698.964,Hormone
Caffeine,C13H4N1O8,618.96,1.58,148.813,Alkaloid
Ethanol,C19H26N5O7,759.1,2.22,257.371,Neurotransmitter
Ethanol,C20H39N5O9,975.12,5.6,336.404,Alcohol
Glucose,C14H14N5O5,184.92,12.43,938.964,Amide
Ethanol,C14H2N3O7,393.26,8.29,744.684,Amide
Urea,C4H40N5O9,368.59,2.41,87.452,Alcohol
Urea,C15H11N5O5,309.27,9.29,100.334,Amide
Adenosine triphosphate,C11H23N0O5,935.06,11.69,738.36,Hormone
Adenosine triphosphate,C18H22N3O3,865.58,6.95,674.701,Nucleotide
Ethanol,C9H26N2O0,781.09,5.5,890.457,Carbohydrate
Serotonin,C19H2N3O7,938.48,13.57,628.874,Lipid
Ethanol,C17H29N4O3,308.14,N/A,892.715,Hormone
Adrenaline,C3H19N3O5,716.4,11.62,921.427,Amide
Cholesterol,C5H10N5O10,872.82,N/A,587.639,Alkaloid
Adenosine triphosphate,C9H12N5O0,426.98,N/A,357.604,Lipid
Adrenaline,C7H35N4O2,677.17,12.58,661.868,Alcohol
Caffeine,C18H20N4O2,583.86,12.03,761.357,Alkaloid
Glucose,C3H12N4O10,891.94,13.39,627.768,Neurotransmitter
Serotonin,C19H38N4O1,333.77,9.14,53.326,Hormone
Adrenaline,C13H5N4O10,838.89,8.63,47.06,Nucleotide
Serotonin,C5H9N5O1,85.82,N/A,301.84,Neurotransmitter
Dopamine,C11H30N3O2,634.37,1.8,778.634,Hormone
Urea,C20H29N0O9,191.5,7.71,63.382,Organic Compound
Urea,C1H30N5O5,862.52,13.9,320.246,Alkaloid
Aspirin,C20H23N3O4,694.56,N/A,330.861,Lipid
Caffeine,C19H33N5O7,168.44,7.83,796.946,Carbohydrate
Cholesterol,C15H32N0O1,861.13,9.14,760.777,Hormone
Cholesterol,C7H9N2O2,458.54,N/A,263.457,Alcohol
Glucose,C11H29N4O1,795.53,5.41,180.937,Nucleotide
Cholesterol,C10H19N1O5,254.44,2.28,975.616,Hormone
Ethanol,C8H28N2O5,627.72,13.71,416.847,Hormone
Ethanol,C1H29N2O1,739.13,10.7,416.414,Carbohydrate
Adenosine triphosphate,C7H8N5O3,132.46,13.84,778.461,Carbohydrate
Adenosine triphosphate,C14H12N3O10,947.94,10.53,241.766,Hormone
Adrenaline,C17H12N3O1,493.98,6.98,737.091,Neurotransmitter
Urea,C17H8N4O10,788.17,1.23,658.657,Amide
Glucose,C10H20N4O4,527.66,1.85,385.987,Alkaloid
Ethanol,C2H21N2O8,669.76,N/A,553.122,Hormone
Dopamine,C5H11N5O5,167.36,10.71,702.29,Amide
Adenosine triphosphate,C17H31N0O7,880.65,1.35,370.946,Amide
Adenosine triphosphate,C10H2N4O8,128.24,N/A,132.027,Hormone
Serotonin,C1H7N3O5,666.53,5.62,516.96,Alcohol
Caffeine,C4H16N4O9,444.05,4.81,143.238,Nucleotide
Cholesterol,C18H20N1O8,535.03,1.88,838.727,Organic Compound
Adenosine triphosphate,C11H20N2O6,356.42,10.53,989.648,Amide
Cholesterol,C9H9N0O0,784.15,11.18,618.347,Amide
Aspirin,C17H15N5O6,415.35,6.62,355.812,Hormone
Cholesterol,C7H10N3O10,890.94,5.15,1.978,Alkaloid
Adenosine triphosphate,C16H11N1O9,700.41,8.47,636.231,Lipid
Dopamine,C8H32N2O2,86.77,N/A,443.724,Nucleotide
Dopamine,C1H3N3O3,349.7,3.35,461.025,Amide
Urea,C19H37N3O9,943.98,10.75,992.434,Amide
Adenosine triphosphate,C16H28N4O6,473.95,12.63,701.451,Alcohol
Serotonin,C11H25N5O6,952.98,2.86,438.838,Alcohol
Adenosine triphosphate,C6H12N3O2,396.16,2.85,827.758,Alkaloid
Glucose,C10H39N4O3,288.53,2.38,360.39,Alkaloid
Adenosine triphosphate,C11H37N1O4,926.22,6.15,432.833,Nucleotide
Ethanol,C15H6N0O4,362.41,12.53,918.301,Hormone
Urea,C10H30N1O7,895.63,N/A,193.852,Organic Compound
Cholesterol,C20H23N0O3,545.81,N/A,501.221,Alcohol
Urea,C18H39N3O7,267.92,1.54,191.817,Nucleotide
