compound,formula,mw,pka,solubility_mg_ml,class
Aspirin,C2H5N0O10,577.89,8.17,531.119,Neurotransmitter
Serotonin,C13H18N2O1,785.81,N/A,296.552,Nucleotide
Glucose,C15H3N1O5,375.01,8.48,880.184,Nucleotide
Serotonin,C5H15N1O5,250.89,8.8,675.159,Amide
Cholesterol,C7H18N4O0,190.51,9.73,85.556,Carbohydrate
Dopamine,C17H5N1O2,119.54,7.93,114.288,Amide
Serotonin,C13H14N0O8,752.17,9.87,484.004,Organic Compound
Dopamine,C14H27N4O9,167.74,11.24,173.091,Carbohydrate
Adrenaline,C9H1N3O2,593.93,13.22,607.639,Alkaloid
Glucose,C19H3N0O7,688.08,8.81,814.629,Neurotransmitter
Serotonin,C18H22N5O10,270.26,4.33,606.317,Hormone
Aspirin,C8H8N3O0,701.86,4.12,801.765,Organic Compound
Dopamine,C5H19N0O10,177.32,6.65,697.275,Carbohydrate
Dopamine,C1H35N4O5,350.35,10.94,578.989,Carbohydrate
Caffeine,C6H12N0O0,863.73,2.34,811.389,Organic Compound
Aspirin,C9H17N3O2,445.69,3.93,667.08,Lipid
Cholesterol,C16H5N1O9,70.77,10.03,572.889,Amide
Aspirin,C2H13N3O10,699.05,N/A,276.979,Alkaloid
Aspirin,C6H1N4O2,341.71,5.43,980.851,Alkaloid
Caffeine,C19H26N1O0,762.56,10.02,51.327,Carbohydrate
Urea,C2H21N5O2,854.14,7.23,207.799,Neurotransmitter
Cholesterol,C8H1N5O10,959.25,4.47,2.037,Organic Compound
Urea,C2H33N3O5,912.78,N/A,768.99,Neurotransmitter
Serotonin,C8H7N0O2,604.47,7.78,713.192,Carbohydrate
Dopamine,C5H5N0O2,533.94,6.11,458.998,Nucleotide
Adenosine triphosphate,C6H9N2O7,771.71,9.67,627.915,Organic Compound
Adrenaline,C12H29N4O9,553.25,12.27,26.525,Neurotransmitter
Adrenaline,C19H18N3O8,193.33,2.08,841.031,Alcohol
Adrenaline,C18H15N0O6,242.46,13.42,136.491,Hormone
Dopamine,C12H18N2O6,980.07,3.92,184.081,Organic Compound
Glucose,C7H18N5O0,980.37,8.89,125.791,Neurotransmitter
Caffeine,C13H8N1O6,612.35,N/A,454.759,Hormone
Ethanol,C3H27N2O9,614.67,3.33,344.457,Lipid
Adenosine triphosphate,C14H28N2O5,282.12,8.58,952.723,Hormone
Glucose,C7H25N3O0,222.8,N/A,876.6,Alkaloid
Aspirin,C12H5N2O10,365.88,12.03,977.528,Organic Compound
Glucose,C3H5N4O5,115.71,5.84,719.827,Hormone
Adrenaline,C6H7N0O2,944.25,13.63,365.654,Alcohol
Adenosine triphosphate,C5H14N0O10,106.46,12.88,84.634,Organic Compound
Glucose,C8H14N4O10,428.01,6.84,951.044,Neurotransmitter
Dopamine,C10H22N4O7,81.33,N/A,663.188,Neurotransmitter
Serotonin,C3H14N4O8,238.26,13.2,541.152,Hormone
Ethanol,C13H30N4O1,191.19,7.3,445.342,Alcohol
Ethanol,C5H18N5O10,969.43,3.36,758.101,Organic Compound
Urea,C13H28N0O4,688.31,2.26,42.601,Lipid
Urea,C3H15N4O0,846.54,7.64,99.888,Organic Compound
Caffeine,C8H16N5O6,957.04,11.51,99.57,Hormone
Glucose,C16H19N0O6,546.33,10.4,807.675,Lipid
Adenosine triphosphate,C10H3N0O0,552.62,4.58,72.687,Alcohol
Serotonin,C18H17N1O9,316.5,4.9,214.78,Hormone
Urea,C19H2N0O4,705.25,N/A,644.803,Nucleotide
Caffeine,C4H3N4O9,149.19,8.71,227.429,Nucleotide
Dopamine,C14H16N2O10,928.34,2.1,695.636,Lipid
Ethanol,C15H29N5O5,455.18,12.4,344.159,Amide
Adenosine triphosphate,C16H4N3O4,999.11,11.23,438.55,Alkaloid
Aspirin,C6H34N1O3,696.66,8.0,816.363,Amide
Aspirin,C1H30N0O2,73.52,N/A,523.656,Lipid
Serotonin,C2H12N5O8,615.09,9.39,843.052,Alkaloid
Serotonin,C20H23N4O4,789.88,N/A,57.662,Alkaloid
Dopamine,C13H31N1O6,358.51,5.11,762.787,Hormone
Ethanol,C6H6N3O9,204.35,N/A,396.126,Alkaloid
Adrenaline,C4H1N3O1,526.31,11.13,264.43,Organic Compound
Dopamine,C20H28N0O8,661.73,12.08,879.28,Alkaloid
Ethanol,C10H12N0O9,246.09,13.67,198.521,Hormone
Serotonin,C6H37N5O0,494.52,11.2,551.39,Lipid
Glucose,C5H32N3O10,896.39,9.03,256.504,Alkaloid
Glucose,C6H13N2O6,903.56,N/A,643.378,Alkaloid
Serotonin,C7H3N4O3,452.88,N/A,2.508,Amide
Urea,C12H10N4O2,953.01,N/A,390.927,Organic Compound
Cholesterol,C6H2N5O10,914.84,2.19,245.408,Alkaloid
Glucose,C2H26N4O6,646.75,8.39,776.353,Alcohol
Urea,C4H36N5O7,545.56,7.51,138.487,Lipid
Adrenaline,C13H34N4O10,159.91,5.35,252.531,Alkaloid
Ethanol,C11H14N0O7,727.95,N/A,294.526,Organic Compound
Dopamine,C3H27N2O5,430.44,11.3,600.283,Alcohol
Dopamine,C19H32N4O10,993.83,1.85,460.481,Alkaloid
Ethanol,C14H14N0O4,623.5,5.62,634.333,Carbohydrate
Aspirin,C13H14N4O5,403.23,8.16,264.086,Amide
Urea,C17H26N0O5,447.91,13.66,556.956,Neurotransmitter
Caffeine,C13H40N3O0,629.64,3.3,179.929,Alcohol
Adrenaline,C2H6N0O4,108.37,N/A,426.198,Organic Compound
Adenosine triphosphate,C8H12N5O2,908.1,4.19,696.213,Carbohydrate
Glucose,C14H32N5O10,117.27,1.79,590.705,Alkaloid
Adrenaline,C15H2N3O4,234.45,5.81,439.503,Alcohol
Dopamine,C9H37N5O1,314.67,7.69,932.893,Nucleotide
Adenosine triphosphate,C5H36N0O8,640.17,1.89,937.733,Lipid
Aspirin,C19H11N5O1,448.72,6.83,139.625,Carbohydrate
Aspirin,C2H32N3O6,673.12,2.29,537.75,Hormone
Adenosine triphosphate,C17H25N0O4,607.55,8.78,305.621,Alcohol
Serotonin,C13H21N2O4,520.17,5.54,905.35,Amide
Cholesterol,C17H9N3O6,346.71,N/A,571.045,Nucleotide
Urea,C1H14N2O0,327.92,6.67,307.791,Carbohydrate
Glucose,C14H12N1O3,372.02,N/A,963.923,Organic Compound
Serotonin,C18H16N2O8,356.7,13.94,180.523,Amide
Serotonin,C10H12N4O10,612.88,8.83,236.661,Neurotransmitter
Aspirin,C4H7N3O9,426.14,12.82,148.811,Amide
Ethanol,C19H25N1O1,595.98,3.51,19.506,Nucleotide
Urea,C2H13N2O1,332.55,6.0,53.79,Nucleotide
Cholesterol,C10H3N0O8,651.17,2.71,959.451,Neurotransmitter
Adrenaline,C16H27N3O5,672.85,N/A,813.032,Carbohydrate
Glucose,C7H3N3O8,158.86,N/A,750.734,Carbohydrate
Serotonin,C6H8N4O6,610.77,1.82,243.312,Lipid
Caffeine,C20H10N2O6,224.7,4.82,89.85,Nucleotide
Glucose,C17H21N4O2,572.0,4.97,340.726,Carbohydrate
Caffeine,C19H27N5O3,460.19,7.13,656.657,Alkaloid
Dopamine,C9H20N0O1,225.22,N/A,609.47,Lipid
Ethanol,C8H31N2O10,351.9,10.37,404.674,Neurotransmitter
Serotonin,C4H8N2O4,844.43,3.08,243.213,Carbohydrate
Caffeine,C17H33N1O10,203.91,12.71,298.996,Hormone
Adenosine triphosphate,C5H1N3O9,311.42,1.47,920.062,Amide
Serotonin,C13H36N1O1,659.28,1.8,220.049,Carbohydrate
Adrenaline,C9H20N4O2,497.79,4.99,10.619,Alkaloid
Glucose,C8H37N1O10,53.1,10.62,811.659,Lipid
Adrenaline,C12H1N0O1,332.25,13.39,810.613,Hormone
Ethanol,C8H29N5O2,388.16,10.5,688.511,Nucleotide
Cholesterol,C4H2N3O6,925.9,11.88,54.156,Hormone
Adenosine triphosphate,C6H19N0O6,497.21,N/A,578.325,Alkaloid
Dopamine,C13H9N4O0,894.35,6.99,256.165,Amide
Adenosine triphosphate,C15H29N0O4,200.14,11.54,371.564,Carbohydrate
Cholesterol,C11H40N2O9,171.26,9.99,860.697,Neurotransmitter
Caffeine,C1H18N0O10,330.98,12.68,100.258,Alkaloid
Cholesterol,C4H26N0O4,431.35,N/A,723.612,Nucleotide
Aspirin,C11H31N1O2,355.09,9.32,173.131,Amide
Dopamine,C18H35N3O7,832.91,7.89,487.226,Lipid
Dopamine,C8H8N3O2,791.91,1.9,892.936,Alcohol
Dopamine,C18H11N1O10,659.69,2.59,401.074,Hormone
Adenosine triphosphate,C18H7N5O8,903.73,N/A,885.006,Amide
Dopamine,C15H33N5O5,618.91,5.72,883.446,Amide
Cholesterol,C15H2N1O10,923.32,5.76,591.848,Carbohydrate
Aspirin,C5H6N3O1,406.63,N/A,921.189,Nucleotide
Adrenaline,C4H13N2O1,220.76,8.4,305.404,Nucleotide
Glucose,C11H34N1O10,951.4,7.73,266.242,Alcohol
Dopamine,C13H13N1O7,650.8,12.46,602.566,Neurotransmitter
Glucose,C14H11N0O5,593.79,4.92,711.778,Amide
Serotonin,C5H6N4O2,416.02,11.75,317.078,Alkaloid
Aspirin,C13H17N3O7,961.64,12.14,241.889,Hormone
Dopamine,C11H11N3O5,115.84,13.0,776.465,Organic Compound
Ethanol,C17H35N4O5,881.07,13.83,527.413,Amide
Cholesterol,C6H36N5O8,752.67,4.14,248.354,Amide
Adenosine triphosphate,C9H24N0O10,399.21,2.4,142.394,Carbohydrate
Cholesterol,C20H5N1O4,558.86,13.76,909.744,Alkaloid
Glucose,C7H22N0O9,739.15,7.27,665.041,Carbohydrate
Cholesterol,C18H15N1O6,363.25,N/A,265.245,Amide
Urea,C5H19N5O4,59.74,3.36,834.255,Alkaloid
Dopamine,C7H15N3O2,119.56,N/A,312.207,Lipid
Dopamine,C6H18N2O10,155.48,N/A,903.2,Hormone
Caffeine,C8H22N1O8,709.72,8.69,390.973,Hormone
Urea,C2H24N1O8,845.82,11.99,657.03,Nucleotide
Glucose,C7H39N1O9,427.85,13.96,960.202,Nucleotide
Dopamine,C17H3N2O8,831.53,9.61,303.789,Hormone
Adenosine triphosphate,C4H38N5O6,864.56,5.09,41.656,Amide
Aspirin,C4H21N5O7,757.91,8.77,744.202,Neurotransmitter
Cholesterol,C18H10N5O8,961.49,10.09,302.403,Organic Compound
Dopamine,C2H11N3O3,141.17,10.47,482.516,Alcohol
Adrenaline,C12H21N0O7,163.83,4.6,763.109,Lipid
Serotonin,C12H1N0O8,986.44,N/A,757.185,Organic Compound
Adrenaline,C15H2N0O4,498.73,7.37,384.921,Organic Compound
Adenosine triphosphate,C7H9N0O0,938.11,10.56,556.141,Alkaloid
Glucose,C16H27N2O4,638.92,13.28,367.971,Alcohol
Aspirin,C18H22N1O10,679.78,11.37,493.391,Nucleotide
Glucose,C7H6N1O1,855.47,N/A,433.395,Hormone
Serotonin,C4H1N2O6,228.33,4.54,548.95,Neurotransmitter
Dopamine,C8H40N0O0,441.76,3.52,543.502,Alcohol
Adenosine triphosphate,C16H35N4O0,72.1,7.25,444.984,Lipid
Ethanol,C9H35N3O10,845.28,13.13,384.333,Neurotransmitter
Adenosine triphosphate,C11H22N2O2,724.37,N/A,324.133,Alkaloid
Glucose,C3H8N4O7,670.67,9.8,552.908,Hormone
Caffeine,C4H26N1O6,176.83,2.09,495.62,Neurotransmitter
Ethanol,C13H29N3O9,536.11,N/A,257.017,Neurotransmitter
Adenosine triphosphate,C9H40N0O5,309.85,N/A,215.972,Alkaloid
Cholesterol,C20H25N4O3,183.7,N/A,242.841,Hormone
Caffeine,C16H7N1O3,899.52,3.05,883.61,Amide
Ethanol,C17H29N5O8,947.96,1.16,493.935,Nucleotide
Ethanol,C2H31N5O10,431.02,9.14,588.455,Hormone
Caffeine,C12H19N1O5,471.59,N/A,621.648,Alcohol
Caffeine,C6H19N4O8,558.51,10.99,945.546,Lipid
Aspirin,C17H10N1O8,65.38,12.67,654.478,Hormone
Cholesterol,C11H34N5O3,305.25,13.61,872.331,Amide
Adrenaline,C7H37N5O7,852.01,2.37,623.012,Nucleotide
Serotonin,C7H23N1O10,148.85,6.6,375.241,Alkaloid
Cholesterol,C13H18N0O0,631.28,3.82,185.9,Carbohydrate
Glucose,C19H9N3O2,870.02,10.67,236.722,Organic Compound
Serotonin,C19H37N2O9,872.83,N/A,68.984,Alkaloid
Aspirin,C18H31N5O3,91.41,10.01,780.142,Neurotransmitter
Cholesterol,C16H27N5O0,691.2,N/A,406.14,Alkaloid
Ethanol,C10H4N3O6,454.84,2.74,850.606,Lipid
Adenosine triphosphate,C9H15N2O9,420.04,3.48,177.446,Nucleotide
Adrenaline,C17H2N4O10,176.71,4.93,254.486,Organic Compound
Serotonin,C13H14N5O7,392.8,N/A,359.835,Alkaloid
Caffeine,C1H39N1O2,670.04,9.21,954.113,Organic Compound
Urea,C5H4N4O4,774.19,N/A,526.576,Alcohol
Cholesterol,C13H31N3O8,185.2,8.5,770.606,Organic Compound
Serotonin,C11H18N4O6,567.2,5.52,561.238,Carbohydrate
Glucose,C11H37N5O1,881.53,6.93,625.844,Nucleotide
Urea,C11H30N2O10,144.52,4.54,589.799,Lipid
Dopamine,C4H40N0O10,432.66,12.19,677.096,Amide
Adrenaline,C14H32N0O1,499.88,6.61,524.296,Carbohydrate
Adrenaline,C18H20N4O1,562.54,3.91,367.063,Lipid
Dopamine,C19H17N0O0,240.38,11.78,534.183,Amide
Adenosine triphosphate,C15H11N1O3,337.63,5.72,709.139,Alkaloid
Caffeine,C1H28N5O9,655.83,N/A,351.802,Neurotransmitter
Caffeine,C3H27N0O5,903.64,10.72,230.555,Lipid
Serotonin,C16H26N2O3,121.05,1.12,369.854,Alcohol
Cholesterol,C10H24N3O8,284.73,13.67,621.512,Lipid
Caffeine,C10H39N5O0,449.4,10.95,677.766,Lipid
Ethanol,C1H21N3O4,237.68,11.68,861.935,Neurotransmitter
Urea,C11H29N2O2,399.8,6.41,274.532,Alkaloid
Adrenaline,C1H35N5O3,761.79,4.83,1.168,Nucleotide
Serotonin,C3H21N1O6,933.56,N/A,451.416,Amide
Adrenaline,C17H29N5O10,242.47,11.49,120.059,Lipid
Glucose,C15H33N5O9,619.59,N/A,615.48,Alkaloid
Ethanol,C4H35N3O1,517.63,1.11,40.447,Neurotransmitter
Ethanol,C10H1N4O7,458.38,8.92,376.963,Hormone
Cholesterol,C20H10N2O4,104.08,8.78,199.722,Organic Compound
Urea,C9H19N1O10,644.33,12.88,206.116,Carbohydrate
Glucose,C4H24N1O0,993.02,N/A,570.227,Amide
Glucose,C14H4N0O4,913.96,6.27,661.723,Hormone
Adenosine triphosphate,C2H3N1O5,382.73,12.51,653.596,Nucleotide
Adrenaline,C20H1N5O10,529.68,N/A,511.631,Neurotransmitter
Cholesterol,C8H16N0O7,358.97,11.19,7.527,Amide
Serotonin,C18H39N2O8,822.81,12.11,140.014,Hormone
Adrenaline,C6H9N3O10,558.51,5.14,291.453,Hormone
Urea,C19H24N1O9,963.48,10.11,843.119,Neurotransmitter
Adenosine triphosphate,C10H25N5O10,434.54,N/A,801.073,Amide
Adenosine triphosphate,C6H24N2O0,124.26,4.76,768.88,Carbohydrate
Adrenaline,C16H16N3O8,761.55,13.36,471.335,Nucleotide
Glucose,C10H4N3O7,976.13,9.31,884.914,Organic Compound
Cholesterol,C13H20N0O3,363.61,4.92,288.173,Hormone
Caffeine,C17H16N2O1,308.85,13.4,694.971,Organic Compound
Adrenaline,C7H7N1O9,121.9,7.77,390.383,Lipid
Glucose,C11H16N0O3,566.05,9.41,432.647,Carbohydrate
Glucose,C8H33N2O6,400.78,2.0,673.698,Carbohydrate
Adrenaline,C12H3N5O2,670.04,9.91,638.574,Lipid
Ethanol,C7H12N3O5,506.32,8.16,32.42,Hormone
Glucose,C2H9N5O8,811.25,N/A,995.975,Organic Compound
Dopamine,C12H22N1O0,897.74,N/A,299.714,Alkaloid
Ethanol,C11H4N2O0,253.43,N/A,643.987,Organic Compound
Cholesterol,C4H37N2O8,832.29,8.09,509.95,Hormone
Ethanol,C8H7N4O0,187.79,8.57,53.185,Hormone
Adrenaline,C19H29N4O3,748.01,11.14,232.524,Amide
Glucose,C14H4N1O8,434.2,5.71,931.369,Hormone
Serotonin,C1H29N0O5,375.75,7.74,705.495,Carbohydrate
Aspirin,C11H33N4O0,590.12,7.5,693.529,Alcohol
Ethanol,C17H14N1O0,462.81,11.88,857.885,Neurotransmitter
Urea,C3H7N1O4,374.2,1.71,223.552,Neurotransmitter
Ethanol,C8H22N2O7,881.3,7.39,791.231,Amide
Serotonin,C3H6N0O1,202.94,6.04,979.849,Amide
Dopamine,C17H26N5O9,321.56,5.98,756.018,Neurotransmitter
Caffeine,C1H32N1O7,259.33,3.05,824.12,Alkaloid
Urea,C14H20N3O0,456.98,7.83,168.965,Organic Compound
Adenosine triphosphate,C12H37N1O5,259.98,5.02,420.709,Nucleotide
Adrenaline,C3H20N1O7,223.72,13.94,44.461,Nucleotide
Aspirin,C15H26N5O0,133.63,13.43,579.184,Hormone
Cholesterol,C18H19N2O8,796.27,8.3,155.862,Alkaloid
Urea,C16H27N2O6,791.25,6.43,710.467,Hormone
Caffeine,C14H16N4O6,147.25,2.55,716.48,Alcohol
Cholesterol,C19H20N1O10,809.91,N/A,835.939,Amide
Aspirin,C18H30N1O9,108.83,2.98,321.954,Alcohol
Serotonin,C9H21N0O3,397.99,7.68,236.681,Lipid
Adenosine triphosphate,C12H7N2O8,773.88,8.46,462.305,Amide
Ethanol,C7H5N5O6,685.37,12.06,957.578,Amide
Urea,C10H40N5O0,78.69,8.25,956.13,Alcohol
Dopamine,C15H25N5O3,623.44,11.64,25.323,Nucleotide
Urea,C10H30N1O0,793.78,N/A,320.516,Alcohol
Ethanol,C12H21N3O9,778.54,N/A,922.225,Carbohydrate
Urea,C14H5N1O8,821.66,6.74,298.073,Alkaloid
Aspirin,C9H33N5O7,498.23,7.39,110.433,Organic Compound
Glucose,C14H33N0O8,990.14,10.85,315.033,Nucleotide
Caffeine,C11H8N5O4,660.5,5.67,186.381,Amide
Glucose,C11H14N5O4,429.65,3.12,828.312,Nucleotide
Adrenaline,C11H21N3O3,346.63,4.16,510.213,Organic Compound
Ethanol,C4H38N2O7,192.11,5.91,121.472,Nucleotide
Serotonin,C17H18N0O5,744.88,9.52,338.079,Neurotransmitter
Caffeine,C11H18N5O4,551.89,10.83,959.835,Alcohol
Caffeine,C3H17N2O8,147.33,N/A,546.924,Neurotransmitter
Adenosine triphosphate,C5H25N2O9,636.87,2.19,702.407,Amide
Adenosine triphosphate,C6H18N2O3,449.3,6.41,817.112,Neurotransmitter
Urea,C20H2N1O3,952.79,N/A,182.113,Neurotransmitter
Serotonin,C20H19N0O1,744.9,1.89,705.676,Lipid
Urea,C15H36N3O6,463.09,4.34,871.713,Organic Compound
Cholesterol,C14H28N1O6,266.09,N/A,307.498,Alcohol
Serotonin,C16H4N1O10,978.31,12.24,711.587,Alcohol
Ethanol,C12H36N2O5,819.84,9.15,669.468,Alcohol
Dopamine,C4H14N2O6,431.67,10.8,436.735,Alkaloid
Glucose,C19H9N1O9,111.33,8.1,723.391,Amide
Aspirin,C12H4N3O10,311.7,13.15,404.361,Alcohol
Adrenaline,C5H21N1O10,847.82,1.29,193.202,Neurotransmitter
Ethanol,C11H13N0O2,103.52,N/A,514.554,Neurotransmitter
Glucose,C14H35N1O0,277.45,5.05,70.313,Organic Compound
Ethanol,C8H11N0O4,443.72,12.95,75.178,Hormone
Adenosine triphosphate,C6H27N3O8,547.36,12.28,125.072,Carbohydrate
Serotonin,C8H40N1O6,168.93,10.91,621.998,Neurotransmitter
Adrenaline,C6H10N5O8,366.84,3.22,984.205,Organic Compound
Caffeine,C16H35N1O0,524.72,8.16,558.922,Alkaloid
Adenosine triphosphate,C9H23N1O3,890.2,3.02,795.275,Organic Compound
Aspirin,C4H38N2O0,546.93,5.53,618.912,Neurotransmitter
Aspirin,C17H7N1O7,103.33,5.9,157.394,Carbohydrate
Urea,C2H30N5O5,525.1,2.72,591.445,Organic Compound
Cholesterol,C16H21N1O0,174.42,N/A,190.09,Alcohol
Adenosine triphosphate,C4H28N0O10,72.72,5.25,159.524,Alcohol
Adenosine triphosphate,C13H27N1O9,321.53,10.95,244.8,Hormone
Caffeine,C7H8N4O9,967.14,N/A,96.769,Alcohol
Urea,C17H16N1O0,963.88,3.93,597.228,Nucleotide
Adrenaline,C6H12N0O8,630.09,10.58,279.648,Alkaloid
Cholesterol,C8H11N3O6,646.99,5.5,282.955,Organic Compound
Cholesterol,C13H30N0O6,527.03,N/A,192.353,Alkaloid
Adenosine triphosphate,C2H39N0O4,182.68,N/A,523.061,Nucleotide
Adrenaline,C5H2N0O2,855.3,3.6,477.553,Alkaloid
Adenosine triphosphate,C17H32N2O0,271.46,11.05,61.476,Neurotransmitter
Ethanol,C3H11N5O4,768.19,N/A,323.413,Alcohol
Cholesterol,C9H20N2O9,566.35,2.32,580.613,Nucleotide
Serotonin,C15H15N4O1,890.29,N/A,65.695,Alkaloid
Aspirin,C5H13N1O3,307.23,7.01,767.808,Alcohol
Caffeine,C1H16N5O4,900.12,2.19,387.606,Neurotransmitter
Serotonin,C2H17N2O9,417.3,N/A,65.727,Nucleotide
Adenosine triphosphate,C14H35N5O10,828.86,1.09,935.018,Neurotransmitter
Aspirin,C8H38N5O4,109.85,N/A,244.767,Hormone
Adrenaline,C18H11N2O2,513.41,7.14,731.179,Amide
Urea,C19H34N1O7,590.55,9.2,642.917,Neurotransmitter
Serotonin,C5H26N4O8,323.93,2.86,121.147,Alkaloid
Aspirin,C12H32N2O1,102.67,10.34,489.222,Lipid
Serotonin,C2H18N4O8,779.31,N/A,795.109,Amide
Ethanol,C4H3N5O6,986.35,9.62,186.019,Carbohydrate
Urea,C14H19N0O10,309.66,N/A,218.895,Carbohydrate
Adrenaline,C14H21N1O2,600.06,13.5,817.998,Neurotransmitter
Serotonin,C4H22N2O6,516.7,5.46,770.577,Hormone
Glucose,C15H14N4O7,856.53,6.81,558.751,Alcohol
Glucose,C20H15N1O1,139.52,6.14,756.691,Neurotransmitter
Glucose,C8H37N3O7,904.23,N/A,665.64,Neurotransmitter
Urea,C10H17N0O8,658.86,3.27,390.623,Lipid
Glucose,C6H29N3O0,559.03,1.92,312.692,Organic Compound
Dopamine,C14H21N3O4,960.96,N/A,21.222,Carbohydrate
Glucose,C14H15N3O3,737.7,N/A,279.767,Nucleotide
Cholesterol,C5H15N4O8,631.65,N/A,565.484,Amide
Adrenaline,C7H38N0O2,817.7,N/A,317.423,Lipid
Serotonin,C20H19N5O8,416.22,N/A,374.152,Nucleotide
Adenosine triphosphate,C17H32N3O6,715.76,9.5,607.206,Nucleotide
Cholesterol,C18H21N1O2,188.46,11.36,460.932,Alcohol
Adrenaline,C20H23N5O6,113.45,11.81,963.466,Alcohol
Adenosine triphosphate,C3H16N0O1,380.92,N/A,999.505,Alkaloid
Serotonin,C14H29N1O2,261.24,5.62,94.735,Lipid
Caffeine,C7H22N0O8,415.44,4.12,78.258,Neurotransmitter
Ethanol,C3H38N3O2,817.66,N/A,74.669,Neurotransmitter
Glucose,C4H7N4O3,675.88,N/A,433.592,Amide
Adrenaline,C17H15N3O2,867.29,9.92,2.661,Alkaloid
Caffeine,C7H6N4O3,647.79,4.4,53.724,Amide
Caffeine,C3H17N1O10,908.1,N/A,690.957,Neurotransmitter
Caffeine,C8H26N4O8,677.44,1.87,917.284,Carbohydrate
Glucose,C1H9N5O5,359.24,5.18,13.487,Carbohydrate
Urea,C8H25N1O1,537.01,7.16,412.148,Amide
Cholesterol,C19H5N3O4,449.92,2.85,470.292,Carbohydrate
Ethanol,C3H5N2O2,691.07,2.38,83.557,Amide
Cholesterol,C19H39N5O10,702.87,13.24,851.486,Nucleotide
Aspirin,C4H12N3O8,697.68,8.18,174.882,Carbohydrate
Aspirin,C13H28N5O0,505.45,11.05,800.937,Alcohol
Glucose,C13H21N0O10,756.96,10.94,561.764,Lipid
Aspirin,C20H3N3O10,382.44,4.75,973.35,Lipid
Caffeine,C10H18N5O7,849.74,7.04,817.603,Alkaloid
Aspirin,C20H16N4O0,896.43,13.75,991.844,Organic Compound
Serotonin,C9H2N2O10,77.28,4.94,261.609,Alkaloid
Serotonin,C20H14N3O6,241.57,4.95,214.811,Lipid
Caffeine,C9H34N3O7,770.7,13.36,749.548,Alcohol
Serotonin,C11H12N2O9,483.96,13.74,625.227,Nucleotide
Caffeine,C19H5N1O6,144.21,4.73,368.175,Lipid
Adenosine triphosphate,C19H19N4O8,365.28,13.58,141.982,Amide
Urea,C6H27N4O9,408.86,N/A,668.74,Nucleotide
Urea,C18H7N4O0,639.68,5.6,945.068,Hormone
Glucose,C20H4N0O8,64.88,6.57,911.037,Lipid
Urea,C8H19N5O10,718.89,13.38,390.245,Neurotransmitter
Ethanol,C2H38N3O5,568.03,1.9,528.216,Hormone
Urea,C14H17N0O4,196.93,5.78,469.42,Neurotransmitter
Glucose,C14H10N1O6,682.03,13.7,531.652,Amide
Adenosine triphosphate,C3H37N1O10,752.18,10.08,842.335,Carbohydrate
Cholesterol,C18H14N1O4,115.64,N/A,155.106,Lipid
Adrenaline,C8H22N5O3,918.45,5.63,856.25,Neurotransmitter
Adenosine triphosphate,C16H40N1O3,452.38,1.14,904.532,Organic Compound
Caffeine,C4H9N3O5,990.89,1.65,453.549,Amide
Cholesterol,C18H18N4O9,533.38,13.27,14.765,Lipid
Ethanol,C13H39N3O10,729.01,N/A,375.458,Nucleotide
Adenosine triphosphate,C20H12N5O1,332.04,7.99,876.199,Carbohydrate
Cholesterol,C5H25N3O10,908.35,9.65,278.407,Hormone
Glucose,C1H22N0O10,965.01,12.08,313.121,Neurotransmitter
Urea,C5H1N0O8,883.77,1.95,798.364,Alcohol
Serotonin,C10H22N0O1,216.39,4.06,39.605,Alkaloid
Ethanol,C17H33N4O2,714.24,N/A,479.282,Amide
Ethanol,C2H17N4O7,353.99,4.02,149.695,Alkaloid
Adrenaline,C12H36N5O5,899.5,12.47,683.651,Organic Compound
Adrenaline,C12H35N3O2,812.93,N/A,133.585,Carbohydrate
Adenosine triphosphate,C12H14N0O1,580.88,N/A,757.326,Organic Compound
Adenosine triphosphate,C18H40N1O8,982.06,N/A,900.71,Organic Compound
Caffeine,C7H12N5O7,970.64,11.36,708.75,Alcohol
Caffeine,C10H8N0O2,367.41,N/A,278.085,Alkaloid
Glucose,C10H33N2O8,946.0,5.98,60.517,Hormone
Glucose,C8H29N3O6,142.74,2.14,170.088,Alcohol
Dopamine,C19H23N3O10,86.32,6.67,844.323,Alcohol
Cholesterol,C18H33N1O8,126.63,N/A,546.913,Amide
Adrenaline,C5H19N5O5,732.25,N/A,716.243,Neurotransmitter
Dopamine,C19H10N3O4,181.74,5.77,436.561,Amide
Adenosine triphosphate,C13H16N5O6,353.13,3.7,259.494,Organic Compound
Glucose,C11H35N0O5,871.07,2.06,880.585,Amide
Cholesterol,C18H8N3O0,526.49,3.19,61.261,Neurotransmitter
Serotonin,C17H40N3O2,309.8,N/A,58.275,Alkaloid
Adenosine triphosphate,C18H4N4O4,120.47,6.92,679.92,Nucleotide
Adenosine triphosphate,C11H31N0O9,393.96,11.23,396.49,Hormone
Glucose,C17H27N3O3,76.31,7.85,989.525,Neurotransmitter
Glucose,C12H36N3O8,93.67,2.64,154.054,Nucleotide
Adenosine triphosphate,C16H3N4O5,409.65,1.55,451.069,Amide
Glucose,C20H23N1O1,497.8,9.63,355.251,Alcohol
Adenosine triphosphate,C13H7N2O8,208.8,10.3,805.087,Alcohol
Ethanol,C19H27N0O5,928.84,11.46,892.604,Lipid
Dopamine,C5H9N0O3,112.99,10.75,621.248,Carbohydrate
Cholesterol,C8H29N2O8,454.2,N/A,289.485,Organic Compound
Adenosine triphosphate,C12H13N5O4,924.74,3.02,739.672,Alcohol
Adenosine triphosphate,C11H39N4O7,862.78,12.95,414.624,Alcohol
Adenosine triphosphate,C16H17N5O4,581.18,N/A,331.453,Carbohydrate
Serotonin,C7H25N2O7,906.47,12.38,250.299,Lipid
Aspirin,C13H31N4O9,313.29,3.17,414.686,Alcohol
Ethanol,C11H23N5O0,560.28,N/A,544.881,Amide
Cholesterol,C11H35N0O2,622.82,8.56,516.398,Organic Compound
Serotonin,C11H22N4O0,171.86,N/A,40.03,Alcohol
Cholesterol,C8H38N2O8,498.06,N/A,434.703,Neurotransmitter
Ethanol,C14H12N0O5,533.26,N/A,661.787,Organic Compound
Ethanol,C19H15N5O5,389.38,11.64,636.682,Alcohol
Adenosine triphosphate,C9H1N3O3,608.08,7.57,498.421,Alkaloid
Cholesterol,C12H25N2O9,196.07,3.1,787.096,Amide
Glucose,C20H38N0O9,290.7,6.06,80.143,Carbohydrate
Caffeine,C10H6N0O1,703.94,N/A,563.341,Amide
Adenosine triphosphate,C10H32N3O1,875.57,9.95,863.571,Organic Compound
Aspirin,C12H3N4O2,130.04,N/A,170.005,Amide
Dopamine,C12H5N4O4,691.62,7.7,71.121,Nucleotide
Urea,C4H18N1O4,625.55,N/A,962.179,Alkaloid
Caffeine,C12H37N1O5,383.5,4.34,191.021,Organic Compound
Serotonin,C14H26N5O0,821.19,3.03,709.256,Organic Compound
Serotonin,C11H35N1O3,433.13,3.55,373.269,Lipid
Dopamine,C19H21N0O7,503.77,11.08,283.581,Lipid
Cholesterol,C18H20N0O0,810.33,9.43,74.94,Neurotransmitter
Serotonin,C17H11N0O3,447.3,12.64,99.336,Neurotransmitter
Adrenaline,C12H19N3O6,988.28,8.02,175.422,Lipid
Adenosine triphosphate,C15H25N4O0,119.72,N/A,455.736,Organic Compound
Glucose,C14H26N1O6,627.03,12.61,898.686,Hormone
Dopamine,C20H25N1O2,102.58,10.07,719.458,Nucleotide
Dopamine,C13H31N0O0,292.15,7.67,191.363,Alkaloid
Adrenaline,C19H27N1O1,792.53,6.11,6.068,Carbohydrate
Caffeine,C10H21N0O3,552.49,13.18,802.383,Alkaloid
Serotonin,C16H19N5O1,474.72,N/A,569.235,Carbohydrate
Glucose,C7H3N1O1,646.88,11.49,636.151,Carbohydrate
Adenosine triphosphate,C2H11N2O8,812.7,N/A,777.351,Amide
Urea,C12H9N3O8,513.24,N/A,898.35,Lipid
Glucose,C12H40N5O2,658.18,1.2,966.414,Alcohol
Serotonin,C2H16N5O7,723.54,N/A,517.652,Nucleotide
Aspirin,C6H1N4O4,155.09,N/A,415.63,Amide
Adenosine triphosphate,C18H30N3O9,909.82,1.37,866.764,Amide
Dopamine,C20H6N1O6,837.96,11.46,777.242,Lipid
Adrenaline,C17H39N3O5,367.84,5.8,424.171,Nucleotide
Adenosine triphosphate,C3H19N0O8,791.12,5.28,648.689,Alkaloid
Dopamine,C2H8N4O10,856.77,N/A,818.09,Carbohydrate
Adenosine triphosphate,C19H17N5O5,410.69,1.66,938.837,Amide
Urea,C9H38N3O7,306.32,5.97,933.366,Lipid
Urea,C8H1N0O5,191.07,8.99,498.121,Carbohydrate
Dopamine,C7H38N2O1,728.69,4.94,960.215,Carbohydrate
Urea,C1H40N2O10,82.76,N/A,493.789,Carbohydrate
Adrenaline,C13H36N3O1,346.53,7.4,822.397,Organic Compound
Serotonin,C9H35N4O4,450.48,N/A,976.814,Carbohydrate
Adrenaline,C3H14N3O7,136.75,8.01,109.771,Alkaloid
Glucose,C14H13N0O9,914.09,5.59,303.103,Alkaloid
Dopamine,C8H21N2O0,511.24,1.96,303.595,Neurotransmitter
Aspirin,C14H30N2O6,591.02,5.41,364.296,Lipid
Glucose,C18H16N3O1,532.04,N/A,591.831,Alcohol
Cholesterol,C18H14N2O2,604.07,N/A,160.094,Carbohydrate
Ethanol,C3H27N2O5,704.25,8.42,608.192,Alkaloid
Ethanol,C8H29N5O6,123.18,N/A,886.611,Alcohol
Glucose,C10H11N5O10,760.3,4.44,485.125,Lipid
Serotonin,C17H12N1O2,292.78,11.5,326.213,Hormone
Urea,C10H34N3O1,882.25,N/A,891.589,Lipid
Adenosine triphosphate,C13H10N2O7,143.63,10.61,941.283,Hormone
Urea,C1H1N2O6,560.06,13.98,568.147,Carbohydrate
Serotonin,C18H20N1O2,383.73,4.1,179.648,Hormone
Serotonin,C8H21N4O3,847.76,6.37,167.288,Organic Compound
Cholesterol,C5H32N4O9,697.98,N/A,235.714,Alcohol
Ethanol,C13H14N4O6,562.92,11.75,967.293,Carbohydrate
Dopamine,C4H7N5O8,721.8,2.18,903.422,Alkaloid
Aspirin,C13H40N2O8,392.71,4.47,957.021,Organic Compound
Adrenaline,C17H18N3O1,130.01,5.04,195.777,Hormone
Cholesterol,C14H12N3O9,983.36,3.41,851.069,Neurotransmitter
Dopamine,C1H20N3O1,720.69,5.4,990.063,Alcohol
Adenosine triphosphate,C5H33N3O0,502.38,N/A,41.833,Alcohol
Adrenaline,C7H33N5O9,950.04,N/A,827.753,Organic Compound
Serotonin,C7H23N3O3,445.43,4.13,366.6,Nucleotide
Glucose,C15H35N5O8,953.68,12.87,417.393,Alcohol
Caffeine,C19H18N1O5,394.48,N/A,735.562,Alcohol
Dopamine,C8H3N5O5,438.76,8.21,696.866,Organic Compound
Glucose,C12H22N2O8,971.39,10.59,816.171,Alkaloid
Urea,C2H4N0O10,886.45,10.91,714.964,Alkaloid
Aspirin,C3H32N4O5,838.25,8.42,153.035,Carbohydrate
Serotonin,C15H37N1O1,706.24,11.6,234.049,Carbohydrate
Aspirin,C1H32N3O9,734.02,3.09,343.786,Alkaloid
Adrenaline,C1H3N3O6,989.36,13.08,265.898,Neurotransmitter
Aspirin,C13H33N2O6,849.65,4.12,196.223,Amide
Urea,C16H32N0O5,210.19,N/A,939.995,Nucleotide
Aspirin,C13H21N2O7,972.51,1.09,104.201,Nucleotide
Serotonin,C5H27N4O4,388.22,5.79,238.885,Carbohydrate
Adrenaline,C11H22N4O2,938.57,10.75,255.04,Organic Compound
Adenosine triphosphate,C11H10N1O7,192.54,N/A,731.211,Neurotransmitter
Adrenaline,C3H31N0O10,172.39,11.73,622.836,Alcohol
Aspirin,C9H16N5O10,351.63,3.92,629.468,Amide
Dopamine,C13H5N0O5,797.25,10.55,939.074,Neurotransmitter
Aspirin,C4H8N2O8,669.05,1.61,477.39,Alcohol
Urea,C15H5N5O10,903.79,5.34,961.747,Alkaloid
Adrenaline,C1H35N0O0,135.89,2.42,739.896,Lipid
Ethanol,C19H23N0O3,960.98,2.47,832.146,Neurotransmitter
Serotonin,C9H35N4O2,132.86,11.03,131.904,Alcohol
Adenosine triphosphate,C14H33N1O3,961.22,6.71,955.055,Lipid
Aspirin,C13H27N0O4,791.81,11.76,703.143,Amide
Urea,C16H1N3O7,255.27,N/A,17.218,Nucleotide
Glucose,C7H30N3O8,103.05,N/A,282.822,Neurotransmitter
Cholesterol,C5H25N4O3,735.67,11.81,541.417,Carbohydrate
Urea,C16H11N0O8,602.35,2.27,888.888,Carbohydrate
Dopamine,C18H25N2O2,123.09,11.5,556.09,Alkaloid
Urea,C13H29N4O8,83.38,13.6,760.842,Neurotransmitter
Urea,C5H35N3O1,529.88,6.54,940.708,Organic Compound
Ethanol,C8H9N0O10,628.04,8.57,986.037,Hormone
Adenosine triphosphate,C12H35N0O4,183.67,7.14,542.985,Alcohol
Adenosine triphosphate,C5H38N1O9,993.77,8.54,404.795,Alkaloid
Urea,C19H22N1O4,415.63,11.93,659.411,Organic Compound
Ethanol,C6H33N0O0,788.37,8.3,670.373,Alkaloid
Aspirin,C2H8N4O10,773.18,N/A,107.907,Amide
Dopamine,C7H14N5O2,753.14,7.04,583.961,Organic Compound
Adenosine triphosphate,C13H13N1O1,869.36,4.35,780.243,Hormone
Adrenaline,C15H21N5O7,903.0,12.38,308.634,Carbohydrate
Adenosine triphosphate,C6H28N3O0,344.86,13.4,542.913,Amide
Adrenaline,C18H39N0O7,642.56,N/A,192.088,Alcohol
Adrenaline,C8H40N4O9,759.91,5.3,350.224,Alcohol
Ethanol,C16H1N3O7,232.19,N/A,613.217,Organic Compound
Adrenaline,C7H26N0O3,912.1,N/A,690.387,Neurotransmitter
Adrenaline,C3H39N3O6,362.05,13.9,43.995,Alcohol
Adrenaline,C19H11N4O10,945.29,10.59,450.953,Lipid
Serotonin,C6H26N2O4,520.37,1.81,667.369,Amide
Adenosine triphosphate,C16H35N3O3,454.5,4.9,250.728,Amide
Urea,C10H24N1O2,201.86,10.96,291.497,Carbohydrate
Urea,C10H38N4O0,487.71,4.94,667.685,Amide
Caffeine,C18H7N1O5,744.18,6.38,160.448,Amide
Dopamine,C14H4N5O4,125.3,8.23,110.24,Organic Compound
Glucose,C15H23N5O7,820.27,N/A,841.607,Alkaloid
Dopamine,C9H33N0O6,277.73,2.1,781.919,Alkaloid
Glucose,C5H18N5O3,605.66,9.19,416.746,Amide
Dopamine,C19H30N3O8,60.56,N/A,52.116,Lipid
Urea,C15H4N0O5,107.03,8.71,737.097,Neurotransmitter
Urea,C15H8N4O0,645.57,N/A,504.386,Hormone
Serotonin,C7H3N0O3,891.56,5.07,184.624,Lipid
Ethanol,C12H2N2O5,871.53,2.45,223.817,Amide
Cholesterol,C2H9N0O0,832.04,5.43,913.452,Carbohydrate
Adenosine triphosphate,C8H35N4O1,711.69,9.86,16.149,Hormone
Glucose,C17H1N2O7,524.68,N/A,922.914,Nucleotide
Ethanol,C8H27N3O4,70.64,2.87,244.093,Hormone
Urea,C19H13N3O6,157.15,12.59,300.131,Alkaloid
Aspirin,C9H25N4O7,551.88,4.6,379.697,Alcohol
Urea,C5H36N5O10,635.31,8.65,114.651,Neurotransmitter
Adrenaline,C16H19N2O1,231.98,13.29,445.29,Alcohol
Urea,C17H40N4O10,740.36,9.11,6.439,Lipid
Urea,C5H1N5O2,704.33,10.69,239.674,Carbohydrate
Glucose,C18H23N1O3,575.17,9.32,784.67,Nucleotide
Glucose,C4H31N1O10,447.2,2.0,311.873,Organic Compound
Adenosine triphosphate,C2H27N0O3,590.27,3.68,297.084,Organic Compound
Aspirin,C2H1N0O4,622.65,2.07,494.868,Hormone
Cholesterol,C3H38N1O3,236.43,2.05,680.726,Nucleotide
Cholesterol,C16H34N0O5,718.94,1.23,759.421,Organic Compound
Glucose,C11H35N4O10,413.47,8.92,400.315,Amide
Ethanol,C3H31N2O6,541.94,3.1,112.577,Alcohol
Dopamine,C6H3N0O7,118.02,N/A,755.959,Alcohol
Dopamine,C7H10N4O4,254.32,11.75,976.846,Neurotransmitter
Urea,C3H2N0O5,712.74,11.51,544.952,Amide
Urea,C1H21N2O0,482.29,8.0,836.522,Lipid
Adenosine triphosphate,C2H29N5O5,637.01,13.46,768.786,Organic Compound
Caffeine,C4H8N1O6,229.47,13.95,481.874,Alcohol
Glucose,C20H7N3O9,931.48,2.02,378.89,Lipid
Cholesterol,C11H1N4O1,287.62,2.97,363.935,Alcohol
Aspirin,C17H12N1O3,212.67,10.9,82.683,Alcohol
Caffeine,C13H33N5O8,428.49,8.87,289.239,Alkaloid
Urea,C5H33N1O10,123.83,9.64,454.086,Alcohol
Dopamine,C10H10N0O2,363.84,6.95,505.594,Alcohol
Cholesterol,C14H36N1O10,720.95,9.64,774.927,Nucleotide
Dopamine,C6H23N4O4,206.01,N/A,506.189,Hormone
Cholesterol,C19H34N3O4,223.16,9.33,161.303,Hormone
Cholesterol,C8H37N0O8,821.53,7.93,549.154,Carbohydrate
Urea,C18H19N2O4,522.67,2.14,434.345,Nucleotide
Dopamine,C20H28N4O2,160.57,N/A,864.189,Organic Compound
Ethanol,C20H13N3O9,808.53,3.5,412.692,Neurotransmitter
Cholesterol,C14H17N5O8,767.81,3.66,646.961,Hormone
Adenosine triphosphate,C5H14N4O3,887.04,1.23,122.303,Nucleotide
Ethanol,C17H31N1O6,744.28,5.59,830.119,Organic Compound
Adrenaline,C17H25N3O3,788.99,5.4,370.855,Amide
Serotonin,C15H31N1O5,347.64,1.84,562.171,Hormone
Urea,C9H3N3O1,448.19,2.22,320.204,Organic Compound
Adrenaline,C17H15N3O4,998.4,N/A,915.941,Lipid
Serotonin,C8H7N1O4,287.27,7.43,38.8,Alkaloid
Serotonin,C4H34N3O7,311.63,6.79,692.389,Organic Compound
Dopamine,C5H16N2O1,373.11,10.09,319.891,Neurotransmitter
Dopamine,C12H5N3O9,567.9,N/A,379.622,Alcohol
Caffeine,C20H31N3O3,972.64,N/A,963.444,Alcohol
Cholesterol,C7H38N2O5,70.4,9.2,113.085,Nucleotide
Serotonin,C14H3N0O4,66.25,11.99,385.03,Neurotransmitter
Cholesterol,C5H11N5O7,196.36,3.77,45.487,Lipid
Cholesterol,C18H6N3O7,775.82,10.02,934.277,Alcohol
Urea,C19H28N3O1,629.91,8.14,882.434,Carbohydrate
Caffeine,C4H13N2O6,480.61,6.93,832.868,Alcohol
Caffeine,C5H16N0O1,351.94,N/A,40.653,Hormone
Serotonin,C14H23N0O0,299.95,10.26,63.889,Hormone
Serotonin,C18H37N4O3,203.48,3.81,194.824,Organic Compound
Serotonin,C2H40N4O7,347.17,1.05,612.521,Alcohol
Adrenaline,C4H40N2O2,546.11,11.44,437.719,Alcohol
Glucose,C15H7N5O5,922.73,N/A,550.137,Carbohydrate
Glucose,C9H19N1O10,963.46,1.92,713.564,Nucleotide
Adrenaline,C20H21N0O7,592.05,11.65,871.962,Nucleotide
Aspirin,C10H15N0O8,872.86,N/A,791.557,Carbohydrate
Aspirin,C1H24N5O9,127.85,4.43,147.735,Hormone
Ethanol,C15H5N4O3,469.54,N/A,505.874,Nucleotide
Adenosine triphosphate,C4H15N3O1,284.95,6.98,293.265,Neurotransmitter
Cholesterol,C9H29N2O2,320.63,N/A,585.155,Carbohydrate
Caffeine,C14H34N2O8,789.05,11.13,224.342,Carbohydrate
Adenosine triphosphate,C2H30N1O0,970.48,N/A,289.737,Carbohydrate
Aspirin,C6H10N1O1,706.53,2.97,682.142,Lipid
Serotonin,C17H24N3O2,440.74,N/A,138.305,Organic Compound
Ethanol,C14H15N1O4,651.2,N/A,633.667,Amide
Serotonin,C11H28N2O0,152.38,10.78,648.933,Organic Compound
Ethanol,C15H24N4O6,338.02,4.36,724.832,Hormone
Caffeine,C14H34N2O2,141.58,11.66,732.54,Alkaloid
Adenosine triphosphate,C11H1N5O10,667.94,3.64,728.835,Neurotransmitter
Caffeine,C5H18N1O4,719.19,N/A,918.338,Alcohol
Serotonin,C8H22N5O8,867.98,5.38,764.172,Hormone
Caffeine,C7H19N0O3,884.68,N/A,358.071,Organic Compound
Ethanol,C16H3N1O9,218.57,8.77,357.008,Amide
Adenosine triphosphate,C2H39N5O9,546.28,8.6,986.771,Lipid
Adenosine triphosphate,C14H33N4O3,935.56,9.08,569.215,Alcohol
Aspirin,C9H4N0O8,452.28,N/A,583.354,Neurotransmitter
Caffeine,C9H23N5O8,749.34,12.78,176.22,Alcohol
Urea,C18H6N2O3,662.98,8.79,166.84,Hormone
Dopamine,C7H16N0O9,465.78,N/A,457.289,Amide
Dopamine,C13H32N1O2,353.55,9.84,968.212,Nucleotide
Glucose,C18H6N0O2,675.53,N/A,310.799,Alkaloid
Dopamine,C18H8N5O2,352.58,13.91,216.456,Amide
Aspirin,C5H40N4O2,270.24,8.4,304.151,Lipid
Serotonin,C16H4N5O2,104.12,12.02,139.195,Nucleotide
Serotonin,C9H16N5O10,58.07,4.3,301.586,Neurotransmitter
Aspirin,C15H12N5O0,418.37,13.69,930.863,Amide
Ethanol,C14H7N5O9,347.31,N/A,637.47,Amide
Serotonin,C11H16N2O6,706.34,5.87,844.387,Alkaloid
Glucose,C16H16N4O4,828.58,N/A,333.567,Lipid
Caffeine,C17H15N3O6,902.86,N/A,975.498,Lipid
Glucose,C12H31N5O10,388.83,N/A,725.895,Nucleotide
Glucose,C20H7N0O9,746.8,N/A,674.957,Neurotransmitter
Ethanol,C4H21N5O0,456.76,N/A,529.258,Alkaloid
Glucose,C11H34N3O5,228.54,7.8,69.52,Alcohol
Ethanol,C7H8N3O0,653.23,N/A,100.908,Hormone
Ethanol,C16H30N4O1,953.52,N/A,765.003,Hormone
Glucose,C5H33N1O7,482.73,N/A,916.059,Amide
Urea,C5H15N3O1,675.25,13.89,860.118,Hormone
Caffeine,C10H8N2O9,81.22,8.47,824.88,Hormone
Adenosine triphosphate,C10H25N3O0,300.09,N/A,804.302,Neurotransmitter
Serotonin,C12H39N4O3,667.36,10.93,3.678,Alcohol
Adenosine triphosphate,C9H29N2O8,296.02,4.28,326.641,Alkaloid
Adenosine triphosphate,C4H14N4O10,208.74,1.61,171.095,Carbohydrate
Cholesterol,C11H12N0O10,464.09,6.55,908.405,Neurotransmitter
Cholesterol,C18H9N5O8,209.16,4.59,437.656,Lipid
Urea,C5H33N0O8,966.63,12.72,740.864,Neurotransmitter
Serotonin,C5H32N3O1,635.34,N/A,471.958,Lipid
Adrenaline,C3H30N1O0,692.28,11.52,869.301,Organic Compound
Ethanol,C13H37N4O5,456.43,10.25,511.097,Amide
Serotonin,C6H13N0O4,663.47,4.27,704.836,Alcohol
Ethanol,C10H38N5O0,65.9,5.46,783.689,Alcohol
Serotonin,C10H21N2O8,871.61,N/A,358.093,Organic Compound
Adenosine triphosphate,C9H5N0O7,132.25,10.76,545.774,Carbohydrate
Adrenaline,C3H6N4O2,301.52,N/A,902.27,Alkaloid
Aspirin,C2H39N5O10,933.54,5.67,340.224,Neurotransmitter
Dopamine,C9H15N3O5,732.4,3.16,568.222,Neurotransmitter
Glucose,C2H32N5O7,492.38,9.88,748.847,Alcohol
Serotonin,C9H13N5O1,399.03,4.73,150.007,Hormone
Ethanol,C8H33N3O7,71.53,5.8,922.52,Hormone
Urea,C1H4N1O9,393.68,N/A,21.365,Carbohydrate
Cholesterol,C13H23N4O0,645.79,7.49,52.69,Carbohydrate
Glucose,C6H29N2O8,482.06,2.18,371.012,Alkaloid
Aspirin,C5H39N4O4,837.3,9.93,834.359,Carbohydrate
Glucose,C5H35N2O3,436.9,13.78,671.904,Amide
Aspirin,C14H20N3O9,131.77,2.44,682.911,Hormone
Urea,C7H12N0O8,428.95,8.7,973.427,Alcohol
Urea,C20H16N1O6,953.29,N/A,386.873,Lipid
Adrenaline,C18H26N5O8,786.32,N/A,20.066,Nucleotide
Serotonin,C17H33N2O2,551.07,3.98,613.037,Alcohol
Caffeine,C11H16N2O7,404.8,N/A,940.503,Organic Compound
Urea,C4H8N5O2,606.29,9.44,93.706,Alcohol
Serotonin,C4H10N4O10,362.64,10.6,477.66,Alkaloid
Urea,C8H24N1O7,922.0,12.78,970.779,Organic Compound
Glucose,C17H27N2O1,333.44,5.86,937.405,Lipid
Aspirin,C6H17N4O5,501.49,10.95,356.531,Organic Compound
Urea,C14H5N4O6,583.1,10.77,253.134,Organic Compound
Urea,C14H23N3O0,926.43,2.8,329.772,Neurotransmitter
Adenosine triphosphate,C8H28N5O2,610.07,11.95,275.011,Lipid
Aspirin,C6H29N0O7,407.7,8.56,29.415,Alkaloid
Aspirin,C13H35N2O0,54.94,13.23,537.661,Carbohydrate
Adrenaline,C6H40N1O7,445.34,8.28,856.671,Alcohol
Urea,C6H18N1O6,780.91,N/A,882.266,Amide
Ethanol,C7H17N2O0,373.45,2.14,85.908,Alcohol
Glucose,C14H9N3O3,905.48,9.63,560.697,Carbohydrate
Serotonin,C3H35N3O0,105.84,6.18,876.229,Alkaloid
Cholesterol,C3H25N5O9,478.83,4.71,515.125,Nucleotide
Ethanol,C15H35N1O6,250.88,2.89,927.395,Carbohydrate
Adenosine triphosphate,C12H21N3O1,648.85,5.39,172.664,Alkaloid
Cholesterol,C3H7N3O1,131.96,5.8,532.286,Hormone
Ethanol,C11H27N5O1,799.29,4.92,962.839,Amide
Dopamine,C7H32N4O7,453.3,N/A,441.994,Alkaloid
Serotonin,C16H36N4O9,916.93,11.14,467.488,Lipid
Serotonin,C15H34N5O7,229.74,4.86,965.279,Organic Compound
Urea,C6H23N5O2,414.8,8.25,362.796,Amide
Serotonin,C17H23N3O2,623.07,8.42,809.29,Carbohydrate
Ethanol,C10H12N5O5,946.53,2.83,744.475,Hormone
Urea,C3H16N3O8,268.74,N/A,406.889,Nucleotide
Ethanol,C9H34N2O2,979.02,9.26,975.852,Alcohol
Ethanol,C3H37N4O8,837.47,N/A,172.74,Amide
Urea,C16H17N5O0,920.25,1.13,483.351,Nucleotide
Adrenaline,C6H16N0O6,879.36,12.87,816.067,Nucleotide
Ethanol,C5H27N0O10,862.18,5.41,48.05,Amide
Glucose,C10H40N2O2,936.36,N/A,911.82,Nucleotide
Ethanol,C3H11N4O4,517.3,11.3,177.122,Alcohol
Cholesterol,C13H38N3O1,397.02,11.8,233.731,Nucleotide
Urea,C1H13N0O10,864.7,12.11,923.933,Alcohol
Adrenaline,C15H31N3O2,551.6,5.39,604.325,Organic Compound
Urea,C1H15N5O2,383.32,4.09,349.682,Alkaloid
Adenosine triphosphate,C13H20N3O7,437.11,N/A,431.025,Hormone
Aspirin,C12H8N0O10,374.17,3.1,545.951,Amide
Serotonin,C16H32N2O0,511.37,N/A,985.773,Hormone
Cholesterol,C6H35N2O4,148.32,2.95,250.57,Lipid
Urea,C16H11N2O9,465.44,11.58,170.915,Carbohydrate
Glucose,C16H15N0O3,101.47,N/A,558.975,Carbohydrate
Dopamine,C5H4N5O2,936.04,8.83,259.886,Alkaloid
Cholesterol,C20H39N0O10,636.93,9.57,225.646,Alcohol
Aspirin,C9H13N4O1,821.71,11.16,247.753,Alkaloid
Dopamine,C15H31N2O6,192.67,3.97,328.424,Lipid
Cholesterol,C20H40N1O7,922.57,8.62,850.725,Neurotransmitter
Dopamine,C7H21N3O1,673.13,4.41,937.823,Organic Compound
Caffeine,C10H21N5O5,730.5,12.5,980.118,Nucleotide
Adrenaline,C19H23N0O5,847.65,4.56,540.047,Nucleotide
Urea,C19H7N4O4,507.46,10.75,917.141,Hormone
Adenosine triphosphate,C12H14N4O7,244.32,3.46,844.585,Alcohol
Ethanol,C5H24N3O5,858.55,5.21,75.286,Alkaloid
Adrenaline,C13H16N0O8,725.47,11.05,855.653,Carbohydrate
Adrenaline,C1H39N4O4,375.9,4.25,81.272,Nucleotide
Caffeine,C3H17N0O7,151.21,9.54,698.896,Amide
Serotonin,C8H39N2O5,491.48,10.18,340.528,Amide
Aspirin,C4H3N5O0,126.93,N/A,68.064,Neurotransmitter
Adenosine triphosphate,C3H12N1O1,886.7,7.86,624.737,Nucleotide
Aspirin,C13H17N3O6,300.08,12.96,837.385,Hormone
Cholesterol,C19H38N2O0,913.38,N/A,113.278,Organic Compound
Glucose,C8H9N3O1,147.35,6.97,956.341,Carbohydrate
Adenosine triphosphate,C9H33N2O3,758.62,1.3,865.577,Lipid
Aspirin,C19H24N1O1,671.48,9.9,731.903,Nucleotide
Adrenaline,C10H18N0O0,501.26,4.62,875.689,Organic Compound
Glucose,C11H28N0O10,899.72,11.59,704.86,Organic Compound
Caffeine,C1H1N4O6,432.66,1.91,683.745,Carbohydrate
Dopamine,C10H1N3O4,141.0,9.62,396.346,Alcohol
Glucose,C11H26N4O8,591.12,5.06,51.273,Alcohol
Serotonin,C8H20N4O10,613.19,12.64,382.787,Alkaloid
Adrenaline,C5H25N5O10,199.92,N/A,241.169,Nucleotide
Glucose,C17H9N5O5,945.57,N/A,961.429,Organic Compound
Adrenaline,C9H25N1O4,957.66,7.44,383.598,Carbohydrate
Caffeine,C4H36N5O7,231.53,N/A,767.111,Organic Compound
Urea,C9H19N3O10,988.62,N/A,783.664,Organic Compound
Serotonin,C15H10N0O7,609.08,10.64,334.969,Amide
Urea,C15H2N2O3,566.31,6.47,833.563,Nucleotide
Urea,C17H34N5O8,698.52,7.98,162.846,Nucleotide
Aspirin,C9H14N3O10,332.7,3.23,553.768,Alcohol
Cholesterol,C3H29N2O4,789.99,N/A,785.349,Carbohydrate
Cholesterol,C17H14N0O6,760.21,7.85,598.621,Lipid
Serotonin,C3H12N0O8,584.55,5.34,399.115,Alcohol
Dopamine,C17H7N5O6,404.86,12.25,564.952,Alkaloid
Caffeine,C15H37N0O8,778.68,13.51,469.373,Hormone
Serotonin,C3H34N4O3,232.93,1.25,670.669,Nucleotide
Aspirin,C20H17N2O7,488.31,12.03,981.244,Organic Compound
Dopamine,C11H25N2O5,84.86,8.59,92.858,Hormone
Aspirin,C3H17N2O4,381.77,4.56,44.539,Carbohydrate
Aspirin,C13H9N0O5,960.44,N/A,497.015,Carbohydrate
Glucose,C7H40N2O9,600.89,13.86,618.124,Amide
Glucose,C20H3N1O3,943.01,7.29,676.792,Alcohol
Serotonin,C15H39N5O9,395.69,13.66,421.156,Organic Compound
Serotonin,C5H6N3O1,998.9,4.13,261.629,Amide
Serotonin,C10H3N4O5,692.76,3.32,502.53,Alcohol
Urea,C6H15N1O7,312.16,11.64,456.927,Carbohydrate
Adenosine triphosphate,C4H9N5O4,634.34,13.88,854.136,Neurotransmitter
Caffeine,C10H12N1O4,237.11,14.0,715.619,Carbohydrate
Adrenaline,C11H11N3O7,679.02,8.82,108.665,Alcohol
Ethanol,C4H34N3O2,722.8,2.18,518.933,Nucleotide
Cholesterol,C7H13N0O1,784.16,10.06,800.995,Alcohol
Serotonin,C19H37N3O10,664.12,11.1,849.82,Hormone
Caffeine,C12H19N3O1,443.77,3.47,874.106,Lipid
Adrenaline,C10H38N1O8,597.29,6.82,212.119,Lipid
Urea,C8H8N1O8,812.68,3.48,557.826,Nucleotide
Adenosine triphosphate,C19H7N4O0,588.65,6.72,180.839,Nucleotide
Caffeine,C15H9N1O0,93.33,8.85,353.98,Hormone
Adenosine triphosphate,C15H31N1O0,995.45,9.78,598.103,Neurotransmitter
Ethanol,C6H31N5O6,161.21,5.08,127.791,Neurotransmitter
Caffeine,C17H35N5O10,952.4,5.53,613.038,Carbohydrate
Glucose,C2H6N4O4,375.53,12.93,286.622,Neurotransmitter
Serotonin,C11H29N4O2,558.0,N/A,792.558,Nucleotide
Adrenaline,C9H32N0O7,581.56,4.0,950.222,Alkaloid
Adrenaline,C20H39N0O3,938.64,10.78,174.29,Carbohydrate
Glucose,C10H26N3O10,496.47,12.73,473.147,Alcohol
Glucose,C14H15N3O1,581.87,5.94,806.368,Amide
Caffeine,C8H7N2O5,413.84,3.1,900.074,Organic Compound
Aspirin,C6H3N1O5,354.59,10.87,342.997,Organic Compound
Adenosine triphosphate,C10H29N2O10,290.92,11.96,216.904,Hormone
Adrenaline,C11H14N2O6,561.32,8.06,558.408,Hormone
Cholesterol,C6H16N2O4,654.28,10.38,275.274,Neurotransmitter
Cholesterol,C17H29N3O8,811.04,13.33,787.585,Hormone
Dopamine,C5H36N1O6,868.23,2.42,670.884,Lipid
Aspirin,C9H1N3O6,301.54,13.74,900.402,Nucleotide
Cholesterol,C20H29N1O5,174.17,6.01,264.646,Hormone
Caffeine,C2H32N1O4,161.99,N/A,553.194,Nucleotide
Aspirin,C9H40N5O6,556.58,11.19,333.575,Alkaloid
Urea,C8H17N0O1,891.54,13.84,970.319,Nucleotide
Aspirin,C1H5N5O0,626.45,3.0,308.285,Nucleotide
Dopamine,C20H11N4O8,978.23,N/A,970.452,Neurotransmitter
Aspirin,C1H13N0O7,470.87,2.1,973.696,Alkaloid
Cholesterol,C20H11N1O2,245.79,N/A,952.642,Alcohol
Adenosine triphosphate,C3H14N0O6,667.2,4.27,348.975,Organic Compound
Dopamine,C9H6N2O1,856.68,9.53,215.768,Lipid
Adenosine triphosphate,C13H35N3O7,556.48,11.18,736.844,Organic Compound
Urea,C19H27N2O7,906.34,1.95,908.809,Organic Compound
Adenosine triphosphate,C1H19N4O0,366.74,5.96,788.384,Carbohydrate
Urea,C5H14N5O7,503.67,2.25,227.064,Carbohydrate
Adrenaline,C12H5N3O3,871.57,N/A,432.114,Hormone
Dopamine,C13H5N1O2,659.21,10.07,103.594,Carbohydrate
Dopamine,C5H36N4O3,558.63,8.18,212.382,Carbohydrate
Adrenaline,C13H10N3O4,657.81,10.46,979.214,Carbohydrate
Adenosine triphosphate,C17H15N3O2,157.47,10.67,37.4,Hormone
Urea,C12H36N2O10,50.9,N/A,781.55,Hormone
Aspirin,C19H26N1O1,673.26,9.38,500.596,Lipid
Dopamine,C3H35N4O3,778.5,N/A,124.477,Organic Compound
Adenosine triphosphate,C9H8N1O1,940.73,N/A,716.559,Lipid
Caffeine,C12H18N0O3,391.18,6.98,167.135,Amide
Urea,C6H7N4O1,382.64,1.82,982.599,Lipid
Dopamine,C13H32N0O6,895.3,N/A,293.809,Hormone
Cholesterol,C19H14N0O6,707.14,9.07,507.116,Organic Compound
Urea,C13H28N5O2,982.8,12.97,578.928,Organic Compound
Aspirin,C8H16N2O2,471.85,8.68,570.84,Neurotransmitter
Caffeine,C6H26N2O7,521.96,7.96,362.539,Nucleotide
Ethanol,C1H1N3O7,252.15,5.06,487.88,Hormone
Dopamine,C15H32N2O7,884.84,8.81,261.876,Lipid
Adenosine triphosphate,C16H33N3O4,897.98,2.05,72.276,Amide
Adrenaline,C14H19N4O5,403.23,12.6,388.089,Nucleotide
Aspirin,C12H36N5O0,914.96,2.35,516.6,Carbohydrate
Glucose,C1H28N3O5,375.46,10.29,741.284,Alkaloid
Glucose,C4H23N4O2,815.89,2.91,944.653,Nucleotide
Adenosine triphosphate,C15H35N3O4,631.34,N/A,304.453,Alkaloid
Ethanol,C7H33N0O4,929.21,4.02,698.81,Nucleotide
Cholesterol,C13H28N0O10,106.8,6.46,202.461,Carbohydrate
Glucose,C4H27N1O8,261.23,2.2,736.96,Alkaloid
Aspirin,C3H16N5O7,246.04,3.88,868.255,Hormone
Cholesterol,C8H7N0O0,655.72,8.76,460.502,Hormone
Glucose,C7H28N4O7,546.22,1.11,371.736,Carbohydrate
Glucose,C17H7N4O10,511.18,9.82,200.038,Alkaloid
Adrenaline,C20H2N0O0,257.2,2.42,536.055,Carbohydrate
Caffeine,C4H1N5O3,671.32,5.23,676.706,Alkaloid
Serotonin,C11H11N2O9,809.41,13.78,694.169,Neurotransmitter
Glucose,C20H31N1O1,666.73,12.33,985.443,Organic Compound
Dopamine,C19H2N1O6,267.67,3.72,806.687,Organic Compound
Glucose,C13H16N4O1,650.74,13.7,479.68,Carbohydrate
Adrenaline,C15H23N0O1,813.1,3.22,755.369,Hormone
Caffeine,C1H10N2O3,104.17,4.22,812.372,Lipid
Caffeine,C11H11N4O10,388.84,10.89,361.198,Carbohydrate
Dopamine,C10H35N5O3,814.74,N/A,937.936,Amide
Dopamine,C18H21N3O3,765.27,2.15,237.103,Alcohol
Serotonin,C18H23N0O8,521.6,2.09,968.598,Amide
Adrenaline,C20H23N0O10,504.39,5.46,130.002,Hormone
Aspirin,C3H16N1O5,549.7,N/A,482.476,Alcohol
Glucose,C5H37N0O1,694.94,9.47,566.662,Amide
Dopamine,C15H8N1O6,814.91,N/A,842.609,Lipid
Cholesterol,C11H1N0O8,682.9,5.6,612.116,Organic Compound
Ethanol,C7H12N0O7,239.23,1.75,607.302,Neurotransmitter
Dopamine,C2H33N1O1,372.09,N/A,385.602,Hormone
Ethanol,C11H10N2O1,275.46,N/A,23.07,Hormone
Adrenaline,C16H37N5O10,928.48,1.42,359.633,Alkaloid
Serotonin,C1H12N2O0,333.11,4.92,113.966,Amide
Adrenaline,C2H26N4O2,540.31,1.67,216.855,Carbohydrate
Urea,C10H31N3O4,572.88,7.3,22.018,Amide
Aspirin,C16H40N0O8,128.95,4.0,683.247,Alkaloid
Adrenaline,C9H23N5O10,267.61,N/A,116.774,Alcohol
Serotonin,C12H26N1O0,727.81,11.72,461.575,Amide
Adenosine triphosphate,C20H22N3O1,604.18,7.06,66.565,Amide
Dopamine,C13H32N4O1,450.46,4.08,267.166,Organic Compound
Adrenaline,C2H5N4O8,723.72,6.67,742.184,Carbohydrate
Adenosine triphosphate,C15H28N4O4,124.22,2.52,512.359,Carbohydrate
Cholesterol,C11H2N1O10,196.77,12.36,692.33,Lipid
Adrenaline,C1H39N2O10,477.24,5.03,555.325,Hormone
Aspirin,C3H16N0O5,640.71,5.59,663.557,Alkaloid
Serotonin,C15H35N1O9,651.4,2.52,327.173,Lipid
Dopamine,C3H32N3O9,869.06,3.59,657.366,Nucleotide
Urea,C10H21N2O0,660.0,5.41,162.425,Alkaloid
Caffeine,C19H40N2O7,687.52,N/A,381.125,Amide
Ethanol,C19H24N4O1,286.64,4.17,606.027,Carbohydrate
Caffeine,C18H23N5O9,159.72,N/A,429.981,Organic Compound
Adrenaline,C19H13N4O2,177.38,2.6,56.443,Alcohol
Adrenaline,C18H5N4O5,629.67,6.44,983.16,Lipid
Adenosine triphosphate,C16H8N2O8,829.53,3.16,468.207,Amide
Adrenaline,C10H14N5O6,876.14,12.4,531.259,Hormone
Caffeine,C8H7N4O3,992.76,6.54,877.068,Neurotransmitter
Dopamine,C17H10N1O4,940.78,8.93,932.237,Alkaloid
Adenosine triphosphate,C13H29N4O10,94.47,N/A,131.58,Organic Compound
Glucose,C17H29N2O4,294.11,4.14,591.84,Neurotransmitter
Ethanol,C10H24N2O7,354.67,12.82,778.456,Lipid
Dopamine,C6H10N5O10,824.44,1.12,708.108,Lipid
Adenosine triphosphate,C1H26N3O8,637.89,4.21,158.888,Lipid
Caffeine,C12H20N3O2,410.65,3.66,611.97,Alcohol
Aspirin,C16H7N2O8,112.0,N/A,509.889,Amide
Dopamine,C12H21N4O7,945.52,6.64,10.791,Nucleotide
Ethanol,C12H36N3O5,529.06,5.59,487.948,Alcohol
Cholesterol,C6H32N4O3,623.77,9.97,863.293,Amide
Ethanol,C9H2N2O4,611.81,10.75,918.009,Alcohol
Urea,C6H13N0O9,699.58,4.34,582.94,Organic Compound
Dopamine,C4H4N1O5,661.58,N/A,608.876,Alkaloid
Aspirin,C12H38N4O10,171.11,12.72,143.811,Amide
Adrenaline,C6H21N1O1,513.08,N/A,331.097,Alkaloid
Caffeine,C14H3N4O3,556.25,N/A,191.91,Alkaloid
Urea,C7H20N5O7,445.83,3.88,156.746,Amide
Dopamine,C11H24N0O7,575.16,8.81,122.224,Neurotransmitter
Dopamine,C1H11N1O4,129.2,12.72,863.023,Organic Compound
Adenosine triphosphate,C20H27N2O9,479.37,11.91,154.897,Alkaloid
Glucose,C2H15N0O4,428.65,8.82,574.484,Alkaloid
Adrenaline,C19H17N5O8,505.99,4.47,784.079,Organic Compound
Adrenaline,C17H11N5O0,153.05,1.7,646.425,Alcohol
Urea,C6H30N2O7,361.84,11.23,624.487,Alkaloid
Aspirin,C11H16N5O2,553.02,13.28,998.643,Organic Compound
Glucose,C3H30N2O9,530.84,N/A,625.316,Alkaloid
Serotonin,C7H1N4O3,95.68,10.91,215.898,Alkaloid
Cholesterol,C7H22N4O4,969.77,N/A,795.877,Carbohydrate
Caffeine,C14H13N0O7,734.15,11.01,383.81,Alkaloid
Urea,C11H4N5O5,395.62,2.92,74.348,Organic Compound
Urea,C10H6N4O0,407.33,12.39,84.885,Hormone
Cholesterol,C10H2N1O5,410.56,N/A,427.444,Hormone
Ethanol,C9H33N0O2,871.87,2.65,930.891,Nucleotide
Glucose,C19H25N2O6,835.95,13.73,78.648,Alcohol
Serotonin,C11H18N4O4,959.1,3.55,195.01,Amide
Adenosine triphosphate,C3H8N1O1,152.83,13.32,161.556,Alcohol
Urea,C1H21N2O5,123.77,10.73,266.153,Alcohol
Caffeine,C4H13N2O3,618.56,7.65,380.485,Lipid
Ethanol,C19H9N2O3,525.48,N/A,315.42,Nucleotide
Adrenaline,C13H24N4O8,621.9,11.27,269.297,Amide
Ethanol,C2H7N4O2,584.97,10.78,513.447,Lipid
Glucose,C19H19N2O6,717.79,2.85,885.266,Neurotransmitter
Cholesterol,C10H26N1O9,859.53,8.12,978.365,Organic Compound
Adenosine triphosphate,C17H24N0O3,591.7,11.08,675.093,Organic Compound
Urea,C9H14N5O9,86.59,4.87,616.737,Nucleotide
Dopamine,C7H38N0O9,55.01,3.84,833.15,Alcohol
Dopamine,C9H2N0O1,338.69,10.3,796.576,Alkaloid
Ethanol,C11H36N5O1,974.92,N/A,200.871,Nucleotide
Aspirin,C3H5N1O6,386.37,4.85,948.018,Alkaloid
Urea,C19H35N3O8,107.95,7.4,881.896,Nucleotide
Caffeine,C7H1N1O3,687.16,9.42,660.128,Carbohydrate
Adenosine triphosphate,C14H5N4O3,197.0,9.65,188.233,Organic Compound
Glucose,C3H23N4O4,69.56,N/A,3.817,Organic Compound
Serotonin,C6H12N2O7,117.08,4.32,762.65,Nucleotide
Cholesterol,C4H25N0O2,822.3,N/A,338.754,Nucleotide
Serotonin,C15H37N5O0,64.51,2.95,538.89,Amide
Caffeine,C7H34N4O6,542.04,8.72,83.514,Neurotransmitter
Cholesterol,C6H16N0O9,260.05,6.97,886.595,Amide
Aspirin,C13H16N1O1,560.97,5.75,721.613,Neurotransmitter
Adrenaline,C7H7N2O7,92.63,3.9,733.5,Alcohol
Serotonin,C11H14N0O6,367.48,12.86,318.382,Alkaloid
Dopamine,C15H3N0O8,502.53,11.82,134.098,Nucleotide
Urea,C14H4N5O4,953.83,N/A,905.26,Amide
Glucose,C8H23N0O7,627.17,8.08,787.188,Amide
Urea,C15H27N0O10,708.26,3.64,797.224,Hormone
Dopamine,C13H30N0O4,786.62,1.76,545.37,Hormone
Urea,C2H14N3O6,840.36,2.05,19.814,Amide
Serotonin,C3H25N4O0,845.63,7.68,263.411,Nucleotide
Serotonin,C15H37N0O7,838.87,N/A,127.702,Carbohydrate
Cholesterol,C14H6N5O0,500.11,4.79,449.354,Neurotransmitter
Cholesterol,C8H24N2O4,588.21,N/A,959.103,Amide
Glucose,C1H22N0O7,966.47,5.21,989.596,Amide
Aspirin,C1H6N2O0,695.18,4.52,726.776,Alkaloid
Adenosine triphosphate,C11H19N1O6,970.83,N/A,684.439,Alcohol
Glucose,C13H18N0O7,401.5,4.12,33.239,Alkaloid
Adrenaline,C9H34N3O10,284.07,10.84,601.864,Hormone
Adrenaline,C3H38N0O10,635.28,N/A,418.038,Alcohol
Urea,C19H35N0O4,840.29,4.35,385.214,Alkaloid
Glucose,C1H1N4O5,784.5,13.38,346.72,Alkaloid
Adenosine triphosphate,C6H14N2O7,146.15,11.49,930.094,Nucleotide
Aspirin,C7H25N2O0,603.75,N/A,164.949,Amide
Aspirin,C1H36N3O0,491.27,10.03,220.402,Hormone
Urea,C3H9N2O6,599.94,10.05,538.785,Nucleotide
Aspirin,C6H32N2O4,822.82,11.15,666.213,Alkaloid
Adrenaline,C20H21N1O0,380.8,1.51,987.388,Nucleotide
Caffeine,C5H40N4O8,59.69,N/A,404.733,Nucleotide
Aspirin,C14H32N2O3,153.57,11.06,478.577,Neurotransmitter
Cholesterol,C16H36N3O5,394.86,8.81,339.114,Carbohydrate
Glucose,C14H8N4O9,549.6,N/A,224.999,Carbohydrate
Dopamine,C8H33N2O10,830.07,6.26,7.033,Nucleotide
Aspirin,C19H17N1O7,779.92,1.82,850.645,Lipid
Dopamine,C14H16N4O8,410.38,4.0,95.206,Carbohydrate
Ethanol,C3H40N1O1,191.74,8.85,490.899,Lipid
Aspirin,C15H25N2O7,454.89,N/A,265.219,Organic Compound
Adenosine triphosphate,C9H34N3O9,664.12,13.15,413.409,Organic Compound
Dopamine,C5H27N2O4,489.55,1.23,128.557,Lipid
Dopamine,C1H40N1O9,683.9,N/A,890.443,Hormone
Cholesterol,C3H28N2O1,917.51,8.37,564.326,Nucleotide
Serotonin,C16H35N0O8,321.32,5.38,614.432,Organic Compound
Urea,C3H16N1O8,373.53,2.4,146.076,Alcohol
Caffeine,C1H37N1O9,562.84,4.36,141.605,Alkaloid
Glucose,C1H27N3O9,66.04,9.98,96.759,Carbohydrate
Aspirin,C8H2N5O6,453.13,9.53,846.852,Amide
Ethanol,C14H9N1O10,332.99,6.93,863.742,Organic Compound
Dopamine,C2H20N4O4,473.59,8.19,661.767,Alcohol
Adenosine triphosphate,C11H34N4O7,607.89,4.12,523.947,Carbohydrate
Caffeine,C13H10N3O1,376.49,2.94,42.844,Organic Compound
Caffeine,C7H25N3O4,567.64,11.65,117.962,Organic Compound
Caffeine,C1H27N5O0,554.53,7.98,760.254,Alcohol
Glucose,C1H24N2O10,809.82,4.67,314.373,Lipid
Adrenaline,C14H37N4O4,766.87,4.97,176.64,Carbohydrate
Adrenaline,C5H28N2O5,735.33,N/A,169.062,Nucleotide
Glucose,C15H21N2O1,945.31,4.64,871.755,Organic Compound
Urea,C20H14N0O10,313.57,9.38,20.692,Nucleotide
Glucose,C10H25N5O9,961.11,9.96,767.88,Hormone
Adrenaline,C13H28N0O5,303.13,7.18,407.512,Carbohydrate
Ethanol,C14H35N2O6,363.77,5.46,574.307,Amide
Aspirin,C8H20N4O0,547.45,3.3,220.39,Alcohol
Dopamine,C2H9N3O8,837.23,N/A,470.737,Nucleotide
Ethanol,C10H13N3O9,575.5,4.88,749.76,Neurotransmitter
Urea,C8H23N0O10,351.77,5.78,303.326,Alkaloid
Glucose,C18H15N2O9,807.37,3.74,864.64,Hormone
Urea,C9H4N0O0,274.78,N/A,301.867,Lipid
Dopamine,C7H9N1O8,286.03,N/A,91.096,Alkaloid
Adrenaline,C16H21N1O10,816.79,2.6,521.814,Nucleotide
Caffeine,C18H19N4O0,908.33,6.7,951.065,Lipid
Urea,C16H26N0O7,264.22,N/A,175.91,Carbohydrate
Serotonin,C14H31N4O2,239.53,11.42,555.328,Alkaloid
Caffeine,C4H33N0O0,641.43,1.09,471.801,Alkaloid
Ethanol,C4H2N4O7,297.98,1.16,645.363,Carbohydrate
Glucose,C1H23N0O3,659.35,7.73,800.204,Organic Compound
Urea,C20H40N0O2,237.56,6.47,639.733,Neurotransmitter
Dopamine,C1H38N2O8,227.35,N/A,646.856,Alcohol
Cholesterol,C1H23N3O4,432.43,3.18,765.144,Amide
Glucose,C14H13N5O1,144.65,4.07,917.692,Organic Compound
Serotonin,C17H27N5O1,184.56,10.84,857.367,Alkaloid
Adrenaline,C19H40N2O2,504.73,10.58,948.694,Nucleotide
Adrenaline,C3H3N1O8,757.76,1.25,793.93,Hormone
Dopamine,C8H14N4O8,192.59,7.2,284.613,Hormone
Serotonin,C8H20N5O6,564.94,N/A,252.149,Lipid
Glucose,C16H28N0O6,303.06,8.24,368.762,Nucleotide
Glucose,C20H24N2O2,532.71,10.56,154.105,Neurotransmitter
Aspirin,C17H40N0O9,622.85,10.56,677.604,Amide
Urea,C7H4N4O10,329.88,N/A,501.917,Carbohydrate
Cholesterol,C3H5N3O1,893.03,6.74,238.146,Nucleotide
Serotonin,C13H8N0O9,483.49,N/A,153.481,Carbohydrate
Caffeine,C11H25N3O5,437.68,13.22,780.832,Lipid
Cholesterol,C11H22N1O7,157.55,3.7,794.087,Carbohydrate
Glucose,C2H25N2O2,673.11,N/A,340.824,Amide
Cholesterol,C20H31N0O6,321.9,5.35,560.94,Lipid
Serotonin,C9H22N5O10,525.27,9.18,936.54,Organic Compound
Urea,C14H32N3O3,134.81,N/A,837.816,Alcohol
Adrenaline,C9H32N5O5,135.83,11.14,381.089,Lipid
Glucose,C2H19N2O4,884.54,13.74,972.239,Alcohol
Glucose,C20H10N2O0,192.03,13.77,897.502,Neurotransmitter
Cholesterol,C20H33N2O4,696.04,N/A,25.173,Alkaloid
Dopamine,C9H1N3O2,812.27,12.04,728.741,Organic Compound
Adenosine triphosphate,C10H12N4O6,910.83,2.54,719.262,Alkaloid
Caffeine,C8H18N2O1,553.83,7.66,863.118,Lipid
Aspirin,C4H27N5O6,605.43,6.27,661.774,Hormone
Aspirin,C2H28N3O5,105.23,5.62,961.78,Organic Compound
Caffeine,C4H17N5O7,825.24,N/A,763.422,Neurotransmitter
Glucose,C7H18N3O0,239.78,7.68,617.894,Carbohydrate
Caffeine,C19H17N0O3,890.78,12.0,594.496,Lipid
Caffeine,C3H28N3O8,836.73,11.89,659.811,Neurotransmitter
Cholesterol,C5H37N3O1,263.89,9.11,585.796,Hormone
Dopamine,C11H9N0O6,807.47,7.81,122.269,Amide
Aspirin,C19H25N4O10,753.39,N/A,98.705,Alkaloid
Ethanol,C18H35N1O10,773.64,5.05,569.235,Carbohydrate
Caffeine,C6H18N5O9,321.97,N/A,835.985,Alkaloid
Serotonin,C7H10N3O3,412.09,7.82,470.573,Lipid
Adrenaline,C20H1N3O5,826.2,2.56,707.98,Neurotransmitter
Cholesterol,C5H4N5O6,274.93,7.4,115.662,Hormone
Dopamine,C11H22N1O10,674.04,7.98,561.146,Nucleotide
Cholesterol,C4H21N2O9,147.51,8.75,690.455,Amide
Glucose,C6H31N4O6,376.59,13.71,8.876,Hormone
Urea,C20H8N1O6,385.7,9.0,477.937,Alcohol
Adenosine triphosphate,C17H39N5O5,771.35,1.3,977.462,Nucleotide
Ethanol,C7H22N5O9,894.43,9.69,342.871,Amide
Cholesterol,C14H14N2O0,738.07,N/A,748.589,Organic Compound
Adenosine triphosphate,C11H38N3O10,677.34,N/A,797.082,Hormone
Urea,C6H4N4O3,573.9,6.27,422.758,Alcohol
Caffeine,C17H29N1O7,474.69,13.35,410.903,Neurotransmitter
Aspirin,C4H1N2O6,109.97,8.63,752.638,Alkaloid
Glucose,C14H11N5O1,645.03,N/A,270.406,Neurotransmitter
Cholesterol,C14H12N3O10,882.67,6.74,647.632,Nucleotide
Urea,C20H2N4O3,202.98,10.62,909.318,Amide
Serotonin,C18H28N3O10,513.93,N/A,829.24,Alcohol
Dopamine,C11H9N2O0,50.64,8.82,279.202,Neurotransmitter
Caffeine,C9H1N0O10,808.44,7.46,692.664,Carbohydrate
Caffeine,C12H29N1O7,192.09,6.29,748.161,Neurotransmitter
Adenosine triphosphate,C9H20N5O1,645.6,6.58,424.508,Nucleotide
Cholesterol,C15H25N4O10,538.1,4.36,498.61,Alkaloid
Ethanol,C4H2N0O2,90.27,8.53,23.656,Carbohydrate
Cholesterol,C10H30N3O9,222.56,8.22,213.82,Hormone
Adenosine triphosphate,C19H32N1O0,126.48,4.68,323.98,Organic Compound
Ethanol,C12H16N2O10,841.96,10.99,939.126,Hormone
Ethanol,C1H37N3O6,136.9,2.75,90.118,Alkaloid
Cholesterol,C14H38N1O8,675.34,10.97,553.045,Nucleotide
Urea,C15H38N0O7,386.11,N/A,444.298,Organic Compound
Adrenaline,C15H12N0O4,595.03,N/A,255.275,Lipid
Aspirin,C11H31N3O10,92.4,6.41,559.297,Amide
Adenosine triphosphate,C12H27N0O10,797.61,11.93,816.991,Neurotransmitter
Caffeine,C20H30N3O9,190.23,11.42,481.88,Organic Compound
Aspirin,C3H4N0O9,907.51,N/A,947.64,Lipid
Serotonin,C6H39N0O4,84.42,6.86,738.224,Carbohydrate
Adenosine triphosphate,C16H20N2O2,461.99,10.11,19.024,Lipid
Glucose,C14H11N3O2,902.75,N/A,337.341,Carbohydrate
Adenosine triphosphate,C16H40N1O6,841.24,9.53,146.2,Lipid
Glucose,C14H3N2O9,375.1,N/A,552.456,Alcohol
Glucose,C6H36N4O7,760.76,10.88,669.189,Carbohydrate
Dopamine,C20H27N1O4,699.08,8.82,382.96,Hormone
Ethanol,C2H11N1O0,285.74,N/A,820.584,Lipid
Glucose,C6H10N4O1,180.82,9.81,416.877,Alcohol
Ethanol,C14H33N5O6,997.25,5.38,973.602,Organic Compound
Adenosine triphosphate,C3H35N1O10,774.7,3.75,386.872,Nucleotide
Glucose,C19H29N2O8,216.43,5.46,115.162,Organic Compound
Glucose,C4H21N2O7,543.44,3.16,2.739,Organic Compound
Urea,C12H16N2O4,479.75,9.62,137.487,Hormone
Aspirin,C3H11N5O0,74.06,3.79,444.085,Neurotransmitter
Ethanol,C13H21N5O9,356.09,N/A,306.859,Nucleotide
Adrenaline,C6H6N5O9,413.24,N/A,37.795,Nucleotide
Cholesterol,C11H3N3O10,745.61,3.21,742.002,Organic Compound
Urea,C20H34N1O3,922.92,4.83,890.11,Alkaloid
Ethanol,C1H25N3O8,923.08,N/A,531.048,Nucleotide
Glucose,C10H8N2O9,155.17,9.94,867.432,Organic Compound
Caffeine,C10H26N2O0,676.66,4.82,706.806,Carbohydrate
Adrenaline,C3H20N5O0,861.35,7.83,4.828,Lipid
Adenosine triphosphate,C13H36N1O2,982.88,1.34,624.899,Lipid
Urea,C3H8N5O3,256.09,1.09,289.817,Organic Compound
Caffeine,C14H24N5O2,821.95,11.17,136.292,Neurotransmitter
Caffeine,C19H13N1O0,837.8,12.17,966.262,Hormone
Aspirin,C11H37N1O5,933.88,N/A,545.912,Carbohydrate
Caffeine,C2H5N5O3,780.54,6.72,941.721,Carbohydrate
Ethanol,C19H26N1O9,221.33,3.47,536.111,Nucleotide
Aspirin,C11H6N5O9,327.87,4.4,413.309,Lipid
Adenosine triphosphate,C14H16N0O2,707.73,N/A,481.142,Neurotransmitter
Aspirin,C16H35N0O0,380.14,2.05,726.363,Organic Compound
Caffeine,C18H10N4O10,349.34,1.49,802.154,Alkaloid
Adrenaline,C11H38N1O10,294.99,10.86,842.475,Carbohydrate
Caffeine,C5H23N0O1,658.31,5.97,180.312,Nucleotide
Dopamine,C4H16N4O5,535.75,8.12,496.7,Neurotransmitter
Dopamine,C16H6N1O2,952.93,9.44,95.713,Nucleotide
Adrenaline,C19H36N4O5,469.23,1.89,727.933,Nucleotide
Adrenaline,C17H28N5O7,817.41,8.75,747.005,Carbohydrate
Adenosine triphosphate,C13H39N0O5,824.02,4.39,160.637,Neurotransmitter
Ethanol,C19H4N0O1,723.42,11.61,148.432,Organic Compound
Serotonin,C3H16N0O0,684.48,11.08,133.251,Nucleotide
Serotonin,C13H23N4O10,594.89,2.23,676.075,Hormone
Dopamine,C7H27N0O6,768.25,7.23,989.581,Amide
Urea,C17H20N1O10,633.65,8.22,949.365,Carbohydrate
Serotonin,C15H8N3O8,298.93,5.92,827.168,Amide
Glucose,C10H30N2O5,208.29,13.3,552.984,Nucleotide
Aspirin,C15H16N1O7,164.63,N/A,962.671,Organic Compound
Adrenaline,C16H23N2O3,189.69,N/A,374.43,Organic Compound
Adrenaline,C1H10N3O0,352.37,9.63,714.127,Amide
Serotonin,C7H21N1O7,231.53,N/A,796.268,Neurotransmitter
Cholesterol,C11H8N5O3,533.82,13.7,95.172,Hormone
Ethanol,C3H12N0O9,338.21,N/A,609.363,Neurotransmitter
Aspirin,C1H6N1O1,914.52,7.49,303.047,Alcohol
Aspirin,C17H17N3O8,639.09,N/A,559.59,Organic Compound
Adenosine triphosphate,C8H11N4O9,114.38,13.12,184.67,Alkaloid
Ethanol,C6H21N5O0,533.44,N/A,638.524,Amide
Caffeine,C8H1N0O5,80.14,5.19,229.549,Carbohydrate
Glucose,C4H38N4O7,199.81,N/A,562.46,Nucleotide
Serotonin,C20H17N2O10,108.69,N/A,529.08,Organic Compound
Adenosine triphosphate,C4H17N5O6,322.45,7.57,298.143,Neurotransmitter
Caffeine,C1H3N0O1,273.8,11.71,475.328,Lipid
Serotonin,C11H20N0O4,112.04,4.96,761.149,Amide
Serotonin,C6H19N2O3,331.67,4.03,454.394,Hormone
Urea,C1H28N4O4,824.36,2.74,182.447,Hormone
Caffeine,C19H24N1O8,900.6,8.08,930.19,Organic Compound
Adrenaline,C17H29N0O4,591.91,11.83,661.148,Alcohol
Serotonin,C18H12N0O7,242.13,10.42,462.279,Carbohydrate
Aspirin,C2H27N4O3,169.13,4.63,251.408,Alkaloid
Serotonin,C5H5N3O5,745.2,N/A,273.113,Amide
Aspirin,C20H39N1O10,380.42,9.77,128.541,Carbohydrate
Ethanol,C18H4N2O10,502.78,6.63,198.86,Alcohol
Cholesterol,C14H30N5O8,283.93,13.29,517.995,Carbohydrate
Aspirin,C13H26N3O6,824.96,9.6,196.145,Carbohydrate
Dopamine,C14H24N5O10,394.25,8.87,791.428,Organic Compound
Glucose,C2H11N0O6,453.83,8.47,82.553,Nucleotide
Adrenaline,C16H14N2O7,336.47,N/A,393.745,Hormone
Urea,C2H32N5O7,358.07,8.07,464.257,Organic Compound
Dopamine,C6H12N5O10,295.65,N/A,908.277,Nucleotide
Ethanol,C8H5N5O3,517.48,N/A,194.951,Alkaloid
Adrenaline,C18H4N2O1,508.5,2.8,859.504,Amide
Urea,C9H22N4O0,858.1,13.15,166.765,Hormone
Glucose,C3H25N2O6,278.01,3.22,707.68,Alkaloid
Ethanol,C16H35N4O3,966.81,11.25,819.239,Amide
Urea,C4H22N2O2,815.88,8.97,468.376,Nucleotide
Glucose,C8H32N2O1,944.23,1.53,916.031,Organic Compound
Adrenaline,C3H32N4O3,844.39,N/A,52.783,Hormone
Adrenaline,C11H3N0O8,75.39,9.61,948.379,Amide
Glucose,C5H33N3O8,84.12,N/A,45.443,Nucleotide
Ethanol,C17H29N5O10,558.09,12.55,620.054,Neurotransmitter
Serotonin,C18H31N5O4,351.65,N/A,943.741,Nucleotide
Dopamine,C5H11N3O10,52.47,3.19,609.531,Lipid
Glucose,C8H15N1O1,211.05,2.44,868.528,Alcohol
Dopamine,C5H19N3O9,198.37,1.04,818.98,Nucleotide
Glucose,C11H1N4O1,457.36,6.02,437.79,Carbohydrate
Cholesterol,C12H24N3O6,630.88,14.0,641.118,Amide
Ethanol,C15H38N4O4,365.61,13.63,331.117,Alkaloid
Caffeine,C3H37N0O4,252.95,8.68,900.289,Amide
Cholesterol,C10H20N4O4,669.96,6.22,847.016,Nucleotide
Aspirin,C5H10N2O4,127.06,N/A,77.526,Nucleotide
Urea,C17H31N3O0,137.61,2.55,46.194,Alcohol
Ethanol,C13H35N4O10,325.76,N/A,437.39,Neurotransmitter
Urea,C16H30N1O1,687.7,N/A,177.346,Lipid
Cholesterol,C13H2N1O1,385.22,12.53,937.53,Alcohol
Caffeine,C10H7N3O3,637.53,7.27,539.571,Hormone
Adrenaline,C19H8N4O4,259.58,1.72,496.845,Neurotransmitter
Adenosine triphosphate,C5H1N2O1,673.07,2.16,82.548,Lipid
Ethanol,C5H30N3O4,365.67,N/A,634.448,Carbohydrate
Glucose,C18H21N0O10,825.84,N/A,586.206,Alcohol
Adrenaline,C18H21N4O8,404.35,12.68,902.49,Hormone
Ethanol,C13H22N5O2,366.78,10.65,987.302,Amide
Glucose,C2H14N3O4,494.17,2.51,37.453,Organic Compound
Ethanol,C7H3N5O2,769.35,N/A,383.894,Lipid
Cholesterol,C11H37N2O2,92.18,2.12,959.042,Alcohol
Adenosine triphosphate,C10H39N1O4,766.86,7.99,323.707,Carbohydrate
Urea,C13H3N4O7,699.64,1.62,254.272,Amide
Adrenaline,C16H23N4O2,141.46,6.79,476.483,Amide
Adrenaline,C7H7N5O8,483.81,12.77,710.778,Alkaloid
Dopamine,C11H14N0O4,779.63,4.33,266.986,Carbohydrate
Aspirin,C9H31N3O10,523.02,1.46,674.499,Organic Compound
Dopamine,C16H23N3O4,571.12,N/A,198.287,Carbohydrate
Aspirin,C3H12N5O7,427.03,1.15,616.911,Carbohydrate
Ethanol,C17H2N4O8,521.58,9.71,337.667,Amide
Urea,C8H18N0O2,94.01,12.55,230.175,Carbohydrate
Dopamine,C14H19N2O1,494.28,12.92,667.212,Neurotransmitter
Cholesterol,C2H4N0O10,232.63,7.99,255.739,Amide
Cholesterol,C6H38N0O10,659.03,13.75,661.601,Nucleotide
Ethanol,C18H37N4O3,971.93,2.64,269.673,Neurotransmitter
Dopamine,C6H18N3O4,995.73,N/A,177.596,Lipid
Serotonin,C18H38N0O0,255.4,N/A,946.155,Alcohol
Dopamine,C16H21N3O4,727.92,4.27,444.629,Neurotransmitter
Cholesterol,C11H11N1O9,679.36,12.25,750.445,Neurotransmitter
Dopamine,C2H1N4O8,366.9,8.29,132.142,Lipid
Aspirin,C20H39N4O10,355.43,11.68,391.517,Amide
Adenosine triphosphate,C15H4N0O10,806.18,13.84,81.272,Alcohol
Dopamine,C19H32N5O3,481.28,10.27,264.528,Amide
Adrenaline,C15H2N0O8,981.14,5.93,259.253,Alkaloid
Adenosine triphosphate,C5H3N0O9,604.81,9.88,643.692,Neurotransmitter
Serotonin,C17H9N1O5,207.94,6.22,539.817,Nucleotide
Ethanol,C13H19N5O5,367.02,4.66,498.883,Hormone
Cholesterol,C7H24N0O7,744.79,7.39,88.454,Organic Compound
Adenosine triphosphate,C11H9N4O9,198.79,2.36,991.998,Lipid
Urea,C14H26N3O6,970.67,N/A,571.768,Nucleotide
Adenosine triphosphate,C12H19N5O3,551.18,N/A,966.372,Carbohydrate
Aspirin,C4H7N0O1,697.62,8.92,892.921,Organic Compound
Glucose,C15H15N5O6,263.56,3.17,927.59,Neurotransmitter
Caffeine,C11H24N0O5,259.36,5.82,331.965,Lipid
Aspirin,C8H9N1O7,660.45,N/A,363.816,Nucleotide
Dopamine,C4H22N0O6,605.31,8.21,616.115,Alcohol
Serotonin,C2H40N1O2,806.89,12.0,994.195,Lipid
Cholesterol,C5H21N3O8,927.53,6.07,746.911,Hormone
Adenosine triphosphate,C4H11N1O10,237.28,11.25,609.682,Carbohydrate
Cholesterol,C10H36N4O0,916.8,11.76,881.857,Neurotransmitter
Aspirin,C7H30N5O4,938.04,7.88,53.512,Lipid
Dopamine,C16H15N2O6,215.98,7.35,838.904,Nucleotide
Adrenaline,C11H33N2O1,714.26,9.48,331.795,Neurotransmitter
Adrenaline,C18H13N0O0,667.85,N/A,31.701,Alcohol
Cholesterol,C8H10N3O3,761.07,N/A,390.672,Organic Compound
Adenosine triphosphate,C6H16N3O6,214.77,N/A,79.399,Amide
Aspirin,C9H28N2O4,939.04,6.06,561.052,Alcohol
Urea,C1H17N4O6,984.72,1.49,57.16,Carbohydrate
Glucose,C5H27N1O7,749.48,1.23,392.86,Lipid
Dopamine,C9H11N1O3,189.01,2.35,274.08,Alkaloid
Serotonin,C8H17N1O0,784.3,6.12,559.046,Amide
Ethanol,C3H37N3O8,277.85,N/A,185.972,Hormone
Ethanol,C7H20N3O4,798.09,8.14,104.571,Hormone
Urea,C15H34N5O5,841.8,3.38,315.54,Organic Compound
Urea,C3H34N3O3,648.82,4.5,392.622,Lipid
Serotonin,C11H13N1O10,719.64,7.07,665.559,Organic Compound
Urea,C17H35N2O3,376.93,7.01,226.115,Alcohol
Aspirin,C17H25N1O7,216.05,N/A,416.679,Carbohydrate
Cholesterol,C6H20N2O6,893.13,3.13,140.343,Lipid
Caffeine,C2H3N0O4,231.82,9.38,873.03,Nucleotide
Adenosine triphosphate,C16H2N3O0,858.17,11.55,658.879,Carbohydrate
Dopamine,C4H17N2O2,865.87,8.13,186.894,Alcohol
Dopamine,C4H23N3O1,585.03,5.31,501.548,Carbohydrate
Aspirin,C5H26N4O0,960.61,7.72,596.231,Neurotransmitter
Dopamine,C14H34N4O6,297.86,1.93,467.73,Amide
Caffeine,C1H40N4O8,143.22,9.5,136.478,Alkaloid
Serotonin,C3H32N2O6,171.28,10.55,439.045,Amide
Urea,C1H35N2O7,117.96,2.97,61.631,Amide
Ethanol,C12H30N5O0,368.67,1.29,799.46,Lipid
Aspirin,C3H27N4O10,67.76,5.36,65.521,Lipid
Caffeine,C12H26N0O7,865.91,5.7,983.639,Alcohol
Glucose,C6H30N0O8,632.17,13.85,112.264,Nucleotide
Aspirin,C5H18N2O5,184.98,1.18,965.0,Lipid
Aspirin,C14H28N5O4,62.07,4.37,970.952,Alcohol
Aspirin,C17H27N0O8,895.74,1.63,776.664,Neurotransmitter
Aspirin,C8H25N2O7,876.65,N/A,484.36,Lipid
Caffeine,C20H35N1O1,584.44,13.51,766.106,Alkaloid
Caffeine,C13H18N2O9,964.31,2.24,140.932,Nucleotide
Serotonin,C20H3N0O2,692.1,2.98,555.262,Hormone
Adenosine triphosphate,C1H21N3O0,643.25,8.44,571.494,Organic Compound
Adrenaline,C11H37N1O0,889.36,13.39,952.655,Hormone
Cholesterol,C12H2N0O9,50.85,3.34,963.362,Hormone
Ethanol,C17H7N1O3,560.12,5.24,156.127,Amide
Adrenaline,C5H9N3O2,113.78,5.68,165.54,Amide
Serotonin,C10H21N5O7,878.38,N/A,353.217,Alkaloid
Serotonin,C3H26N4O4,951.37,3.8,372.994,Organic Compound
Adrenaline,C16H34N1O4,612.15,3.78,433.024,Neurotransmitter
Dopamine,C11H26N1O6,794.13,9.73,632.561,Neurotransmitter
Ethanol,C12H6N2O9,407.77,5.84,903.347,Organic Compound
Aspirin,C12H35N5O10,348.3,N/A,752.546,Amide
Dopamine,C12H6N1O4,702.26,4.42,299.184,Organic Compound
Serotonin,C6H7N0O0,140.04,7.29,483.081,Alkaloid
Adenosine triphosphate,C3H34N5O1,522.63,4.2,107.912,Carbohydrate
Caffeine,C2H35N5O1,702.81,12.5,97.717,Amide
Caffeine,C16H2N2O4,449.74,4.84,81.035,Lipid
Dopamine,C4H28N5O0,550.64,N/A,513.096,Neurotransmitter
Cholesterol,C17H1N4O1,879.05,12.24,494.257,Alcohol
Caffeine,C20H19N3O6,443.33,9.57,255.53,Amide
Dopamine,C17H19N1O5,392.38,3.93,549.01,Alkaloid
Caffeine,C20H36N4O1,435.92,6.89,747.313,Nucleotide
Caffeine,C20H36N3O3,692.0,N/A,989.505,Carbohydrate
Dopamine,C19H18N2O3,429.18,9.44,110.421,Alcohol
Serotonin,C18H22N1O7,605.81,8.78,973.572,Organic Compound
Cholesterol,C5H36N4O10,627.81,N/A,826.037,Hormone
Adenosine triphosphate,C1H4N1O8,754.0,3.91,43.247,Lipid
Caffeine,C1H39N0O0,966.67,2.13,858.595,Amide
Ethanol,C8H19N0O1,103.01,12.36,122.395,Lipid
Caffeine,C3H8N2O7,308.62,2.76,942.905,Alcohol
Serotonin,C3H4N4O9,100.09,4.51,481.867,Carbohydrate
Aspirin,C1H22N5O2,63.16,7.64,559.669,Hormone
Caffeine,C18H8N3O2,289.9,4.56,961.838,Amide
Caffeine,C6H1N1O2,853.88,N/A,219.299,Alcohol
Glucose,C15H28N4O9,914.95,2.07,93.781,Organic Compound
Ethanol,C16H7N1O3,666.22,12.19,880.632,Nucleotide
Glucose,C13H25N4O6,541.05,12.27,516.661,Lipid
Serotonin,C13H32N3O1,266.06,10.35,175.892,Hormone
Adenosine triphosphate,C8H23N3O5,602.53,4.41,680.513,Amide
Ethanol,C9H8N4O5,80.54,6.44,547.013,Neurotransmitter
Dopamine,C19H3N5O8,720.4,4.19,42.884,Nucleotide
Ethanol,C16H12N4O7,617.01,6.35,776.714,Hormone
Glucose,C3H29N3O1,221.87,N/A,973.443,Nucleotide
Ethanol,C3H36N3O6,807.86,2.33,340.277,Alcohol
Serotonin,C12H29N1O5,388.75,5.67,224.615,Organic Compound
Cholesterol,C2H17N1O5,909.66,13.74,554.112,Amide
Serotonin,C14H29N1O9,472.14,12.05,820.127,Lipid
Dopamine,C5H8N2O5,344.65,3.07,531.401,Hormone
Serotonin,C4H7N2O1,68.46,5.32,785.273,Hormone
Ethanol,C11H25N3O4,470.31,4.32,908.274,Hormone
Ethanol,C10H4N3O8,484.73,5.52,882.145,Hormone
Ethanol,C2H7N5O8,593.7,5.18,813.186,Neurotransmitter
Glucose,C1H21N5O7,819.67,10.77,280.714,Neurotransmitter
Adrenaline,C6H20N0O2,798.35,9.3,694.178,Hormone
Aspirin,C1H8N3O1,232.85,12.85,464.384,Neurotransmitter
Caffeine,C7H32N5O3,830.26,3.07,827.825,Carbohydrate
Adrenaline,C20H33N1O8,426.8,9.69,800.737,Alkaloid
Glucose,C7H25N4O7,437.31,5.48,863.274,Alkaloid
Caffeine,C6H9N0O3,229.71,6.61,308.584,Neurotransmitter
Dopamine,C4H31N2O6,94.5,8.78,688.026,Alcohol
Glucose,C18H24N2O7,329.87,7.84,843.816,Alkaloid
Cholesterol,C19H34N4O9,569.61,N/A,590.154,Alcohol
Cholesterol,C20H2N1O2,333.99,9.48,663.309,Amide
Aspirin,C8H21N2O5,532.04,13.18,544.757,Alcohol
Adenosine triphosphate,C2H35N0O7,727.89,1.13,84.647,Carbohydrate
Glucose,C15H33N4O3,324.31,N/A,103.687,Amide
Caffeine,C12H17N3O8,129.99,8.95,56.734,Hormone
Dopamine,C20H32N1O7,484.81,6.28,420.002,Organic Compound
Aspirin,C6H19N2O0,104.0,9.2,941.44,Nucleotide
Serotonin,C2H2N3O8,967.99,8.25,888.112,Alcohol
Cholesterol,C9H4N0O9,343.02,N/A,104.757,Organic Compound
Serotonin,C17H36N0O10,198.93,2.83,309.171,Carbohydrate
Cholesterol,C15H14N1O2,335.26,11.46,446.165,Organic Compound
Serotonin,C14H37N1O10,341.22,1.02,828.326,Lipid
Ethanol,C19H21N5O4,925.71,8.42,603.548,Hormone
Adenosine triphosphate,C16H32N2O4,185.65,13.29,77.332,Neurotransmitter
Adenosine triphosphate,C2H19N3O4,313.93,1.89,950.369,Neurotransmitter
Urea,C12H24N0O2,490.29,N/A,691.822,Alkaloid
Cholesterol,C12H35N2O2,174.86,1.04,307.682,Lipid
Dopamine,C1H3N2O6,285.71,13.8,225.364,Alkaloid
Adrenaline,C2H9N3O8,559.07,7.5,869.967,Alkaloid
Ethanol,C14H20N0O3,194.09,13.02,470.558,Lipid
Glucose,C10H30N5O1,625.94,6.17,724.202,Lipid
Cholesterol,C12H9N2O8,340.76,7.75,462.429,Nucleotide
Urea,C3H14N5O3,762.33,3.81,225.518,Carbohydrate
Urea,C14H34N3O4,858.71,11.64,47.202,Amide
Aspirin,C11H4N1O2,219.94,N/A,665.722,Lipid
Ethanol,C20H6N0O4,808.12,N/A,7.232,Alkaloid
Adrenaline,C8H5N0O6,742.41,2.18,980.965,Alkaloid
Dopamine,C12H5N4O0,310.15,1.96,657.414,Alcohol
Glucose,C1H3N0O0,313.86,N/A,111.803,Carbohydrate
Urea,C20H8N0O10,659.29,9.9,865.414,Alcohol
Adrenaline,C1H33N5O5,697.29,1.78,16.997,Alkaloid
Glucose,C5H3N1O3,484.41,N/A,550.613,Carbohydrate
Ethanol,C15H17N2O0,196.17,1.0,179.799,Alcohol
Dopamine,C19H1N1O4,838.48,11.76,292.612,Hormone
Aspirin,C11H38N5O4,957.4,9.95,61.659,Alkaloid
Cholesterol,C4H32N3O5,384.11,N/A,636.918,Alkaloid
Glucose,C8H7N0O2,531.94,13.44,912.925,Alkaloid
Glucose,C11H33N4O7,848.37,11.24,370.142,Amide
Dopamine,C17H22N0O8,312.52,1.07,625.79,Alkaloid
Adenosine triphosphate,C9H30N3O6,328.76,11.57,577.275,Hormone
Dopamine,C1H27N0O1,233.16,13.84,644.268,Hormone
Adrenaline,C8H17N3O3,175.75,6.16,51.351,Neurotransmitter
Ethanol,C17H8N3O7,919.52,6.74,773.056,Neurotransmitter
Adenosine triphosphate,C10H4N2O7,757.19,12.89,854.006,Alcohol
Ethanol,C4H25N3O3,251.42,2.91,758.81,Carbohydrate
Cholesterol,C14H39N4O3,203.24,10.13,849.335,Lipid
Adenosine triphosphate,C16H6N1O10,967.92,10.17,740.478,Hormone
Cholesterol,C9H27N3O7,345.0,2.33,34.687,Amide
Serotonin,C4H7N1O8,742.89,7.21,459.137,Lipid
Aspirin,C8H25N1O8,339.29,4.69,899.892,Alkaloid
Caffeine,C4H14N0O1,245.31,7.82,503.594,Neurotransmitter
Adrenaline,C6H35N2O1,210.89,9.13,55.887,Hormone
Adrenaline,C17H18N0O9,468.17,10.14,514.579,Organic Compound
Adrenaline,C11H33N2O7,304.75,N/A,189.509,Lipid
Ethanol,C17H21N4O9,272.32,2.73,93.533,Carbohydrate
Caffeine,C17H13N2O4,324.89,7.11,687.331,Organic Compound
Ethanol,C19H18N1O5,800.48,2.25,59.677,Hormone
Cholesterol,C15H32N5O2,884.1,5.21,353.388,Alkaloid
Adenosine triphosphate,C13H17N1O1,790.06,N/A,538.268,Nucleotide
Adrenaline,C20H5N2O5,868.94,11.01,863.012,Carbohydrate
Caffeine,C10H18N4O7,598.55,13.15,652.667,Hormone
Aspirin,C20H29N4O4,760.75,8.65,832.686,Alcohol
Dopamine,C12H24N4O0,54.11,10.12,699.068,Organic Compound
Cholesterol,C10H30N1O5,568.27,7.2,765.264,Alcohol
Adenosine triphosphate,C13H8N4O4,967.31,9.5,552.514,Lipid
Caffeine,C12H20N4O9,737.15,8.97,593.639,Carbohydrate
Urea,C7H7N2O7,889.38,6.89,193.044,Alcohol
Caffeine,C18H35N5O2,900.29,10.59,190.599,Amide
Ethanol,C7H31N2O2,289.82,3.79,582.717,Carbohydrate
Serotonin,C9H15N5O8,913.21,11.77,567.03,Alcohol
Serotonin,C17H35N4O5,652.42,1.87,226.448,Hormone
Urea,C17H17N5O6,270.47,10.26,753.244,Amide
Adenosine triphosphate,C9H1N1O8,158.35,8.39,677.142,Lipid
Cholesterol,C14H19N5O8,488.35,8.55,386.572,Alkaloid
Adenosine triphosphate,C11H21N2O8,123.85,12.12,101.408,Hormone
Aspirin,C2H19N1O5,390.35,4.85,558.326,Carbohydrate
Cholesterol,C18H33N5O0,63.51,12.41,966.443,Organic Compound
Aspirin,C5H13N1O6,550.38,13.11,165.385,Neurotransmitter
Aspirin,C12H23N3O8,371.25,14.0,833.249,Amide
Glucose,C14H3N1O3,681.27,12.44,183.38,Nucleotide
Glucose,C20H8N5O1,603.02,10.92,387.704,Alkaloid
Serotonin,C18H34N3O4,698.0,5.99,294.614,Amide
Adrenaline,C19H7N2O2,734.0,6.62,264.715,Alcohol
Caffeine,C14H23N4O0,73.39,4.87,338.111,Carbohydrate
Glucose,C13H24N2O7,673.58,9.48,313.855,Neurotransmitter
Glucose,C9H19N4O6,122.6,12.7,365.192,Lipid
Adenosine triphosphate,C13H40N5O10,294.12,12.18,974.223,Carbohydrate
Cholesterol,C9H2N3O2,709.69,11.73,438.07,Amide
Aspirin,C19H33N3O8,497.88,4.32,732.794,Carbohydrate
Cholesterol,C4H18N5O8,935.42,13.2,420.313,Amide
Urea,C12H36N4O10,83.05,5.65,655.971,Carbohydrate
Cholesterol,C8H4N5O4,517.63,N/A,453.587,Amide
Serotonin,C20H26N3O4,645.14,3.52,310.206,Neurotransmitter
Glucose,C20H9N3O1,842.93,10.65,846.038,Alcohol
Adenosine triphosphate,C12H18N1O3,189.78,5.9,720.504,Alkaloid
Cholesterol,C1H33N0O1,455.56,N/A,863.795,Neurotransmitter
Adenosine triphosphate,C17H8N1O1,859.43,8.51,654.731,Carbohydrate
Dopamine,C9H19N1O3,813.86,2.74,878.92,Neurotransmitter
Caffeine,C7H25N1O9,980.97,N/A,819.24,Organic Compound
Caffeine,C18H34N0O1,532.39,2.15,263.378,Hormone
Urea,C19H19N3O5,392.71,10.18,900.368,Hormone
Cholesterol,C13H13N0O0,834.55,7.12,511.032,Alkaloid
Serotonin,C17H33N0O10,998.91,7.1,490.436,Alcohol
Adenosine triphosphate,C11H25N4O9,882.41,N/A,609.302,Nucleotide
Dopamine,C16H37N3O3,510.18,N/A,992.668,Alcohol
Ethanol,C19H27N4O10,648.34,N/A,132.747,Alkaloid
Adrenaline,C7H36N2O5,650.0,8.34,246.451,Hormone
Aspirin,C12H9N3O6,480.58,2.52,440.06,Hormone
Urea,C14H6N1O10,118.55,N/A,368.992,Lipid
Dopamine,C2H15N5O10,617.73,11.16,680.769,Hormone
Caffeine,C10H34N0O7,784.83,N/A,909.542,Nucleotide
Cholesterol,C1H7N1O2,901.38,8.69,256.323,Alcohol
Adrenaline,C6H21N4O3,690.0,5.64,299.386,Hormone
Glucose,C10H18N3O9,276.52,13.63,3.921,Lipid
Urea,C12H7N4O7,650.55,3.31,319.235,Alcohol
Caffeine,C18H1N4O7,129.57,3.75,210.344,Alcohol
Dopamine,C7H16N3O10,885.26,N/A,459.372,Neurotransmitter
Adrenaline,C3H31N2O2,361.82,12.64,457.411,Hormone
Caffeine,C16H39N0O10,800.43,13.89,266.738,Nucleotide
Glucose,C5H8N3O0,633.52,13.6,770.677,Nucleotide
Adrenaline,C7H31N4O8,669.6,1.42,310.444,Hormone
Glucose,C16H33N3O1,742.18,N/A,810.986,Neurotransmitter
Caffeine,C17H37N4O5,140.57,3.94,704.838,Alkaloid
Adrenaline,C2H28N2O4,87.7,11.08,102.211,Lipid
Adrenaline,C19H10N0O0,405.33,11.55,765.501,Hormone
Adrenaline,C6H21N3O4,389.39,9.23,794.584,Nucleotide
Urea,C17H31N5O9,629.13,6.89,993.647,Organic Compound
Cholesterol,C1H12N1O10,378.47,N/A,970.397,Hormone
Urea,C9H14N0O0,127.6,12.27,166.971,Alcohol
Urea,C10H35N1O6,64.11,1.83,178.7,Organic Compound
Ethanol,C4H39N4O2,886.21,4.61,555.226,Alkaloid
Adrenaline,C7H25N3O2,237.27,12.48,263.793,Amide
Urea,C12H22N4O7,216.27,3.53,684.946,Lipid
Aspirin,C18H34N4O6,893.21,N/A,237.63,Hormone
Dopamine,C6H18N2O8,240.06,N/A,240.87,Neurotransmitter
Aspirin,C2H13N5O9,488.03,8.06,396.338,Alcohol
Glucose,C8H29N1O9,809.03,N/A,485.727,Alkaloid
Dopamine,C4H13N2O2,388.56,1.64,947.462,Neurotransmitter
Adenosine triphosphate,C8H19N2O2,457.12,N/A,201.249,Carbohydrate
Adrenaline,C17H37N5O2,146.79,N/A,220.355,Alcohol
Adrenaline,C16H3N1O10,255.91,9.57,609.347,Alkaloid
Ethanol,C10H34N2O8,298.49,10.99,33.089,Lipid
Cholesterol,C14H33N1O4,120.86,6.01,141.089,Carbohydrate
Dopamine,C17H20N1O5,305.64,4.63,123.083,Hormone
Cholesterol,C11H19N3O0,993.36,6.32,887.946,Lipid
Urea,C15H4N0O9,830.4,3.42,738.44,Carbohydrate
Dopamine,C12H9N1O3,540.78,12.02,7.894,Organic Compound
Cholesterol,C5H27N4O6,764.01,N/A,422.379,Neurotransmitter
Cholesterol,C13H10N2O7,860.63,N/A,166.789,Organic Compound
Cholesterol,C10H25N3O10,346.63,11.77,838.704,Hormone
Adenosine triphosphate,C14H37N5O3,833.76,6.96,130.859,Nucleotide
Cholesterol,C5H17N5O5,628.55,12.16,766.213,Alcohol
Aspirin,C13H3N2O0,64.0,11.19,570.962,Amide
Ethanol,C9H36N4O5,614.13,5.62,857.647,Alcohol
Dopamine,C13H25N0O6,290.84,4.41,497.981,Carbohydrate
Aspirin,C20H9N0O10,728.91,N/A,27.505,Alcohol
Cholesterol,C14H38N1O1,502.93,7.87,978.038,Carbohydrate
Cholesterol,C1H37N4O3,512.38,2.52,269.776,Lipid
Dopamine,C5H6N3O2,903.89,2.0,946.116,Hormone
Caffeine,C14H14N0O8,72.75,12.89,940.326,Carbohydrate
Urea,C18H40N2O3,746.51,5.13,881.281,Alkaloid
Glucose,C14H11N0O5,958.65,6.52,194.058,Hormone
Dopamine,C1H24N0O5,210.99,2.42,108.605,Nucleotide
Urea,C9H21N3O0,605.19,1.49,707.965,Lipid
Aspirin,C13H39N0O1,169.39,9.1,991.518,Alkaloid
Adrenaline,C12H19N3O10,581.88,9.5,177.868,Organic Compound
Cholesterol,C8H2N2O10,661.88,2.35,887.859,Carbohydrate
Glucose,C18H30N1O6,229.25,13.32,568.106,Hormone
Dopamine,C15H14N5O3,579.38,13.88,878.88,Amide
Urea,C7H29N2O8,947.04,13.62,679.144,Alcohol
Aspirin,C16H4N2O9,827.1,8.27,751.767,Amide
Urea,C10H21N1O10,51.35,6.93,991.562,Neurotransmitter
Cholesterol,C2H2N4O6,758.94,11.71,30.968,Nucleotide
Dopamine,C2H38N0O5,692.18,13.71,558.744,Nucleotide
Ethanol,C19H28N4O6,914.55,N/A,647.974,Lipid
Aspirin,C6H5N5O0,847.71,N/A,230.659,Organic Compound
Ethanol,C2H15N0O1,533.33,1.81,274.129,Hormone
Aspirin,C1H31N2O3,636.13,6.12,338.897,Organic Compound
Caffeine,C10H7N4O1,475.75,N/A,257.915,Carbohydrate
Adrenaline,C6H2N1O7,180.56,8.58,832.219,Hormone
Adrenaline,C20H23N4O0,820.66,2.12,56.07,Organic Compound
Adrenaline,C10H27N1O5,481.18,N/A,511.557,Nucleotide
Cholesterol,C9H18N2O5,781.27,N/A,896.57,Alcohol
Aspirin,C17H23N5O8,493.31,N/A,662.339,Neurotransmitter
Adenosine triphosphate,C13H12N0O8,861.17,2.73,135.535,Lipid
Urea,C16H16N4O9,718.18,10.41,45.014,Alkaloid
Adrenaline,C9H23N2O0,91.43,1.98,446.538,Amide
Adrenaline,C6H32N2O5,475.87,N/A,826.052,Alkaloid
Adrenaline,C4H40N5O0,927.88,N/A,763.041,Amide
Dopamine,C17H28N0O6,451.4,1.43,750.485,Organic Compound
Cholesterol,C5H15N1O3,451.34,13.05,825.755,Lipid
Serotonin,C18H8N2O10,349.93,12.99,516.965,Lipid
Adenosine triphosphate,C8H25N0O0,178.99,N/A,640.029,Amide
Serotonin,C13H3N2O0,916.17,11.05,644.276,Hormone
Adenosine triphosphate,C16H10N5O5,203.55,6.96,304.659,Amide
Aspirin,C1H8N5O1,361.75,N/A,826.646,Organic Compound
Glucose,C13H37N0O5,213.57,2.2,825.011,Hormone
Ethanol,C12H8N1O1,692.51,7.77,143.355,Nucleotide
Cholesterol,C11H2N0O5,265.15,13.07,19.692,Alcohol
Adenosine triphosphate,C6H31N5O3,609.06,6.31,414.191,Alkaloid
Aspirin,C13H20N0O8,128.81,11.07,555.05,Lipid
Caffeine,C2H27N4O7,275.42,7.28,959.427,Lipid
Cholesterol,C8H4N2O1,195.16,10.69,896.624,Alcohol
Ethanol,C9H13N4O5,945.8,12.29,248.461,Carbohydrate
Ethanol,C15H5N3O5,148.85,6.29,183.225,Alkaloid
Glucose,C16H39N2O0,648.09,3.56,932.543,Organic Compound
Urea,C12H3N5O7,85.37,11.34,326.409,Amide
Glucose,C5H34N3O8,928.84,5.47,827.704,Organic Compound
Ethanol,C4H3N5O6,604.07,12.4,904.309,Alcohol
Glucose,C11H27N2O8,843.43,N/A,137.627,Hormone
Dopamine,C19H10N3O5,476.24,10.46,867.139,Amide
Glucose,C13H31N1O5,528.26,11.25,725.8,Neurotransmitter
Dopamine,C18H32N1O1,451.96,N/A,483.722,Amide
Cholesterol,C7H18N3O0,754.72,4.17,52.281,Hormone
Glucose,C11H14N2O6,243.1,1.0,398.933,Organic Compound
Urea,C14H18N0O4,894.96,6.86,383.464,Alkaloid
Dopamine,C20H35N2O9,461.6,2.54,557.019,Neurotransmitter
Cholesterol,C17H30N3O1,253.19,N/A,990.798,Hormone
Aspirin,C5H18N1O7,427.48,5.78,542.668,Alcohol
Ethanol,C6H9N0O4,291.06,7.53,663.931,Carbohydrate
Caffeine,C10H21N1O6,846.55,3.75,693.26,Alcohol
Ethanol,C17H11N2O7,743.69,2.72,821.783,Hormone
Adenosine triphosphate,C6H15N5O5,868.02,N/A,419.106,Amide
Urea,C6H19N0O7,763.37,5.72,139.933,Amide
Serotonin,C5H19N1O0,957.31,3.66,694.348,Neurotransmitter
Cholesterol,C6H22N4O5,437.51,12.65,79.346,Amide
Urea,C12H36N4O0,694.23,N/A,678.051,Nucleotide
Caffeine,C18H33N1O5,503.39,5.8,430.39,Organic Compound
Urea,C2H27N3O0,330.83,9.82,847.699,Hormone
Adrenaline,C14H8N0O10,63.49,10.14,786.49,Hormone
Urea,C17H5N3O4,359.98,13.5,140.47,Carbohydrate
Cholesterol,C6H3N5O8,814.0,10.14,482.401,Neurotransmitter
Adenosine triphosphate,C18H31N4O2,657.28,9.58,731.229,Alkaloid
Dopamine,C11H27N5O4,137.87,3.78,899.337,Hormone
Glucose,C9H40N2O7,852.43,N/A,490.812,Amide
Adenosine triphosphate,C3H12N0O9,59.67,5.54,47.484,Neurotransmitter
Dopamine,C15H2N4O0,132.31,N/A,99.61,Alcohol
Glucose,C9H15N0O10,72.39,12.46,993.257,Carbohydrate
Cholesterol,C4H14N5O4,477.47,8.72,346.989,Alkaloid
Glucose,C4H22N5O0,288.57,5.6,44.254,Alcohol
Urea,C16H14N0O1,242.0,N/A,412.032,Nucleotide
Serotonin,C16H25N1O5,787.09,2.25,124.836,Lipid
Caffeine,C9H3N4O9,692.85,9.82,750.196,Neurotransmitter
Caffeine,C19H24N3O2,360.33,N/A,442.792,Alcohol
Adrenaline,C16H36N0O3,198.61,13.02,105.908,Hormone
Adrenaline,C18H12N4O4,296.31,4.19,697.584,Organic Compound
Ethanol,C10H17N4O2,205.13,13.36,40.366,Lipid
Dopamine,C4H24N2O4,856.23,N/A,674.078,Alkaloid
Caffeine,C7H4N1O9,228.48,6.47,36.518,Alcohol
Adenosine triphosphate,C12H36N3O6,434.82,13.51,654.331,Organic Compound
Adrenaline,C2H3N4O7,632.24,2.27,615.222,Amide
Adenosine triphosphate,C17H19N0O8,972.71,9.94,677.124,Alkaloid
Caffeine,C15H36N0O7,429.9,11.88,830.714,Alcohol
Cholesterol,C8H33N3O9,565.32,3.68,840.802,Alkaloid
Aspirin,C12H39N5O9,297.17,11.4,163.556,Organic Compound
Dopamine,C9H36N3O9,101.35,8.37,105.837,Nucleotide
Dopamine,C14H33N0O3,298.23,5.56,238.82,Nucleotide
Urea,C15H11N1O3,474.08,N/A,688.594,Carbohydrate
Aspirin,C12H19N0O8,277.7,13.78,297.562,Alkaloid
Adrenaline,C7H30N3O4,718.98,12.86,503.006,Amide
Glucose,C2H3N4O10,854.46,N/A,865.54,Amide
Aspirin,C20H1N3O6,516.84,4.08,997.795,Carbohydrate
Aspirin,C14H6N2O0,55.87,10.29,275.984,Hormone
Ethanol,C1H33N1O0,673.95,8.93,991.793,Nucleotide
Adenosine triphosphate,C17H35N1O0,494.19,N/A,422.944,Amide
Caffeine,C14H18N1O2,574.99,7.95,934.987,Alkaloid
Dopamine,C4H24N0O2,938.22,6.5,258.762,Amide
Urea,C5H28N3O9,803.33,9.97,875.041,Carbohydrate
Adenosine triphosphate,C15H23N0O1,755.81,12.73,680.794,Nucleotide
Caffeine,C6H23N5O8,965.84,12.43,434.727,Neurotransmitter
Cholesterol,C18H40N5O10,797.45,3.74,646.723,Neurotransmitter
Urea,C17H23N5O1,355.09,N/A,817.051,Neurotransmitter
Cholesterol,C1H31N2O7,383.18,3.52,410.288,Lipid
Ethanol,C4H14N3O4,175.74,9.79,14.717,Alkaloid
Dopamine,C6H34N0O7,445.56,N/A,476.108,Amide
Caffeine,C1H32N0O8,631.09,N/A,810.252,Alkaloid
Adrenaline,C9H13N2O10,599.72,11.32,693.283,Amide
Glucose,C2H40N2O1,126.09,8.96,926.235,Alcohol
Adenosine triphosphate,C8H9N4O5,526.12,1.89,298.523,Neurotransmitter
Aspirin,C1H38N2O7,357.7,N/A,852.18,Nucleotide
Aspirin,C14H3N1O8,640.03,7.26,48.814,Neurotransmitter
Serotonin,C19H8N4O8,838.89,8.44,251.239,Lipid
Dopamine,C3H19N5O7,832.42,5.73,653.568,Carbohydrate
Dopamine,C19H37N1O6,547.77,N/A,802.116,Alkaloid
Glucose,C17H28N4O6,437.78,1.48,32.01,Carbohydrate
Cholesterol,C16H35N4O4,78.71,2.3,929.498,Hormone
Cholesterol,C15H23N4O0,664.55,N/A,604.718,Hormone
Ethanol,C18H40N2O5,966.3,5.68,428.901,Hormone
Glucose,C11H19N4O8,124.05,10.14,587.446,Hormone
Caffeine,C18H11N5O2,533.06,N/A,262.721,Carbohydrate
Adrenaline,C15H7N0O5,902.51,3.56,466.233,Amide
Adrenaline,C17H13N3O5,980.27,N/A,856.795,Amide
Ethanol,C10H3N1O1,264.98,12.0,43.09,Hormone
Adrenaline,C8H6N3O1,583.11,N/A,426.923,Carbohydrate
Urea,C9H30N2O7,672.22,4.54,875.973,Alkaloid
Cholesterol,C16H4N1O2,355.52,13.18,151.91,Hormone
Aspirin,C11H20N1O10,821.29,5.92,602.172,Hormone
Caffeine,C16H3N0O10,678.61,4.85,413.286,Alkaloid
Glucose,C7H17N4O5,716.94,2.11,12.448,Alkaloid
Caffeine,C14H20N3O6,474.72,9.91,863.118,Alcohol
Caffeine,C2H22N2O10,198.76,9.29,875.874,Alkaloid
Glucose,C16H31N5O7,756.39,13.01,599.471,Nucleotide
Urea,C16H16N0O0,615.88,7.4,492.8,Carbohydrate
Aspirin,C12H16N2O1,762.46,1.2,358.126,Alkaloid
Caffeine,C2H32N0O7,610.28,10.35,734.315,Organic Compound
Serotonin,C6H5N0O9,526.43,N/A,862.684,Hormone
Adrenaline,C7H26N0O4,780.66,12.16,804.074,Hormone
Ethanol,C18H10N3O1,740.3,5.51,374.517,Alkaloid
Ethanol,C9H27N0O10,972.76,6.31,660.204,Alkaloid
Caffeine,C7H23N0O1,309.97,2.03,298.061,Organic Compound
Adrenaline,C3H5N0O3,364.82,4.94,791.238,Nucleotide
Cholesterol,C14H7N5O10,764.17,9.93,658.925,Alkaloid
Serotonin,C6H16N0O2,106.77,10.66,698.215,Carbohydrate
Glucose,C15H5N1O4,612.18,11.47,520.768,Hormone
Ethanol,C16H17N1O4,590.15,4.98,644.822,Alkaloid
Adrenaline,C3H25N3O5,954.24,N/A,576.627,Carbohydrate
Ethanol,C4H17N1O3,722.15,10.32,594.811,Alkaloid
Dopamine,C18H40N0O7,533.81,4.47,817.969,Carbohydrate
Adenosine triphosphate,C9H38N1O4,303.53,5.16,989.145,Alkaloid
Cholesterol,C18H32N0O6,820.48,4.67,503.994,Alkaloid
Dopamine,C17H14N1O4,455.17,N/A,605.268,Alcohol
Glucose,C8H38N0O3,930.24,5.09,726.513,Hormone
Adenosine triphosphate,C13H4N0O5,669.77,1.84,285.613,Amide
Caffeine,C10H40N2O2,583.78,N/A,168.879,Amide
Caffeine,C1H40N3O8,386.61,N/A,843.526,Hormone
Caffeine,C6H19N4O3,713.41,9.03,193.4,Hormone
Dopamine,C17H10N3O0,815.68,10.13,826.389,Carbohydrate
Cholesterol,C18H14N0O4,583.4,N/A,425.455,Alkaloid
Adrenaline,C4H34N1O9,603.49,N/A,866.912,Hormone
Cholesterol,C20H13N1O2,388.54,N/A,35.357,Hormone
Ethanol,C20H30N4O8,883.51,8.74,155.827,Amide
Ethanol,C9H20N4O10,717.6,1.88,880.042,Hormone
Adenosine triphosphate,C13H24N2O6,567.99,13.15,459.243,Lipid
Cholesterol,C17H30N2O5,692.02,6.71,248.361,Lipid
Serotonin,C4H38N5O2,140.07,10.59,834.159,Amide
Ethanol,C5H12N0O4,612.41,N/A,853.154,Neurotransmitter
Adrenaline,C14H32N1O1,634.98,9.45,698.629,Amide
Cholesterol,C19H34N4O8,470.43,1.25,687.973,Neurotransmitter
Adenosine triphosphate,C9H31N1O2,396.93,10.42,235.594,Nucleotide
Urea,C14H32N1O5,845.19,N/A,409.018,Alkaloid
Urea,C1H35N4O2,802.26,4.54,710.258,Amide
Caffeine,C14H13N1O10,227.27,N/A,243.391,Amide
Serotonin,C15H26N4O6,955.77,5.44,875.461,Alcohol
Ethanol,C2H6N1O1,349.85,2.68,948.108,Lipid
Adrenaline,C6H16N2O2,943.36,N/A,402.011,Alcohol
Glucose,C2H24N3O7,663.24,10.25,484.137,Organic Compound
Cholesterol,C18H29N4O4,230.14,4.93,501.176,Carbohydrate
Caffeine,C14H30N1O0,512.67,N/A,27.875,Nucleotide
Ethanol,C20H29N5O0,113.89,3.69,314.578,Alcohol
Adrenaline,C10H3N3O3,725.3,6.0,339.892,Hormone
Serotonin,C2H22N0O5,704.5,1.38,884.551,Alcohol
Serotonin,C8H32N3O8,193.32,1.66,296.862,Neurotransmitter
Cholesterol,C7H34N0O9,119.48,14.0,667.548,Lipid
Ethanol,C4H18N5O2,616.53,5.61,718.335,Alcohol
Ethanol,C6H32N3O0,921.24,11.57,54.841,Nucleotide
Cholesterol,C7H8N3O7,570.96,11.11,871.52,Carbohydrate
Urea,C19H31N2O3,872.62,N/A,407.802,Neurotransmitter
Aspirin,C13H9N1O10,710.25,12.08,555.825,Hormone
Aspirin,C9H3N3O0,78.51,8.5,608.834,Neurotransmitter
Cholesterol,C17H24N1O1,168.83,2.88,420.895,Organic Compound
Serotonin,C19H2N0O9,925.63,3.75,79.333,Alcohol
Caffeine,C13H36N1O9,511.86,12.97,389.568,Lipid
Serotonin,C13H25N0O7,930.95,13.31,626.85,Alcohol
Dopamine,C3H38N4O10,250.94,2.69,926.665,Carbohydrate
Dopamine,C4H25N2O10,488.59,2.08,588.108,Neurotransmitter
Ethanol,C16H11N2O8,250.45,13.12,177.569,Carbohydrate
Adenosine triphosphate,C9H2N4O4,123.15,12.69,487.557,Hormone
Cholesterol,C10H18N3O8,303.83,12.01,491.907,Carbohydrate
Dopamine,C4H21N1O10,214.04,N/A,926.706,Amide
Serotonin,C5H23N3O10,691.39,2.03,525.813,Neurotransmitter
Glucose,C4H26N2O10,656.83,13.07,24.851,Amide
Ethanol,C14H17N3O4,261.03,7.36,348.093,Neurotransmitter
Urea,C20H11N0O8,265.38,11.35,434.085,Amide
Adenosine triphosphate,C18H15N3O1,193.73,10.59,646.905,Lipid
Ethanol,C18H15N2O9,896.18,2.84,358.204,Nucleotide
Adrenaline,C1H23N0O4,94.72,12.12,243.582,Organic Compound
Dopamine,C4H29N3O5,82.01,7.52,863.913,Nucleotide
Ethanol,C17H36N4O5,437.85,13.43,250.106,Hormone
Urea,C2H26N4O0,821.63,1.21,885.649,Alkaloid
Glucose,C9H36N2O7,785.63,9.42,381.811,Lipid
Serotonin,C20H37N0O0,574.35,5.68,218.736,Neurotransmitter
Adenosine triphosphate,C11H40N0O4,519.57,N/A,205.408,Neurotransmitter
Adenosine triphosphate,C9H33N0O4,640.86,10.53,81.923,Organic Compound
Ethanol,C18H1N4O3,662.78,12.0,413.767,Amide
Serotonin,C16H12N1O9,438.51,7.69,640.54,Amide
Glucose,C3H23N1O6,697.54,13.71,997.506,Neurotransmitter
Aspirin,C3H21N5O5,724.13,2.22,701.768,Hormone
Dopamine,C12H24N1O2,957.28,1.39,721.801,Hormone
Adrenaline,C2H37N4O2,345.92,4.31,26.601,Lipid
Ethanol,C5H23N0O1,79.58,13.98,840.407,Organic Compound
Adrenaline,C5H34N5O8,156.52,12.96,745.456,Nucleotide
Adenosine triphosphate,C9H2N0O7,125.4,3.89,113.691,Organic Compound
Adrenaline,C15H4N2O4,260.18,1.85,737.763,Lipid
Ethanol,C4H18N3O4,967.55,N/A,594.347,Alkaloid
Aspirin,C17H15N4O3,965.27,3.86,775.87,Organic Compound
Urea,C17H38N3O4,682.01,2.23,274.131,Carbohydrate
Caffeine,C18H1N5O9,548.88,12.19,717.078,Lipid
Adenosine triphosphate,C13H37N0O0,623.59,N/A,393.246,Organic Compound
Ethanol,C15H35N1O10,275.65,6.42,195.317,Amide
Serotonin,C19H9N4O3,56.86,12.96,310.218,Alcohol
Aspirin,C7H37N5O6,529.19,10.6,411.118,Lipid
Adenosine triphosphate,C6H8N5O5,801.06,12.73,556.865,Organic Compound
Cholesterol,C20H23N2O8,624.09,7.65,172.139,Alkaloid
Dopamine,C20H22N2O3,659.41,13.46,560.074,Nucleotide
Dopamine,C3H21N1O8,411.64,12.03,175.928,Alcohol
Glucose,C1H29N4O9,173.08,13.81,318.361,Organic Compound
Ethanol,C20H7N4O2,139.08,13.15,581.196,Organic Compound
Caffeine,C8H22N5O2,337.88,12.02,729.207,Neurotransmitter
Ethanol,C5H28N0O5,620.83,6.01,649.965,Nucleotide
Ethanol,C20H40N5O6,780.47,6.24,424.055,Alcohol
Adrenaline,C15H18N5O10,860.82,4.63,862.538,Nucleotide
Dopamine,C17H37N0O10,705.44,8.41,875.177,Hormone
Aspirin,C8H3N4O0,642.08,10.44,422.752,Lipid
Adenosine triphosphate,C6H11N3O7,323.89,2.02,751.994,Alcohol
Aspirin,C2H14N3O4,849.74,12.98,254.761,Nucleotide
Serotonin,C1H26N3O1,529.21,12.96,363.0,Neurotransmitter
Urea,C11H34N1O7,820.21,12.15,415.511,Neurotransmitter
Serotonin,C9H37N0O2,920.58,N/A,330.373,Neurotransmitter
Adrenaline,C6H12N4O5,224.88,N/A,44.617,Neurotransmitter
Urea,C14H24N3O10,705.62,10.94,235.097,Lipid
Urea,C19H38N3O2,816.6,4.28,405.934,Lipid
Adenosine triphosphate,C5H34N3O3,356.71,4.5,638.038,Amide
Caffeine,C20H7N3O10,742.73,11.26,735.511,Nucleotide
Ethanol,C4H18N3O9,439.04,2.19,626.282,Organic Compound
Urea,C11H39N4O3,511.56,1.62,632.53,Alcohol
Ethanol,C10H36N2O6,341.42,6.64,405.896,Carbohydrate
Aspirin,C19H18N2O7,406.36,N/A,733.695,Alcohol
Glucose,C10H19N2O8,631.21,N/A,867.094,Lipid
Caffeine,C7H14N5O8,553.98,10.87,142.861,Amide
Ethanol,C14H10N4O7,805.46,8.13,920.681,Alkaloid
Glucose,C18H29N4O5,218.92,3.15,752.515,Lipid
Dopamine,C2H3N0O0,937.62,12.23,386.386,Lipid
Adrenaline,C5H10N4O3,540.42,2.68,844.347,Nucleotide
Serotonin,C20H24N4O7,918.07,12.84,534.668,Organic Compound
Serotonin,C9H5N2O4,894.69,N/A,531.367,Amide
Aspirin,C15H36N0O4,237.74,1.94,424.199,Lipid
Caffeine,C12H11N5O6,341.44,1.0,648.194,Amide
Adrenaline,C18H20N3O6,269.23,7.25,80.745,Alcohol
Adrenaline,C15H25N4O10,200.07,11.68,169.994,Amide
Adenosine triphosphate,C18H24N2O10,927.97,7.98,321.74,Hormone
Cholesterol,C9H30N3O9,681.64,1.33,771.914,Organic Compound
Urea,C17H27N1O6,755.34,N/A,281.846,Hormone
Caffeine,C17H11N2O0,388.89,7.45,707.327,Neurotransmitter
Serotonin,C15H25N2O3,129.83,7.38,570.15,Neurotransmitter
Adrenaline,C11H12N4O4,589.5,12.64,850.777,Hormone
Dopamine,C2H24N3O6,302.42,11.5,852.794,Hormone
Glucose,C8H40N5O1,563.5,N/A,669.371,Neurotransmitter
Caffeine,C18H7N4O3,635.96,3.97,486.548,Alkaloid
Adenosine triphosphate,C5H3N2O2,730.43,N/A,253.838,Hormone
Caffeine,C8H13N0O3,233.7,8.09,149.995,Carbohydrate
Glucose,C2H12N1O9,107.28,10.36,567.284,Organic Compound
Dopamine,C20H17N5O1,441.99,7.54,393.169,Lipid
Dopamine,C8H9N0O3,449.64,8.92,163.536,Alkaloid
Dopamine,C8H40N3O10,409.54,10.35,615.63,Alkaloid
Adenosine triphosphate,C19H12N0O1,117.47,N/A,448.029,Lipid
Ethanol,C12H39N1O2,410.01,2.38,976.167,Amide
Cholesterol,C20H11N0O10,251.95,13.45,847.003,Nucleotide
Caffeine,C11H5N4O1,958.93,11.53,78.663,Nucleotide
Urea,C7H30N2O7,550.07,12.06,474.189,Hormone
Adrenaline,C14H10N4O9,333.5,7.85,221.208,Carbohydrate
Dopamine,C9H21N1O5,970.45,1.17,363.236,Nucleotide
Urea,C5H10N3O5,488.3,3.03,331.004,Organic Compound
Urea,C2H37N5O0,492.34,12.58,8.456,Amide
Caffeine,C17H16N0O6,109.27,12.96,140.08,Alkaloid
Glucose,C2H26N1O9,893.45,7.38,121.607,Nucleotide
Adrenaline,C18H24N2O1,322.12,5.96,426.722,Nucleotide
Cholesterol,C4H16N0O8,91.4,11.9,931.845,Amide
Aspirin,C6H36N5O10,777.14,4.36,737.03,Alcohol
Cholesterol,C18H1N0O2,485.64,10.43,284.191,Organic Compound
Serotonin,C8H40N0O1,221.9,3.9,980.55,Neurotransmitter
Adenosine triphosphate,C7H29N2O2,68.18,7.84,551.342,Nucleotide
Urea,C18H27N1O1,350.99,N/A,130.94,Hormone
Aspirin,C20H36N2O3,306.75,7.46,519.366,Neurotransmitter
Dopamine,C15H8N3O5,611.75,11.91,510.927,Amide
Glucose,C11H16N0O1,525.18,8.34,218.661,Alcohol
Glucose,C11H28N2O4,913.84,N/A,544.578,Nucleotide
Serotonin,C10H3N1O6,232.59,2.57,542.946,Organic Compound
Glucose,C20H32N5O2,535.92,3.33,831.511,Alcohol
Adenosine triphosphate,C16H5N1O1,672.0,2.12,928.112,Alcohol
Adenosine triphosphate,C7H27N2O8,79.89,11.67,93.889,Alkaloid
Urea,C2H16N3O8,233.07,3.4,248.23,Amide
Caffeine,C4H28N3O4,461.09,N/A,251.055,Nucleotide
Urea,C7H40N2O6,849.31,8.63,304.335,Alkaloid
Caffeine,C3H18N5O9,700.06,8.27,464.972,Organic Compound
Adenosine triphosphate,C20H7N3O1,426.13,5.78,569.863,Lipid
Aspirin,C6H1N5O2,409.89,13.65,100.387,Lipid
Dopamine,C15H31N1O8,819.5,3.83,7.252,Amide
Aspirin,C13H12N1O0,205.26,9.33,344.764,Amide
Glucose,C17H29N3O0,348.58,N/A,346.713,Carbohydrate
Urea,C13H36N4O2,274.14,N/A,355.361,Neurotransmitter
Urea,C3H12N3O2,732.11,4.78,89.085,Nucleotide
Cholesterol,C12H24N1O10,189.82,13.38,553.892,Alcohol
Glucose,C11H31N1O1,306.42,12.2,102.628,Nucleotide
Adenosine triphosphate,C18H38N1O3,278.62,10.36,416.249,Nucleotide
Adenosine triphosphate,C18H19N3O9,287.23,3.11,373.675,Amide
Urea,C3H11N1O8,644.84,9.52,600.819,Amide
Glucose,C3H32N2O3,707.98,8.79,35.795,Amide
Caffeine,C9H36N2O1,162.99,12.56,491.864,Organic Compound
Serotonin,C12H13N1O4,447.72,9.17,445.609,Nucleotide
Adrenaline,C1H6N5O8,500.18,12.42,736.984,Organic Compound
Cholesterol,C10H10N1O9,632.8,12.36,979.488,Hormone
Urea,C20H7N5O5,183.07,4.52,282.526,Lipid
Caffeine,C20H8N5O0,940.67,12.24,45.256,Lipid
Caffeine,C5H21N4O10,777.06,12.08,451.156,Organic Compound
Caffeine,C8H39N5O1,901.28,2.21,749.932,Alcohol
Adenosine triphosphate,C12H25N2O4,63.03,6.08,74.552,Hormone
Cholesterol,C10H10N4O9,889.14,N/A,292.732,Lipid
Cholesterol,C1H30N0O2,81.78,4.71,183.886,Amide
Adenosine triphosphate,C16H37N0O7,241.65,8.79,539.569,Alkaloid
Serotonin,C1H28N5O9,107.08,8.55,890.163,Nucleotide
Dopamine,C5H31N3O3,442.71,9.98,89.521,Lipid
Adrenaline,C18H33N2O3,92.47,11.11,728.225,Alcohol
Caffeine,C10H37N5O2,206.26,N/A,75.368,Amide
Aspirin,C2H24N2O2,267.0,7.26,433.96,Organic Compound
Cholesterol,C7H13N3O5,707.65,8.96,408.036,Neurotransmitter
Cholesterol,C1H37N4O0,525.99,N/A,247.319,Neurotransmitter
Cholesterol,C17H21N2O0,995.39,N/A,816.546,Nucleotide
Adrenaline,C8H11N5O6,102.14,N/A,339.657,Organic Compound
Ethanol,C1H31N2O8,225.7,N/A,652.708,Hormone
Aspirin,C3H5N0O5,812.43,3.74,682.899,Amide
Dopamine,C18H13N5O5,788.5,4.73,613.028,Alkaloid
Cholesterol,C8H13N2O0,614.55,N/A,230.375,Hormone
Dopamine,C15H24N1O9,490.21,7.2,17.491,Organic Compound
Adenosine triphosphate,C10H32N1O7,788.46,N/A,542.753,Amide
Aspirin,C13H36N1O8,723.97,N/A,122.926,Amide
Dopamine,C20H18N3O1,933.94,9.17,971.891,Alcohol
Caffeine,C10H9N3O0,247.04,10.29,193.112,Neurotransmitter
Glucose,C7H36N3O0,324.79,1.47,154.378,Organic Compound
Urea,C6H18N5O5,772.29,N/A,132.965,Neurotransmitter
Aspirin,C15H22N2O3,158.51,4.11,716.269,Alcohol
Glucose,C16H35N5O8,493.3,12.54,341.462,Lipid
Serotonin,C7H26N3O2,776.86,8.35,698.837,Alkaloid
Serotonin,C5H30N0O10,646.61,10.82,94.146,Nucleotide
Adenosine triphosphate,C11H26N4O3,786.46,N/A,74.058,Alcohol
Ethanol,C7H23N0O7,117.32,13.18,615.279,Alkaloid
Adenosine triphosphate,C3H25N5O4,281.07,12.56,189.613,Carbohydrate
Caffeine,C3H9N5O2,959.87,N/A,930.235,Carbohydrate
Aspirin,C17H15N1O9,890.01,N/A,113.276,Nucleotide
Adenosine triphosphate,C10H33N4O6,115.05,3.87,791.727,Alcohol
Adenosine triphosphate,C11H7N4O10,969.99,2.93,772.039,Lipid
Cholesterol,C1H2N3O5,509.59,7.55,67.385,Organic Compound
Urea,C16H12N1O6,734.28,2.89,654.972,Lipid
Adrenaline,C10H19N2O0,258.04,7.26,331.807,Alcohol
Serotonin,C6H1N1O5,151.46,13.64,187.396,Neurotransmitter
Glucose,C9H39N5O5,882.96,N/A,331.258,Organic Compound
Cholesterol,C5H10N2O6,916.84,6.52,511.933,Neurotransmitter
Urea,C15H16N1O5,428.29,11.71,48.716,Neurotransmitter
Ethanol,C12H2N1O0,803.88,12.35,704.879,Organic Compound
Dopamine,C16H31N3O10,926.34,8.56,925.538,Alkaloid
Adrenaline,C18H14N4O5,499.05,5.36,162.564,Hormone
Adrenaline,C18H9N5O9,381.86,7.58,892.218,Hormone
Glucose,C6H30N1O4,438.37,5.06,555.256,Hormone
Aspirin,C19H19N5O10,629.26,N/A,397.199,Amide
Aspirin,C14H23N1O4,977.09,8.7,150.203,Neurotransmitter
Serotonin,C20H24N5O8,816.1,3.21,865.012,Nucleotide
Dopamine,C9H23N0O2,844.86,9.61,680.394,Carbohydrate
Ethanol,C9H30N5O6,849.72,N/A,373.311,Hormone
Cholesterol,C1H32N0O10,712.81,12.57,412.804,Carbohydrate
Urea,C11H8N2O4,585.33,7.42,377.895,Hormone
Aspirin,C9H4N2O2,267.99,13.69,431.363,Nucleotide
Aspirin,C19H29N0O1,280.97,13.79,562.991,Carbohydrate
Adrenaline,C2H38N1O2,527.62,11.08,884.78,Organic Compound
Cholesterol,C1H27N0O3,909.09,5.29,677.703,Nucleotide
Glucose,C13H2N3O2,706.33,3.24,110.49,Alkaloid
Adrenaline,C9H28N1O1,362.7,3.85,801.168,Alcohol
Aspirin,C20H26N1O7,739.31,N/A,476.912,Carbohydrate
Cholesterol,C6H39N2O0,686.52,10.85,710.681,Hormone
Dopamine,C17H27N5O10,906.54,4.16,411.35,Nucleotide
Aspirin,C3H13N4O7,968.9,2.18,205.576,Hormone
Caffeine,C10H25N2O8,231.52,4.97,905.248,Neurotransmitter
Urea,C17H7N0O0,162.06,N/A,71.101,Hormone
Cholesterol,C19H5N1O9,218.43,N/A,12.421,Neurotransmitter
Urea,C19H39N3O7,58.09,8.67,137.389,Lipid
Ethanol,C5H22N1O0,922.62,13.0,197.333,Alkaloid
Adrenaline,C14H17N4O0,579.53,3.86,358.758,Alcohol
Caffeine,C3H36N2O2,487.42,N/A,556.693,Carbohydrate
Aspirin,C18H23N4O4,989.53,9.9,23.943,Organic Compound
Adrenaline,C3H30N2O2,994.17,N/A,382.013,Alkaloid
Glucose,C18H19N3O2,779.63,4.02,987.831,Alkaloid
Adrenaline,C9H16N1O4,623.49,3.53,511.134,Nucleotide
Caffeine,C9H21N4O9,186.58,N/A,726.014,Amide
Adrenaline,C11H32N2O1,389.41,10.84,34.686,Nucleotide
Cholesterol,C14H29N5O8,272.2,13.91,876.956,Organic Compound
Dopamine,C20H34N0O2,509.56,8.5,868.326,Alkaloid
Serotonin,C10H28N1O5,86.96,N/A,573.976,Carbohydrate
Adrenaline,C16H29N3O2,916.54,N/A,44.196,Amide
Ethanol,C18H37N2O1,786.12,12.53,774.55,Amide
Urea,C9H1N2O2,853.19,3.57,413.002,Lipid
Aspirin,C12H1N3O4,930.89,3.75,32.244,Neurotransmitter
Adenosine triphosphate,C18H6N5O0,381.29,4.68,409.194,Hormone
Cholesterol,C8H25N3O4,219.91,1.8,683.155,Lipid
Adrenaline,C1H12N4O3,498.63,1.32,550.58,Neurotransmitter
Ethanol,C14H27N4O1,690.38,7.17,582.529,Organic Compound
Adenosine triphosphate,C14H34N5O8,773.9,4.45,202.074,Carbohydrate
Glucose,C5H25N3O6,229.61,3.92,210.6,Organic Compound
Caffeine,C12H33N0O2,674.52,13.78,714.966,Alcohol
Urea,C10H17N0O2,380.56,12.81,238.961,Organic Compound
Cholesterol,C10H10N2O8,917.27,8.28,636.261,Alcohol
Caffeine,C17H27N1O0,826.46,1.27,115.39,Lipid
Aspirin,C4H27N4O9,341.25,9.61,397.323,Organic Compound
Dopamine,C18H22N5O5,92.51,13.5,685.325,Nucleotide
Ethanol,C8H14N1O1,986.88,1.15,867.309,Alcohol
Dopamine,C14H25N1O8,679.61,12.1,590.539,Alkaloid
Ethanol,C8H18N4O4,268.36,8.9,994.022,Lipid
Adrenaline,C17H29N0O5,237.39,9.04,649.393,Alcohol
Caffeine,C20H27N0O8,195.89,13.09,51.759,Hormone
Cholesterol,C20H23N2O8,756.05,4.32,644.287,Nucleotide
Serotonin,C8H11N3O5,733.84,11.43,294.175,Lipid
Cholesterol,C15H20N5O10,550.73,8.41,118.357,Nucleotide
Serotonin,C3H17N0O9,167.32,3.96,365.543,Alcohol
Serotonin,C20H12N1O8,330.64,1.9,630.387,Organic Compound
Adrenaline,C6H24N5O10,292.27,3.04,71.458,Alkaloid
Adrenaline,C9H20N4O1,620.7,5.35,427.391,Alcohol
Cholesterol,C8H10N5O4,477.11,4.64,11.521,Lipid
Aspirin,C14H31N1O4,200.65,9.02,709.163,Alkaloid
Cholesterol,C5H30N4O3,991.37,2.24,386.703,Hormone
Adrenaline,C12H23N3O4,230.25,6.33,410.062,Alcohol
Glucose,C11H2N2O10,457.76,5.84,288.07,Alcohol
Urea,C14H15N0O10,751.85,6.62,576.633,Lipid
Cholesterol,C12H39N5O3,591.57,N/A,763.966,Hormone
Cholesterol,C18H4N3O1,724.19,11.16,929.715,Organic Compound
Adrenaline,C7H33N1O1,56.9,N/A,500.823,Amide
Caffeine,C6H22N2O3,164.82,10.66,863.046,Alcohol
Urea,C20H10N1O10,170.43,N/A,816.747,Amide
Dopamine,C16H40N0O5,428.63,N/A,975.622,Alcohol
Aspirin,C8H37N2O3,148.51,3.78,305.83,Alkaloid
Cholesterol,C12H26N5O0,992.71,12.41,839.857,Alcohol
Aspirin,C2H23N0O8,126.15,1.82,355.255,Lipid
Adenosine triphosphate,C4H14N2O4,132.65,6.93,129.361,Carbohydrate
Glucose,C9H22N2O9,691.91,8.26,493.217,Amide
Urea,C4H29N2O1,760.9,12.15,891.491,Alkaloid
Adrenaline,C10H37N2O5,284.1,8.29,635.625,Alcohol
Adenosine triphosphate,C3H12N3O5,309.81,4.67,164.13,Carbohydrate
Aspirin,C6H3N4O3,95.01,N/A,882.983,Organic Compound
Urea,C15H30N1O6,628.82,6.7,75.102,Alcohol
Serotonin,C7H5N3O3,376.34,2.32,20.904,Hormone
Ethanol,C13H20N2O1,598.43,11.0,469.483,Amide
Adrenaline,C7H5N0O1,568.19,N/A,219.287,Hormone
Urea,C9H11N0O2,134.4,10.56,297.856,Hormone
Adenosine triphosphate,C6H11N1O4,519.52,7.39,927.507,Alcohol
Adrenaline,C17H10N4O3,967.04,N/A,680.08,Alkaloid
Caffeine,C13H30N1O4,285.61,13.93,347.368,Amide
Adenosine triphosphate,C4H27N5O7,300.73,7.04,446.307,Nucleotide
Adenosine triphosphate,C5H18N5O2,221.59,N/A,359.69,Alkaloid
Aspirin,C15H26N5O3,854.38,11.26,797.78,Carbohydrate
Ethanol,C1H32N3O2,142.23,7.88,187.8,Nucleotide
Adenosine triphosphate,C4H18N4O6,414.25,5.27,392.074,Organic Compound
Ethanol,C9H14N4O9,120.86,12.15,292.136,Lipid
Serotonin,C11H30N3O6,752.45,N/A,608.142,Alcohol
Serotonin,C2H25N2O6,62.37,9.29,836.388,Lipid
Aspirin,C11H17N3O3,316.91,2.57,4.276,Hormone
Ethanol,C11H10N2O1,992.99,6.83,790.395,Hormone
Ethanol,C8H14N3O7,969.95,6.08,726.251,Alcohol
Adenosine triphosphate,C20H18N4O2,727.22,8.24,803.325,Amide
Ethanol,C8H4N5O0,982.39,10.0,460.635,Alkaloid
Ethanol,C4H39N5O4,379.56,N/A,45.358,Hormone
Serotonin,C14H16N2O3,265.19,N/A,820.72,Carbohydrate
Adenosine triphosphate,C17H25N3O7,263.71,9.01,79.299,Lipid
Adenosine triphosphate,C7H2N5O3,773.61,N/A,445.557,Carbohydrate
Adrenaline,C1H21N1O9,738.22,11.25,85.522,Hormone
Cholesterol,C12H34N1O4,984.2,10.43,169.089,Alcohol
Aspirin,C9H13N5O7,939.16,4.09,890.648,Carbohydrate
Dopamine,C8H16N3O3,348.67,6.14,963.18,Alcohol
Urea,C10H38N4O5,981.67,N/A,44.889,Neurotransmitter
Adrenaline,C1H27N0O5,197.27,1.73,867.93,Lipid
Caffeine,C4H33N1O8,950.3,N/A,317.523,Neurotransmitter
Ethanol,C15H11N1O3,736.53,N/A,51.803,Nucleotide
Adenosine triphosphate,C16H26N3O2,952.97,11.97,766.177,Amide
Urea,C1H26N3O10,893.58,4.83,99.861,Hormone
Aspirin,C5H22N3O4,516.18,8.73,713.931,Hormone
Adenosine triphosphate,C18H13N5O5,565.08,9.27,986.367,Amide
Dopamine,C13H16N2O6,449.01,1.81,327.277,Alkaloid
Ethanol,C14H12N5O0,756.57,N/A,300.814,Nucleotide
Caffeine,C11H39N1O9,985.5,3.12,918.485,Neurotransmitter
Adenosine triphosphate,C1H8N5O2,421.96,N/A,357.309,Amide
Urea,C2H37N5O0,634.7,11.88,601.16,Alcohol
Ethanol,C20H36N1O10,608.45,9.27,57.245,Carbohydrate
Glucose,C18H3N4O2,362.36,13.73,149.517,Amide
Dopamine,C7H4N2O3,596.05,1.34,48.269,Carbohydrate
Adrenaline,C20H29N0O5,233.16,12.07,450.277,Neurotransmitter
Serotonin,C15H4N5O10,169.4,13.9,964.967,Alkaloid
Serotonin,C15H1N5O10,118.69,N/A,276.191,Neurotransmitter
Glucose,C4H14N4O7,533.48,12.7,17.665,Organic Compound
Serotonin,C1H4N4O3,949.19,1.12,158.411,Lipid
Aspirin,C6H1N4O4,648.29,12.26,364.125,Neurotransmitter
Adenosine triphosphate,C4H30N2O2,729.48,5.04,961.316,Amide
Ethanol,C14H1N2O7,975.53,5.97,244.325,Lipid
Adenosine triphosphate,C12H36N3O8,422.67,7.73,73.59,Alkaloid
Cholesterol,C4H23N5O3,518.45,3.07,63.774,Nucleotide
Urea,C17H26N4O8,539.43,7.11,209.617,Alcohol
Ethanol,C12H15N3O1,737.96,N/A,55.823,Organic Compound
Aspirin,C15H40N3O5,328.31,1.62,999.809,Organic Compound
Glucose,C20H26N2O0,624.38,N/A,858.307,Hormone
Adenosine triphosphate,C8H21N4O4,180.38,2.98,900.962,Alkaloid
Adenosine triphosphate,C2H28N2O6,956.22,N/A,629.871,Hormone
Aspirin,C16H31N1O4,929.04,6.63,986.811,Organic Compound
Urea,C3H35N1O0,451.5,6.41,985.718,Alkaloid
Urea,C10H16N4O8,825.74,N/A,33.858,Nucleotide
Ethanol,C10H10N1O5,968.0,3.31,260.209,Carbohydrate
Dopamine,C12H36N4O6,969.96,9.82,888.716,Amide
Urea,C5H14N3O2,311.15,1.61,213.643,Lipid
Cholesterol,C9H33N2O4,269.68,5.3,55.096,Carbohydrate
Aspirin,C19H31N4O10,618.54,7.59,832.861,Lipid
Serotonin,C13H16N4O3,525.27,4.68,484.326,Amide
Urea,C14H21N4O2,680.16,5.45,260.698,Nucleotide
Dopamine,C20H17N3O6,609.77,1.63,21.038,Carbohydrate
Cholesterol,C18H4N2O1,455.84,13.84,101.112,Hormone
Urea,C18H30N0O9,540.7,6.28,823.042,Amide
Ethanol,C15H24N4O7,882.02,N/A,152.796,Organic Compound
Adrenaline,C12H26N1O9,115.92,6.09,614.45,Organic Compound
Serotonin,C6H40N3O8,904.23,7.04,673.844,Lipid
Adenosine triphosphate,C5H21N1O9,353.29,12.68,238.478,Organic Compound
Serotonin,C15H9N5O8,939.02,3.26,515.182,Alkaloid
Adenosine triphosphate,C15H39N1O8,869.14,5.9,495.92,Lipid
Glucose,C3H19N2O4,887.49,6.26,623.555,Neurotransmitter
Glucose,C15H11N4O2,943.58,8.74,448.581,Organic Compound
Adenosine triphosphate,C8H39N1O7,511.89,12.62,940.285,Alcohol
Adenosine triphosphate,C13H10N4O8,984.52,7.07,73.372,Nucleotide
Caffeine,C7H12N3O3,992.81,N/A,727.577,Organic Compound
Cholesterol,C3H20N5O10,746.0,N/A,7.218,Alcohol
Glucose,C15H22N2O10,248.25,7.75,831.003,Lipid
Urea,C7H31N3O10,680.7,3.99,244.68,Alcohol
Glucose,C14H31N3O2,82.36,2.04,265.605,Carbohydrate
Aspirin,C16H5N0O8,441.46,1.41,654.638,Nucleotide
Caffeine,C15H7N0O5,728.54,4.68,876.535,Carbohydrate
Serotonin,C10H8N3O2,52.47,13.35,7.816,Carbohydrate
Adrenaline,C16H25N1O9,917.83,2.99,205.509,Hormone
Serotonin,C20H4N3O1,564.79,2.96,81.267,Nucleotide
Caffeine,C1H12N3O1,316.91,3.9,755.604,Alcohol
Serotonin,C14H34N0O6,140.29,5.55,568.991,Amide
Dopamine,C18H17N0O4,593.4,4.06,772.675,Alcohol
Adenosine triphosphate,C18H3N4O3,573.94,5.91,762.126,Neurotransmitter
Urea,C12H18N3O5,773.79,4.67,720.936,Lipid
Ethanol,C16H6N0O1,127.27,5.99,866.095,Amide
Adrenaline,C12H30N3O8,447.12,N/A,432.136,Alcohol
Dopamine,C11H20N1O10,208.51,1.3,464.925,Alkaloid
Glucose,C8H23N3O0,801.72,9.26,858.91,Alcohol
Aspirin,C13H12N3O10,959.88,8.55,638.759,Hormone
Adrenaline,C3H19N3O9,250.86,3.09,398.516,Alkaloid
Adrenaline,C16H6N2O2,491.85,N/A,324.03,Nucleotide
Urea,C15H31N1O1,385.65,5.43,244.484,Hormone
Serotonin,C11H4N2O5,364.87,3.78,740.147,Nucleotide
Cholesterol,C17H8N0O1,433.98,7.36,233.029,Neurotransmitter
Aspirin,C5H20N3O10,146.51,12.11,836.171,Hormone
Urea,C10H26N0O6,786.49,12.08,218.763,Carbohydrate
Dopamine,C3H13N2O4,260.59,N/A,741.653,Amide
Aspirin,C4H24N1O8,733.17,11.28,580.956,Amide
Adenosine triphosphate,C16H39N0O6,696.17,2.32,167.909,Alcohol
Serotonin,C14H1N2O9,973.7,8.93,678.993,Alkaloid
Adrenaline,C19H28N1O7,268.77,2.88,340.649,Amide
Adenosine triphosphate,C12H3N4O10,878.91,13.31,636.449,Alcohol
Glucose,C8H2N5O5,780.54,8.95,949.508,Hormone
Caffeine,C11H14N3O6,209.52,13.49,252.689,Neurotransmitter
Dopamine,C3H4N4O6,979.54,6.17,830.385,Alkaloid
Aspirin,C7H30N2O4,311.96,12.32,916.216,Carbohydrate
Urea,C8H16N3O10,678.59,4.28,859.511,Alcohol
Caffeine,C12H16N3O2,554.08,1.45,637.331,Lipid
Adenosine triphosphate,C6H18N3O3,928.42,12.5,190.284,Hormone
Caffeine,C6H1N3O8,132.19,8.69,859.154,Lipid
Adenosine triphosphate,C6H18N4O9,884.61,5.01,380.127,Alcohol
Caffeine,C2H13N3O3,960.66,3.04,973.291,Alkaloid
Dopamine,C15H37N1O6,348.57,2.53,987.476,Lipid
Adrenaline,C12H16N1O0,776.64,4.98,652.214,Amide
Dopamine,C15H16N2O3,533.32,3.16,512.414,Alcohol
Adenosine triphosphate,C17H17N1O5,528.07,7.69,947.537,Carbohydrate
Dopamine,C2H19N4O4,698.03,10.0,162.07,Lipid
Aspirin,C11H7N2O9,107.83,2.72,868.06,Alkaloid
Aspirin,C18H11N3O2,527.61,4.38,483.837,Alcohol
Dopamine,C4H39N1O5,848.9,13.52,768.211,Alkaloid
Glucose,C12H32N0O8,199.17,N/A,436.948,Alcohol
Adrenaline,C16H39N4O0,544.36,9.28,696.483,Alcohol
Cholesterol,C16H5N5O10,747.3,13.65,388.796,Nucleotide
Ethanol,C13H8N4O9,760.74,9.06,487.798,Amide
Cholesterol,C3H10N1O1,132.8,N/A,194.923,Organic Compound
Aspirin,C10H18N4O10,410.37,8.12,806.629,Lipid
Serotonin,C15H14N5O8,194.85,4.29,278.394,Carbohydrate
Caffeine,C2H32N3O6,306.46,4.92,103.844,Hormone
Dopamine,C2H11N4O2,377.23,10.27,344.393,Alcohol
Adenosine triphosphate,C7H35N1O3,767.25,2.7,333.978,Alkaloid
Adrenaline,C4H20N0O9,112.68,11.87,654.129,Nucleotide
Glucose,C8H11N4O4,144.78,9.2,4.051,Carbohydrate
Dopamine,C11H25N1O10,253.63,4.88,544.994,Organic Compound
Glucose,C14H28N2O4,490.71,1.33,601.1,Amide
Ethanol,C5H14N5O0,441.05,13.95,368.261,Amide
Adenosine triphosphate,C7H1N4O0,603.39,11.24,684.669,Alcohol
Cholesterol,C3H35N3O8,422.77,4.28,450.415,Neurotransmitter
Ethanol,C18H20N3O10,321.56,3.25,476.413,Carbohydrate
Dopamine,C5H31N5O6,618.81,N/A,950.529,Lipid
Caffeine,C11H28N5O7,735.67,11.93,282.961,Organic Compound
Ethanol,C4H31N1O9,534.88,12.34,593.934,Neurotransmitter
Dopamine,C10H23N2O4,807.15,N/A,798.874,Neurotransmitter
Urea,C11H37N2O6,364.75,N/A,712.125,Carbohydrate
Adenosine triphosphate,C9H13N0O9,734.24,7.77,783.811,Organic Compound
Glucose,C20H24N4O9,236.29,13.18,944.446,Carbohydrate
Caffeine,C15H6N3O5,998.01,5.23,845.144,Nucleotide
Adenosine triphosphate,C1H11N0O4,212.7,8.4,79.044,Alkaloid
Caffeine,C20H13N3O5,467.95,11.37,487.482,Organic Compound
Aspirin,C4H36N5O3,417.18,5.3,772.405,Hormone
Serotonin,C18H18N2O5,196.17,8.56,786.556,Alcohol
Urea,C3H17N1O8,178.9,N/A,764.24,Amide
Dopamine,C4H40N2O1,445.81,13.45,495.9,Alcohol
Dopamine,C13H28N5O9,151.65,3.8,704.428,Organic Compound
Urea,C18H38N2O9,320.87,2.98,483.511,Amide
Ethanol,C18H15N1O4,827.03,3.78,291.809,Organic Compound
Dopamine,C4H11N0O7,163.45,N/A,588.394,Alkaloid
Serotonin,C20H1N3O4,234.99,12.66,521.849,Lipid
Cholesterol,C14H12N0O9,183.02,9.84,379.294,Amide
Cholesterol,C14H18N5O6,524.03,N/A,517.498,Alkaloid
Serotonin,C18H34N1O2,338.35,11.15,319.172,Nucleotide
Ethanol,C13H37N2O1,732.43,9.9,868.249,Organic Compound
Cholesterol,C9H30N0O10,591.55,7.41,100.502,Amide
Serotonin,C4H25N5O3,292.59,10.09,127.476,Alkaloid
Serotonin,C12H40N2O4,634.67,7.83,500.995,Carbohydrate
Glucose,C2H3N5O0,773.55,8.04,746.13,Nucleotide
Adrenaline,C5H31N0O10,714.79,6.93,704.711,Hormone
Serotonin,C13H32N0O0,236.44,3.11,929.768,Hormone
Caffeine,C17H16N2O5,566.32,1.45,942.299,Neurotransmitter
Caffeine,C19H38N2O8,763.36,2.72,946.448,Alcohol
Adrenaline,C9H33N0O8,797.51,1.91,457.595,Amide
Aspirin,C6H14N0O0,484.49,N/A,57.526,Hormone
Dopamine,C17H11N3O7,661.77,4.9,778.18,Lipid
Serotonin,C7H19N0O5,565.02,6.52,453.625,Lipid
Adenosine triphosphate,C4H11N5O1,304.95,10.13,853.629,Alcohol
Adrenaline,C3H28N4O0,262.32,9.47,247.133,Lipid
Adenosine triphosphate,C6H40N4O2,821.84,7.53,914.75,Hormone
Adenosine triphosphate,C10H30N2O1,755.95,2.99,617.626,Hormone
Serotonin,C1H14N1O4,497.99,8.93,745.676,Neurotransmitter
Glucose,C10H27N3O2,874.62,N/A,13.906,Lipid
Cholesterol,C14H1N1O8,455.13,N/A,540.365,Alcohol
Aspirin,C15H32N0O5,659.0,N/A,749.796,Organic Compound
Serotonin,C19H38N4O6,749.53,4.98,504.974,Nucleotide
Glucose,C3H31N1O7,359.85,6.61,566.62,Amide
Adrenaline,C13H3N1O9,912.62,12.98,380.413,Nucleotide
Caffeine,C13H39N5O8,877.04,11.24,845.126,Neurotransmitter
Adenosine triphosphate,C8H18N2O5,939.11,3.48,286.182,Carbohydrate
Cholesterol,C14H11N4O3,597.12,2.49,142.519,Nucleotide
Cholesterol,C13H7N4O5,66.44,N/A,965.083,Lipid
Caffeine,C20H3N2O1,727.77,11.19,304.409,Alcohol
Urea,C4H40N4O7,509.45,4.72,474.99,Hormone
Glucose,C11H5N3O8,672.18,3.18,921.737,Nucleotide
Cholesterol,C13H30N0O7,113.84,1.98,203.562,Amide
Urea,C10H20N4O6,302.35,4.01,639.784,Amide
Aspirin,C10H20N0O6,753.67,11.93,588.294,Hormone
Serotonin,C18H18N1O6,275.47,3.94,946.739,Amide
Adenosine triphosphate,C9H24N5O4,415.52,5.76,472.222,Hormone
Dopamine,C11H15N1O10,979.11,3.94,211.297,Amide
Adrenaline,C13H5N3O2,772.41,9.58,519.779,Alcohol
Adenosine triphosphate,C11H26N1O10,431.27,3.82,289.566,Neurotransmitter
Ethanol,C2H2N1O5,81.91,11.88,982.536,Hormone
Urea,C1H17N3O1,979.39,N/A,413.719,Organic Compound
Urea,C12H40N5O4,83.21,12.76,587.511,Alkaloid
Aspirin,C14H32N5O9,739.29,5.82,62.18,Neurotransmitter
Adrenaline,C16H15N1O4,246.53,N/A,61.505,Amide
Cholesterol,C8H34N0O4,846.66,4.75,810.271,Amide
Glucose,C18H20N0O10,808.28,N/A,581.876,Amide
Adenosine triphosphate,C4H3N3O1,232.91,12.45,167.883,Neurotransmitter
Cholesterol,C2H3N5O6,246.07,N/A,254.566,Nucleotide
Adenosine triphosphate,C3H12N4O1,817.32,6.06,267.939,Amide
Aspirin,C3H7N3O8,855.46,N/A,400.874,Neurotransmitter
Adenosine triphosphate,C13H23N5O6,893.54,N/A,698.484,Alkaloid
Urea,C12H37N5O4,517.63,2.46,892.379,Alkaloid
Caffeine,C15H34N2O4,571.04,2.38,242.618,Neurotransmitter
Adenosine triphosphate,C10H5N0O0,155.3,10.56,17.204,Carbohydrate
Adrenaline,C13H6N3O5,306.51,12.65,173.505,Organic Compound
Glucose,C11H26N0O5,891.4,11.11,874.657,Alcohol
Adenosine triphosphate,C14H17N3O5,257.49,13.04,648.799,Lipid
Dopamine,C17H28N5O9,65.43,9.28,577.771,Carbohydrate
Adrenaline,C13H7N2O0,261.61,N/A,195.917,Alkaloid
Ethanol,C2H23N2O10,776.19,12.07,281.356,Amide
Glucose,C7H22N1O5,759.86,10.01,544.603,Alcohol
Serotonin,C8H19N0O6,507.71,10.84,993.14,Neurotransmitter
Cholesterol,C2H3N1O1,791.29,N/A,105.064,Amide
Dopamine,C13H28N4O1,234.99,1.63,72.283,Alkaloid
Dopamine,C5H24N1O0,362.73,7.42,254.591,Carbohydrate
Cholesterol,C3H14N3O1,745.63,6.22,203.548,Hormone
Dopamine,C4H23N4O7,98.19,12.61,972.912,Hormone
Glucose,C17H7N1O10,381.14,N/A,82.44,Organic Compound
Glucose,C17H31N0O3,106.72,11.16,282.086,Alkaloid
Glucose,C11H29N0O9,709.11,11.26,946.466,Nucleotide
Serotonin,C11H26N5O2,319.75,11.45,541.001,Neurotransmitter
Urea,C9H27N2O9,260.06,5.56,421.169,Organic Compound
Serotonin,C13H33N3O8,282.19,5.42,286.995,Hormone
Aspirin,C16H25N2O2,652.88,N/A,983.245,Neurotransmitter
Adenosine triphosphate,C1H33N0O0,700.25,N/A,444.268,Alkaloid
Glucose,C2H6N4O3,694.39,13.19,162.577,Nucleotide
Adenosine triphosphate,C19H16N0O2,125.39,13.02,838.426,Alcohol
Adrenaline,C14H35N2O6,104.95,4.44,984.908,Alcohol
Ethanol,C1H30N0O10,687.42,9.81,160.789,Nucleotide
Caffeine,C14H28N5O7,952.73,1.56,561.608,Alkaloid
Dopamine,C12H35N0O6,301.46,10.72,265.312,Hormone
Caffeine,C1H20N0O3,522.11,5.84,64.194,Alcohol
Cholesterol,C17H14N1O10,324.58,2.28,211.829,Alcohol
Serotonin,C11H19N4O2,952.29,2.39,887.556,Lipid
Adrenaline,C5H7N4O8,357.21,13.16,786.349,Nucleotide
Cholesterol,C14H8N1O7,200.83,9.04,640.293,Amide
Caffeine,C18H12N4O9,398.58,N/A,660.213,Organic Compound
Cholesterol,C14H27N5O2,813.51,12.61,941.96,Neurotransmitter
Serotonin,C4H10N2O6,997.01,2.81,877.047,Neurotransmitter
Cholesterol,C20H9N2O8,206.44,10.13,605.198,Neurotransmitter
Adenosine triphosphate,C16H9N3O1,454.0,10.91,202.226,Hormone
Adenosine triphosphate,C9H38N1O4,963.45,11.52,471.303,Alcohol
Ethanol,C20H26N4O5,844.88,N/A,814.056,Carbohydrate
Adrenaline,C16H1N2O4,780.56,N/A,130.109,Lipid
Serotonin,C16H4N0O5,641.04,N/A,170.481,Hormone
Urea,C18H34N1O0,939.11,10.12,819.592,Neurotransmitter
Ethanol,C10H40N4O9,594.0,6.25,102.833,Organic Compound
Urea,C5H11N5O1,91.81,8.15,373.48,Alcohol
Serotonin,C10H5N1O1,575.4,2.35,346.737,Organic Compound
Dopamine,C3H18N0O10,113.0,11.72,148.313,Alkaloid
Ethanol,C5H31N4O1,888.95,6.13,233.129,Alcohol
Adrenaline,C18H38N1O3,116.03,8.6,174.953,Nucleotide
Urea,C14H16N4O3,390.92,12.67,547.216,Organic Compound
Cholesterol,C2H4N3O10,224.39,N/A,622.84,Alcohol
Adenosine triphosphate,C20H34N4O4,593.24,7.7,207.478,Organic Compound
Dopamine,C13H39N5O8,153.77,13.73,715.128,Hormone
Caffeine,C6H31N0O10,806.91,2.95,633.908,Organic Compound
Urea,C12H28N3O10,182.16,2.06,855.542,Carbohydrate
Ethanol,C19H6N4O7,825.29,7.9,381.758,Amide
Caffeine,C16H14N0O8,614.44,11.29,447.383,Alkaloid
Glucose,C13H36N3O3,876.92,6.27,172.066,Organic Compound
Aspirin,C2H8N0O4,753.86,N/A,555.173,Nucleotide
Adenosine triphosphate,C1H28N4O8,488.69,8.38,682.301,Alcohol
Aspirin,C2H6N0O2,591.64,1.39,393.032,Amide
Glucose,C7H1N0O2,415.09,1.96,250.231,Nucleotide
Ethanol,C13H24N2O6,939.22,5.01,690.245,Alcohol
Aspirin,C5H11N3O4,387.15,N/A,369.101,Carbohydrate
Dopamine,C2H29N4O0,633.58,4.96,269.424,Alkaloid
Cholesterol,C5H9N4O0,829.31,1.4,394.38,Organic Compound
Dopamine,C15H13N1O0,778.87,7.66,304.05,Carbohydrate
Dopamine,C11H33N5O3,199.17,13.15,232.069,Lipid
Ethanol,C18H35N5O4,652.07,7.82,825.47,Lipid
Adenosine triphosphate,C18H18N5O2,663.3,2.57,348.805,Nucleotide
Adrenaline,C6H21N5O2,338.4,N/A,968.829,Amide
Glucose,C9H31N5O0,795.1,8.24,821.983,Nucleotide
Caffeine,C11H10N2O0,84.82,4.88,297.093,Hormone
Urea,C20H38N2O10,994.98,2.97,897.386,Alcohol
Adrenaline,C4H17N0O8,995.86,N/A,382.878,Organic Compound
Urea,C19H32N5O10,492.72,9.63,873.231,Alcohol
Adenosine triphosphate,C20H1N0O2,857.2,6.22,612.779,Lipid
Serotonin,C6H19N1O0,506.98,2.14,403.633,Alcohol
Ethanol,C18H33N1O10,444.0,7.78,526.145,Lipid
Urea,C10H24N3O3,774.84,2.78,875.236,Amide
Adenosine triphosphate,C7H6N0O6,250.04,N/A,771.859,Hormone
Glucose,C9H6N0O0,921.17,5.83,132.489,Alcohol
Serotonin,C15H14N5O5,802.94,N/A,139.605,Hormone
Serotonin,C1H11N2O8,172.57,10.58,65.46,Lipid
Urea,C9H40N2O10,857.32,10.69,727.734,Carbohydrate
Urea,C14H28N2O9,118.64,14.0,167.425,Carbohydrate
Aspirin,C10H18N0O9,249.44,12.81,794.414,Hormone
Urea,C20H15N2O5,378.19,2.19,102.79,Hormone
Glucose,C15H22N2O9,794.56,5.59,640.249,Carbohydrate
Dopamine,C6H19N2O6,557.94,N/A,387.683,Neurotransmitter
Urea,C13H34N5O6,916.96,N/A,87.122,Lipid
Caffeine,C13H40N2O5,861.03,10.18,857.268,Amide
Dopamine,C20H21N5O10,684.91,9.91,422.605,Carbohydrate
Adrenaline,C3H39N0O6,507.43,13.41,864.971,Organic Compound
Aspirin,C10H34N4O10,154.52,N/A,799.212,Alkaloid
Caffeine,C16H1N2O8,733.38,12.69,866.396,Nucleotide
Ethanol,C16H12N0O3,889.68,8.02,958.671,Alkaloid
Adrenaline,C1H11N0O3,855.31,13.68,457.653,Organic Compound
Caffeine,C18H22N4O4,702.48,3.44,26.987,Nucleotide
Glucose,C5H12N0O8,605.76,N/A,310.212,Neurotransmitter
Cholesterol,C5H14N2O3,102.54,9.97,246.501,Amide
Dopamine,C4H4N4O8,672.91,5.36,982.321,Carbohydrate
Glucose,C17H20N4O8,55.85,10.84,550.976,Hormone
Dopamine,C13H25N4O8,457.39,11.35,905.399,Amide
Aspirin,C17H6N4O8,345.67,1.27,325.855,Carbohydrate
Glucose,C20H3N0O0,503.09,11.21,430.069,Neurotransmitter
Dopamine,C7H23N4O3,166.6,11.82,528.305,Lipid
Cholesterol,C16H31N3O5,897.41,6.52,210.858,Nucleotide
Dopamine,C17H25N2O6,649.88,2.73,117.669,Alkaloid
Ethanol,C3H34N5O2,998.77,12.88,569.494,Alcohol
Glucose,C7H16N2O5,677.78,N/A,897.769,Alcohol
Urea,C3H23N2O2,915.28,6.69,656.297,Lipid
Caffeine,C12H25N2O10,538.74,9.05,949.052,Amide
Glucose,C13H19N1O3,739.22,8.39,342.538,Organic Compound
Cholesterol,C11H19N4O8,790.77,1.39,449.301,Lipid
Cholesterol,C2H4N0O4,99.23,7.6,931.564,Nucleotide
Ethanol,C17H3N4O8,782.21,3.79,424.171,Carbohydrate
Caffeine,C11H23N3O3,966.74,10.63,623.269,Organic Compound
Adenosine triphosphate,C14H4N1O0,249.45,8.28,324.405,Carbohydrate
Glucose,C15H12N2O1,267.76,3.96,481.537,Lipid
Glucose,C16H4N0O6,890.11,2.64,404.027,Amide
Ethanol,C15H10N3O5,677.87,N/A,783.049,Nucleotide
Aspirin,C1H10N0O2,810.88,3.86,105.675,Nucleotide
Adenosine triphosphate,C12H13N2O4,704.57,1.26,178.852,Amide
Adrenaline,C17H26N4O7,747.74,11.23,187.651,Lipid
Cholesterol,C11H11N0O3,98.68,12.39,655.742,Amide
Aspirin,C14H2N5O3,695.97,3.44,258.215,Hormone
Adenosine triphosphate,C5H12N5O9,101.77,8.66,170.01,Neurotransmitter
Aspirin,C8H23N0O10,450.47,6.24,831.372,Amide
Glucose,C10H39N4O9,511.28,10.53,403.262,Hormone
Caffeine,C20H31N0O9,898.75,9.55,958.463,Lipid
Cholesterol,C7H33N3O7,156.17,12.86,548.323,Amide
Cholesterol,C6H28N1O1,883.31,6.56,916.838,Amide
Adrenaline,C17H36N5O1,525.39,7.93,208.955,Nucleotide
Caffeine,C3H1N2O7,979.39,8.91,340.005,Neurotransmitter
Serotonin,C19H40N1O6,480.02,N/A,767.584,Hormone
Urea,C19H29N2O9,814.81,12.74,82.834,Hormone
Adrenaline,C18H5N5O10,757.56,5.31,864.807,Neurotransmitter
Adenosine triphosphate,C13H15N4O4,773.4,N/A,311.283,Alkaloid
Urea,C15H19N1O6,266.95,11.93,449.958,Neurotransmitter
Ethanol,C7H7N5O3,121.75,13.42,457.786,Alkaloid
Cholesterol,C20H11N3O8,909.88,1.59,577.543,Organic Compound
Cholesterol,C9H12N3O1,508.51,1.28,168.844,Alcohol
Urea,C9H19N1O6,772.8,10.91,483.281,Nucleotide
Aspirin,C16H24N4O3,266.8,N/A,392.036,Hormone
Glucose,C17H31N5O2,629.54,5.37,424.539,Carbohydrate
Caffeine,C17H18N3O10,720.85,N/A,601.651,Neurotransmitter
Dopamine,C16H12N4O7,993.33,6.62,671.766,Hormone
Caffeine,C11H35N3O8,558.43,N/A,802.37,Alcohol
Serotonin,C2H11N3O3,995.87,6.7,715.884,Hormone
Aspirin,C3H24N0O0,870.09,11.31,499.357,Organic Compound
Aspirin,C9H12N3O10,595.2,8.2,704.566,Hormone
Cholesterol,C16H6N5O5,850.25,2.19,613.417,Alcohol
Caffeine,C18H3N0O2,708.21,N/A,357.957,Alcohol
Cholesterol,C3H32N0O6,896.03,6.48,462.294,Carbohydrate
Serotonin,C15H38N5O9,232.28,5.84,650.418,Nucleotide
Aspirin,C2H12N1O9,208.06,11.08,793.017,Hormone
Serotonin,C12H15N3O1,373.31,N/A,646.834,Organic Compound
Dopamine,C11H26N3O9,848.01,13.57,519.744,Organic Compound
Cholesterol,C14H20N4O9,684.25,13.62,214.276,Organic Compound
Aspirin,C16H29N0O5,877.08,N/A,958.729,Lipid
Aspirin,C7H40N1O8,254.71,N/A,465.144,Organic Compound
Caffeine,C3H10N4O5,525.38,N/A,432.095,Lipid
Serotonin,C6H22N0O5,174.07,9.71,813.12,Neurotransmitter
Adrenaline,C12H17N1O3,92.88,11.88,708.447,Organic Compound
Serotonin,C8H28N0O10,114.34,13.57,432.03,Alkaloid
Serotonin,C15H8N0O7,967.83,5.84,647.578,Nucleotide
Adrenaline,C1H10N2O7,529.24,N/A,943.763,Organic Compound
Adenosine triphosphate,C10H40N1O0,313.38,3.59,888.253,Neurotransmitter
Adrenaline,C18H3N0O3,489.69,8.64,134.143,Amide
Aspirin,C6H35N1O4,823.63,N/A,596.452,Neurotransmitter
Dopamine,C3H31N5O2,245.73,8.4,65.952,Nucleotide
Urea,C11H1N0O0,271.37,13.34,311.828,Carbohydrate
Urea,C4H9N1O2,884.83,8.74,24.542,Nucleotide
Aspirin,C16H26N1O9,365.05,6.98,393.957,Hormone
Urea,C12H39N2O4,717.44,N/A,610.843,Lipid
Cholesterol,C10H34N5O3,200.87,4.47,110.981,Amide
Urea,C15H20N5O3,826.13,13.89,707.749,Neurotransmitter
Dopamine,C6H29N5O7,577.04,11.21,538.315,Lipid
Aspirin,C13H16N5O10,572.99,13.74,399.346,Hormone
Ethanol,C14H14N1O5,523.26,N/A,352.257,Hormone
Glucose,C7H2N3O5,616.38,1.88,282.155,Hormone
Serotonin,C19H21N0O7,250.09,1.63,206.976,Nucleotide
Aspirin,C11H10N3O5,655.98,13.14,682.63,Neurotransmitter
Serotonin,C1H13N0O1,296.57,6.33,608.242,Hormone
Caffeine,C7H6N3O1,420.26,5.78,936.359,Alcohol
Urea,C12H31N1O7,309.48,2.01,898.825,Nucleotide
Urea,C20H29N0O6,143.23,13.86,636.083,Alkaloid
Caffeine,C12H21N4O8,272.22,N/A,275.729,Alcohol
Serotonin,C20H29N5O2,678.22,10.48,814.207,Hormone
Ethanol,C19H14N1O2,953.11,6.2,414.359,Alkaloid
Adrenaline,C20H1N4O8,324.3,N/A,613.383,Alkaloid
Ethanol,C17H19N0O9,266.73,3.25,871.125,Hormone
Adrenaline,C11H3N5O5,432.13,N/A,934.676,Amide
Ethanol,C13H27N4O2,698.37,13.28,417.557,Alcohol
Cholesterol,C11H23N3O5,753.28,N/A,29.571,Nucleotide
Urea,C8H16N5O10,412.16,9.28,670.196,Nucleotide
Aspirin,C2H24N4O1,821.1,3.03,350.677,Organic Compound
Dopamine,C20H28N5O9,216.65,2.25,424.074,Nucleotide
Aspirin,C18H33N1O6,853.58,9.27,165.931,Alcohol
Cholesterol,C13H14N2O6,303.95,N/A,606.571,Neurotransmitter
Ethanol,C11H7N0O1,971.33,N/A,128.95,Neurotransmitter
Cholesterol,C3H25N2O2,118.78,N/A,680.949,Alcohol
Serotonin,C15H25N1O4,189.33,8.63,101.285,Organic Compound
Cholesterol,C13H23N4O9,803.56,2.53,576.42,Neurotransmitter
Dopamine,C18H40N0O10,856.02,8.47,544.265,Neurotransmitter
Urea,C17H22N4O8,746.39,11.69,760.448,Carbohydrate
Serotonin,C11H5N2O9,355.51,N/A,256.024,Hormone
Serotonin,C11H11N5O5,740.92,N/A,44.444,Hormone
Aspirin,C10H24N4O7,336.65,7.48,861.053,Neurotransmitter
Urea,C20H4N0O9,325.45,13.71,847.602,Organic Compound
Cholesterol,C18H26N5O5,773.55,N/A,486.429,Lipid
Adrenaline,C13H16N3O6,878.83,7.48,546.579,Carbohydrate
Ethanol,C15H19N3O6,221.09,3.88,208.774,Amide
Adrenaline,C7H6N0O9,162.76,7.55,314.554,Organic Compound
Adrenaline,C3H30N5O4,993.73,12.53,644.06,Carbohydrate
Dopamine,C20H1N4O0,993.78,8.59,640.838,Amide
Cholesterol,C6H35N0O9,909.29,N/A,314.848,Alkaloid
Serotonin,C19H5N5O0,60.31,N/A,131.733,Lipid
Cholesterol,C4H16N1O0,958.68,8.34,519.696,Alcohol
Adenosine triphosphate,C15H20N5O10,498.9,12.0,150.526,Carbohydrate
Adrenaline,C11H2N3O8,520.26,N/A,846.098,Organic Compound
Caffeine,C17H13N5O0,90.93,9.42,569.282,Neurotransmitter
Caffeine,C14H11N3O5,994.72,5.9,940.516,Nucleotide
Serotonin,C12H33N2O9,964.12,1.63,672.036,Hormone
Ethanol,C11H26N4O7,914.6,8.84,521.789,Neurotransmitter
Adrenaline,C15H7N3O3,517.16,13.0,501.708,Alkaloid
Caffeine,C19H13N0O8,272.32,2.32,689.997,Hormone
Adenosine triphosphate,C18H17N5O9,896.83,3.15,833.598,Alkaloid
Glucose,C16H5N4O2,57.83,4.4,298.144,Neurotransmitter
Caffeine,C18H31N4O7,50.11,11.47,831.249,Hormone
Caffeine,C13H36N2O7,116.77,4.55,878.545,Amide
Cholesterol,C5H18N4O0,237.89,9.72,881.795,Alkaloid
Adrenaline,C14H26N4O7,201.69,12.05,116.883,Carbohydrate
Dopamine,C10H20N4O5,695.89,12.94,149.77,Carbohydrate
Adrenaline,C4H40N3O8,662.77,11.23,824.874,Organic Compound
Cholesterol,C1H39N5O7,187.94,10.93,264.023,Carbohydrate
Urea,C8H11N0O2,414.16,9.95,355.098,Nucleotide
Urea,C14H18N5O7,546.05,N/A,885.338,Amide
Caffeine,C17H25N5O1,126.31,N/A,507.835,Hormone
Glucose,C20H4N2O0,941.64,8.12,704.162,Hormone
Adrenaline,C3H33N5O9,157.94,4.02,386.842,Carbohydrate
Caffeine,C18H7N0O0,773.71,4.13,495.286,Nucleotide
Adenosine triphosphate,C13H16N3O5,863.04,10.22,995.515,Neurotransmitter
Adrenaline,C11H19N3O7,788.01,2.77,353.104,Hormone
Aspirin,C12H39N4O3,383.61,8.98,705.945,Neurotransmitter
Glucose,C8H25N2O3,528.07,8.1,805.044,Neurotransmitter
Caffeine,C6H40N3O9,688.16,9.4,649.596,Amide
Serotonin,C16H19N0O2,449.58,7.32,383.12,Organic Compound
Serotonin,C10H30N3O6,723.1,N/A,245.672,Carbohydrate
Ethanol,C6H7N4O5,136.73,4.49,389.944,Amide
Cholesterol,C14H1N1O0,417.83,2.61,820.15,Lipid
Adrenaline,C9H20N3O7,561.66,13.44,113.486,Alkaloid
Glucose,C15H18N0O2,733.6,13.85,550.783,Neurotransmitter
Cholesterol,C20H21N1O9,327.37,N/A,636.627,Carbohydrate
Serotonin,C10H8N4O3,869.24,12.51,342.232,Nucleotide
Caffeine,C8H22N2O2,674.25,N/A,459.398,Neurotransmitter
Caffeine,C12H1N2O1,77.85,3.7,429.822,Amide
Ethanol,C14H23N5O10,53.49,2.36,991.196,Hormone
Caffeine,C12H15N1O6,943.68,7.28,43.588,Organic Compound
Adrenaline,C14H25N5O9,151.42,11.02,681.598,Neurotransmitter
Caffeine,C7H3N5O6,344.16,9.28,662.255,Hormone
Ethanol,C10H7N0O6,599.44,10.26,390.754,Amide
Dopamine,C12H5N1O5,606.22,1.71,568.324,Amide
Glucose,C12H2N1O1,348.03,N/A,626.925,Nucleotide
Glucose,C1H18N2O2,647.8,7.4,221.357,Nucleotide
Aspirin,C8H38N4O9,727.86,4.71,293.015,Lipid
Serotonin,C4H11N5O9,512.0,5.66,758.783,Neurotransmitter
Aspirin,C4H23N5O5,840.63,4.31,170.474,Alkaloid
Caffeine,C1H28N0O3,169.38,6.64,758.709,Neurotransmitter
Adrenaline,C19H16N2O1,215.55,10.75,148.953,Hormone
Serotonin,C6H38N5O10,685.66,1.35,866.521,Neurotransmitter
Serotonin,C18H12N1O3,79.2,6.58,729.307,Nucleotide
Aspirin,C12H23N4O6,124.88,3.59,360.482,Nucleotide
Adrenaline,C9H5N2O7,84.64,1.55,754.248,Hormone
Dopamine,C5H23N5O1,203.62,N/A,534.465,Organic Compound
Ethanol,C7H23N4O2,769.27,N/A,375.404,Alkaloid
Caffeine,C13H16N2O10,514.44,5.83,86.442,Organic Compound
Serotonin,C6H28N4O9,166.98,6.66,977.534,Hormone
Serotonin,C15H36N2O3,892.39,3.63,850.443,Amide
Aspirin,C3H6N5O3,975.25,5.82,946.052,Amide
Dopamine,C16H2N5O0,354.0,6.99,907.109,Nucleotide
Adenosine triphosphate,C1H3N1O4,450.49,13.16,182.861,Alcohol
Serotonin,C17H16N3O1,92.31,8.22,668.194,Alkaloid
Adrenaline,C5H7N4O7,103.21,N/A,107.617,Hormone
Adenosine triphosphate,C14H22N4O1,308.67,N/A,570.16,Nucleotide
Adenosine triphosphate,C11H3N1O4,933.03,11.35,205.973,Lipid
Adenosine triphosphate,C6H37N1O6,179.74,9.11,977.926,Nucleotide
Dopamine,C6H26N4O5,469.21,N/A,652.78,Alcohol
Caffeine,C2H26N0O5,232.68,N/A,842.161,Carbohydrate
Glucose,C4H6N4O4,229.08,N/A,377.805,Lipid
Dopamine,C20H1N1O7,271.59,1.18,344.357,Lipid
Ethanol,C19H40N1O9,265.12,12.63,788.685,Nucleotide
Caffeine,C19H30N0O8,355.86,10.89,830.184,Carbohydrate
Urea,C7H9N0O10,720.91,5.46,62.956,Amide
Ethanol,C7H4N3O8,886.25,4.77,81.363,Amide
Aspirin,C3H19N3O5,404.58,13.51,257.344,Amide
Caffeine,C2H29N5O0,540.27,N/A,500.255,Hormone
Cholesterol,C11H22N0O9,101.38,5.13,597.491,Neurotransmitter
Urea,C2H19N2O0,231.86,N/A,452.498,Hormone
Glucose,C6H40N1O0,587.91,6.62,896.169,Hormone
Urea,C18H30N1O2,702.61,N/A,931.053,Neurotransmitter
Adenosine triphosphate,C16H36N5O10,456.69,2.1,844.664,Nucleotide
Ethanol,C12H29N0O6,311.98,6.11,350.219,Alcohol
Serotonin,C17H18N4O8,404.37,1.55,39.333,Hormone
Caffeine,C14H29N0O10,170.66,2.23,630.89,Lipid
Adenosine triphosphate,C15H16N4O7,601.3,12.19,207.125,Nucleotide
Caffeine,C19H30N4O1,804.13,1.01,91.002,Hormone
Adrenaline,C10H18N2O1,493.5,7.87,956.878,Nucleotide
Glucose,C4H10N1O1,234.49,12.29,360.528,Amide
Glucose,C9H23N5O8,87.49,N/A,640.168,Amide
Dopamine,C1H29N1O0,264.5,9.33,543.567,Lipid
Dopamine,C3H18N2O6,863.72,4.9,43.798,Hormone
Adrenaline,C16H9N4O1,118.67,4.92,404.388,Lipid
Urea,C1H11N1O5,413.82,13.67,386.3,Neurotransmitter
Cholesterol,C15H20N4O10,793.39,8.35,188.104,Organic Compound
Adrenaline,C20H32N2O1,433.51,1.34,898.938,Carbohydrate
Glucose,C19H28N3O4,713.58,2.95,968.131,Alkaloid
Cholesterol,C14H22N0O9,145.87,4.44,237.991,Organic Compound
Serotonin,C10H30N0O3,988.57,10.89,967.643,Neurotransmitter
Ethanol,C19H17N4O0,507.98,10.8,885.127,Neurotransmitter
Aspirin,C6H33N2O7,797.21,N/A,885.818,Neurotransmitter
Urea,C12H17N4O4,420.58,3.98,859.325,Hormone
Adrenaline,C3H31N2O8,274.31,10.62,478.78,Alkaloid
Aspirin,C2H37N0O8,939.93,3.75,961.505,Alcohol
Dopamine,C1H18N4O10,172.81,2.36,64.47,Hormone
Cholesterol,C19H37N2O2,414.68,6.24,292.086,Alkaloid
Adrenaline,C9H39N0O1,328.69,4.9,402.925,Nucleotide
Cholesterol,C3H12N2O3,747.37,5.21,171.639,Alkaloid
Adenosine triphosphate,C1H32N0O7,825.31,4.49,485.967,Lipid
Glucose,C3H36N3O10,743.78,5.8,497.991,Amide
Cholesterol,C4H9N4O7,238.31,N/A,832.276,Nucleotide
Adenosine triphosphate,C4H29N3O0,552.96,5.77,349.349,Lipid
Adrenaline,C17H26N4O10,853.77,N/A,619.608,Alcohol
Cholesterol,C1H1N5O9,531.11,12.17,785.037,Alcohol
Serotonin,C13H1N4O1,412.18,N/A,621.018,Hormone
Serotonin,C19H23N5O6,839.13,6.42,788.385,Lipid
Ethanol,C10H10N3O9,290.62,5.54,663.72,Alkaloid
Urea,C7H28N4O7,907.25,N/A,811.089,Neurotransmitter
Cholesterol,C14H31N3O4,687.73,4.56,879.024,Carbohydrate
Dopamine,C9H12N5O4,234.07,N/A,386.351,Carbohydrate
Aspirin,C7H19N2O0,304.45,9.5,10.577,Carbohydrate
Caffeine,C9H6N0O9,160.2,5.44,681.529,Alcohol
Caffeine,C5H12N1O5,841.63,4.65,770.468,Lipid
Aspirin,C17H9N2O3,227.43,13.0,629.355,Lipid
Glucose,C1H3N4O10,890.53,12.92,59.896,Alkaloid
Adrenaline,C3H5N1O1,681.88,N/A,372.197,Alcohol
Urea,C19H31N5O6,55.35,N/A,587.789,Organic Compound
Dopamine,C5H30N5O2,534.39,3.83,581.576,Alcohol
Ethanol,C18H19N3O1,233.99,7.63,413.474,Hormone
Adrenaline,C7H4N2O2,398.18,N/A,978.523,Organic Compound
Caffeine,C12H38N4O5,275.42,12.4,985.21,Organic Compound
Urea,C19H22N5O3,705.66,N/A,863.062,Alcohol
Dopamine,C7H8N1O2,275.26,N/A,743.465,Nucleotide
Ethanol,C13H23N4O10,844.28,5.12,617.601,Nucleotide
Ethanol,C17H38N0O10,666.51,11.71,806.039,Organic Compound
Serotonin,C2H26N4O1,514.06,10.02,49.941,Hormone
Adenosine triphosphate,C17H13N3O1,151.27,9.2,808.643,Alkaloid
Ethanol,C7H7N0O6,420.59,2.89,75.983,Alkaloid
Urea,C10H18N3O6,794.68,1.26,150.693,Hormone
Aspirin,C5H32N1O0,626.39,10.52,769.305,Alcohol
Glucose,C10H39N3O4,899.72,N/A,481.308,Alkaloid
Dopamine,C7H26N3O1,851.9,12.43,487.663,Nucleotide
Ethanol,C8H24N5O10,524.54,8.87,660.546,Nucleotide
Urea,C7H29N4O2,538.93,13.55,733.92,Neurotransmitter
Aspirin,C10H30N4O1,80.31,12.19,531.293,Alkaloid
Dopamine,C12H32N4O2,750.53,N/A,498.551,Alkaloid
Urea,C6H9N4O2,296.35,4.18,885.752,Carbohydrate
Urea,C14H31N4O1,781.65,4.59,379.51,Neurotransmitter
Adenosine triphosphate,C8H1N2O0,207.61,13.75,787.294,Hormone
Cholesterol,C14H36N1O9,485.95,3.75,563.432,Organic Compound
Ethanol,C12H8N1O1,593.54,4.38,23.584,Alcohol
Caffeine,C11H19N4O5,516.23,N/A,841.265,Alcohol
Caffeine,C3H13N1O1,907.95,12.46,433.729,Amide
Adrenaline,C14H37N1O6,238.49,3.19,280.002,Lipid
Serotonin,C6H4N2O4,430.42,13.18,153.029,Alkaloid
Dopamine,C16H6N1O8,867.5,N/A,83.414,Alkaloid
Serotonin,C19H10N2O4,803.19,9.02,451.942,Lipid
Adrenaline,C12H22N4O0,501.81,4.98,767.316,Carbohydrate
Aspirin,C7H40N2O6,767.05,5.47,305.857,Neurotransmitter
Ethanol,C18H22N1O0,914.34,11.77,558.43,Hormone
Cholesterol,C18H22N3O1,785.67,11.29,14.322,Hormone
Urea,C9H40N1O10,679.34,2.57,90.963,Alkaloid
Aspirin,C13H18N4O2,259.76,2.64,489.621,Alkaloid
Dopamine,C20H17N3O1,492.95,5.49,914.606,Alkaloid
Aspirin,C13H6N1O4,489.16,5.35,33.386,Alkaloid
Serotonin,C20H4N4O10,782.28,12.32,599.552,Alcohol
Serotonin,C6H40N0O5,82.55,12.67,638.499,Carbohydrate
Adenosine triphosphate,C20H37N4O8,682.9,N/A,66.576,Nucleotide
Adenosine triphosphate,C13H22N0O0,97.52,N/A,713.634,Alkaloid
Serotonin,C9H19N4O5,573.95,2.09,458.102,Carbohydrate
Glucose,C17H36N3O3,68.86,10.35,795.64,Nucleotide
Ethanol,C2H2N2O9,400.92,7.41,100.139,Neurotransmitter
Cholesterol,C10H22N3O0,696.15,12.59,634.284,Carbohydrate
Aspirin,C17H37N1O6,686.51,N/A,239.926,Hormone
Serotonin,C8H19N0O3,70.15,13.07,155.117,Alcohol
Aspirin,C7H37N3O2,674.62,3.76,171.471,Lipid
Caffeine,C9H9N3O7,482.37,N/A,958.318,Nucleotide
Adrenaline,C16H15N4O0,477.01,13.01,648.677,Alcohol
Urea,C10H4N5O2,303.76,5.51,839.587,Carbohydrate
Dopamine,C12H33N0O8,571.53,N/A,179.554,Alkaloid
Aspirin,C14H19N4O7,170.73,5.3,618.093,Carbohydrate
Dopamine,C18H3N0O7,517.1,12.87,9.49,Lipid
Dopamine,C15H20N2O3,185.41,5.39,12.58,Lipid
Dopamine,C1H18N4O8,403.21,9.41,498.599,Lipid
Dopamine,C11H36N2O0,648.64,11.49,965.773,Lipid
Aspirin,C15H24N3O10,631.36,7.76,257.877,Neurotransmitter
Serotonin,C9H35N2O6,212.74,6.44,218.397,Lipid
Adrenaline,C9H14N3O7,353.0,5.03,53.851,Carbohydrate
Dopamine,C13H15N4O7,501.6,11.45,497.284,Hormone
Dopamine,C3H13N2O8,230.83,6.23,768.263,Nucleotide
Adenosine triphosphate,C8H37N2O10,565.73,N/A,859.336,Alkaloid
Adenosine triphosphate,C19H27N0O0,598.42,2.55,126.063,Alkaloid
Aspirin,C16H9N2O5,562.88,9.2,299.287,Lipid
Adenosine triphosphate,C10H19N5O9,446.92,8.8,303.456,Organic Compound
Dopamine,C13H26N1O6,548.27,5.88,685.5,Hormone
Glucose,C10H4N2O10,608.44,2.97,867.83,Lipid
Aspirin,C8H32N1O2,119.47,2.13,225.78,Neurotransmitter
Caffeine,C19H13N0O9,616.54,N/A,626.604,Hormone
Cholesterol,C10H18N5O8,867.15,1.9,657.308,Neurotransmitter
Urea,C14H4N4O0,444.91,4.5,249.014,Nucleotide
Urea,C1H32N4O9,734.11,8.88,717.868,Nucleotide
Serotonin,C11H37N5O2,561.53,N/A,756.514,Organic Compound
Serotonin,C17H35N3O9,646.9,2.64,731.013,Alcohol
Serotonin,C2H27N2O1,325.98,13.3,367.031,Alkaloid
Glucose,C16H20N2O7,166.76,7.96,113.454,Lipid
Adrenaline,C7H32N4O0,143.55,9.64,847.598,Organic Compound
Glucose,C7H2N2O4,412.11,6.55,821.53,Alkaloid
Caffeine,C1H21N4O0,652.8,12.69,680.14,Organic Compound
Aspirin,C4H37N3O1,261.04,5.47,389.468,Amide
Adrenaline,C9H33N5O10,504.58,N/A,434.92,Alkaloid
Glucose,C3H33N0O8,930.09,7.05,889.261,Nucleotide
Caffeine,C2H37N5O0,728.88,N/A,360.958,Alkaloid
Cholesterol,C18H38N4O1,188.66,8.12,680.065,Nucleotide
Caffeine,C3H19N1O1,555.03,N/A,149.16,Organic Compound
Aspirin,C1H17N3O2,384.45,3.39,12.109,Alkaloid
Adrenaline,C1H16N2O9,667.0,13.53,609.832,Lipid
Adenosine triphosphate,C20H30N1O5,530.22,2.0,121.442,Nucleotide
Adrenaline,C14H13N2O2,873.34,8.63,21.676,Alkaloid
Cholesterol,C9H11N3O0,307.7,N/A,939.955,Alkaloid
Adenosine triphosphate,C5H24N5O1,570.6,12.65,211.672,Amide
Ethanol,C4H8N5O5,764.84,N/A,642.557,Alkaloid
Dopamine,C5H30N5O7,472.61,8.33,441.736,Carbohydrate
Caffeine,C13H1N4O2,503.85,8.48,540.018,Nucleotide
Adenosine triphosphate,C12H11N1O3,448.7,9.6,201.216,Carbohydrate
Ethanol,C13H4N5O6,467.28,3.52,503.135,Amide
Caffeine,C13H38N0O3,498.0,N/A,62.661,Neurotransmitter
Caffeine,C2H22N5O9,344.83,N/A,901.648,Lipid
Urea,C6H16N1O8,594.37,7.16,113.758,Alkaloid
Caffeine,C15H2N3O9,84.17,11.41,381.149,Lipid
Glucose,C19H2N2O3,109.77,11.67,280.728,Amide
Ethanol,C9H34N5O7,390.41,6.09,444.812,Carbohydrate
Adenosine triphosphate,C7H32N1O6,504.29,1.38,76.927,Organic Compound
Dopamine,C1H28N1O5,275.93,9.56,111.695,Neurotransmitter
Dopamine,C5H18N0O6,599.28,10.43,762.095,Amide
Aspirin,C20H16N0O8,376.2,7.85,816.726,Hormone
Urea,C3H34N1O7,411.06,5.2,99.935,Alcohol
Caffeine,C7H34N4O9,413.44,12.08,869.974,Organic Compound
Cholesterol,C18H19N3O4,220.98,13.43,211.369,Neurotransmitter
Adenosine triphosphate,C3H26N5O2,942.41,13.01,426.562,Neurotransmitter
Aspirin,C6H6N0O1,393.02,N/A,487.525,Lipid
Urea,C19H15N3O2,675.62,11.17,127.543,Alkaloid
Aspirin,C15H36N2O8,282.18,11.67,959.883,Nucleotide
Adenosine triphosphate,C19H26N3O2,281.47,4.83,545.906,Organic Compound
Glucose,C16H23N2O3,988.99,9.23,28.561,Neurotransmitter
Urea,C14H25N5O6,353.48,2.74,578.067,Neurotransmitter
Aspirin,C7H40N5O10,625.45,11.85,840.252,Neurotransmitter
Urea,C13H24N4O2,121.31,N/A,477.056,Neurotransmitter
Cholesterol,C2H38N5O8,590.29,2.25,206.898,Alcohol
Glucose,C7H6N2O1,817.29,3.18,99.653,Nucleotide
Adenosine triphosphate,C5H20N3O9,970.29,N/A,744.993,Organic Compound
Caffeine,C8H12N2O0,400.16,12.54,678.405,Hormone
Cholesterol,C18H3N2O4,437.03,N/A,139.005,Carbohydrate
Ethanol,C8H8N3O4,756.66,7.35,512.945,Hormone
Adenosine triphosphate,C18H10N3O6,655.63,8.2,488.432,Neurotransmitter
Urea,C14H33N1O2,839.45,10.19,713.84,Carbohydrate
Urea,C2H9N3O10,268.18,10.39,564.364,Lipid
Dopamine,C13H27N1O9,291.47,12.01,296.8,Neurotransmitter
Dopamine,C5H17N3O2,201.71,N/A,972.361,Neurotransmitter
Aspirin,C10H38N3O6,593.08,9.34,8.356,Neurotransmitter
Cholesterol,C8H8N3O5,803.03,2.06,556.972,Organic Compound
Cholesterol,C15H7N3O4,544.94,3.87,740.381,Carbohydrate
Caffeine,C8H12N2O1,50.52,3.98,567.5,Neurotransmitter
Adrenaline,C11H14N3O8,713.34,N/A,919.531,Alkaloid
Caffeine,C20H15N1O7,739.08,1.12,833.962,Alkaloid
Caffeine,C10H37N5O1,294.48,N/A,452.037,Alkaloid
Caffeine,C16H39N4O3,649.03,1.61,182.554,Hormone
Adenosine triphosphate,C7H11N2O1,339.52,13.71,752.556,Carbohydrate
Dopamine,C4H10N3O0,407.02,8.05,461.06,Hormone
Ethanol,C20H28N0O1,648.88,N/A,298.087,Alcohol
Glucose,C1H37N5O3,227.57,2.7,57.431,Alcohol
Adrenaline,C14H14N4O3,191.72,N/A,368.309,Nucleotide
Adrenaline,C5H26N2O4,877.71,8.68,278.182,Organic Compound
Adenosine triphosphate,C2H11N1O9,354.34,13.8,508.936,Amide
Adrenaline,C10H6N3O5,830.63,2.3,792.847,Carbohydrate
Adenosine triphosphate,C6H25N0O7,661.17,13.03,55.907,Alkaloid
Adenosine triphosphate,C1H9N2O9,417.67,12.73,747.38,Alkaloid
Serotonin,C10H3N4O10,939.23,1.54,915.324,Amide
Cholesterol,C3H30N5O5,386.34,N/A,755.95,Lipid
Caffeine,C7H38N4O5,894.25,8.87,902.185,Organic Compound
Glucose,C8H3N2O3,50.78,13.83,857.967,Hormone
Caffeine,C7H22N2O8,795.47,10.38,948.221,Hormone
Cholesterol,C13H16N2O7,553.13,4.23,115.816,Organic Compound
Adenosine triphosphate,C15H18N0O4,930.08,12.79,816.05,Neurotransmitter
Ethanol,C11H8N2O1,933.0,3.65,675.939,Hormone
Dopamine,C6H5N2O10,607.03,10.65,345.239,Hormone
Adrenaline,C14H33N2O4,813.45,8.71,303.173,Carbohydrate
Caffeine,C7H36N3O6,160.51,2.43,617.743,Alcohol
Adenosine triphosphate,C14H19N1O3,102.36,7.62,766.599,Carbohydrate
Cholesterol,C13H1N3O9,495.56,3.96,581.037,Neurotransmitter
Aspirin,C6H14N3O8,662.68,8.83,671.885,Carbohydrate
Ethanol,C7H13N3O7,967.41,9.61,555.739,Alkaloid
Cholesterol,C10H27N2O7,301.53,N/A,613.115,Amide
Adrenaline,C2H23N2O0,108.66,3.06,113.46,Alkaloid
Adrenaline,C7H24N1O5,517.65,N/A,284.923,Carbohydrate
Serotonin,C17H35N0O1,247.68,4.78,361.856,Alcohol
Urea,C8H38N5O2,708.16,N/A,899.337,Hormone
Dopamine,C1H37N0O8,225.09,4.46,83.045,Neurotransmitter
Aspirin,C16H37N4O9,607.76,N/A,517.666,Nucleotide
Adrenaline,C5H32N1O6,772.2,11.18,435.644,Lipid
Serotonin,C15H27N4O10,153.68,6.5,640.57,Alkaloid
Glucose,C4H37N1O9,890.05,6.26,178.045,Amide
Urea,C17H34N3O9,780.96,5.84,235.695,Carbohydrate
Aspirin,C10H36N2O1,206.53,3.27,975.018,Amide
Aspirin,C10H26N2O8,564.95,N/A,81.007,Nucleotide
Ethanol,C9H40N5O8,642.06,1.76,264.676,Alcohol
Urea,C13H13N5O6,275.69,6.31,458.368,Hormone
Glucose,C16H14N5O5,289.73,8.48,976.268,Amide
Adenosine triphosphate,C6H31N3O1,863.99,10.37,669.133,Organic Compound
Urea,C1H10N1O2,617.1,12.82,334.304,Carbohydrate
Adrenaline,C13H24N0O0,597.58,9.61,84.516,Nucleotide
Aspirin,C9H7N2O3,85.98,13.51,142.329,Organic Compound
Dopamine,C9H14N4O10,262.54,10.55,235.893,Alcohol
Urea,C19H15N2O3,663.89,N/A,213.612,Neurotransmitter
Cholesterol,C18H2N4O10,298.68,5.85,870.526,Amide
Caffeine,C13H18N4O5,905.56,9.53,734.416,Hormone
Glucose,C7H40N5O6,439.61,1.12,646.324,Alcohol
Cholesterol,C11H37N1O5,423.14,3.03,695.22,Organic Compound
Caffeine,C5H14N1O9,590.69,5.87,359.224,Nucleotide
Glucose,C10H30N4O5,968.97,5.91,678.254,Alcohol
Adrenaline,C15H36N0O4,83.93,4.12,950.359,Organic Compound
Adenosine triphosphate,C17H11N5O4,85.91,6.27,331.866,Carbohydrate
Glucose,C19H17N5O3,872.59,1.01,858.267,Alcohol
Serotonin,C7H33N2O5,458.38,13.76,711.954,Hormone
Aspirin,C2H18N2O8,206.88,1.99,346.977,Alkaloid
Adenosine triphosphate,C3H16N2O9,382.95,N/A,65.18,Hormone
Ethanol,C1H39N1O5,454.38,6.61,440.345,Amide
Dopamine,C5H18N4O8,760.75,5.07,28.383,Alcohol
Adrenaline,C13H8N5O9,549.84,3.84,137.514,Alcohol
Caffeine,C9H28N4O5,319.38,11.09,832.934,Hormone
Urea,C13H11N3O5,112.41,13.48,920.589,Alcohol
Ethanol,C6H31N2O0,414.27,7.83,633.448,Alcohol
Urea,C10H6N3O1,489.52,6.72,458.425,Amide
Aspirin,C4H23N5O1,461.83,10.06,286.313,Organic Compound
Aspirin,C9H11N0O8,54.11,10.95,510.741,Hormone
Serotonin,C16H37N4O0,266.2,N/A,811.463,Alkaloid
Serotonin,C13H9N4O0,484.97,1.31,728.127,Alkaloid
Adrenaline,C1H9N3O4,427.85,4.24,476.931,Organic Compound
Dopamine,C4H26N2O3,427.49,1.75,958.349,Lipid
Adenosine triphosphate,C13H27N1O3,487.05,N/A,354.078,Carbohydrate
Adrenaline,C14H12N0O1,581.68,10.92,5.025,Alcohol
Serotonin,C3H11N2O7,761.09,4.26,456.061,Lipid
Cholesterol,C12H20N3O1,710.74,12.44,376.629,Alkaloid
Urea,C20H14N1O0,541.53,2.88,308.497,Organic Compound
Dopamine,C12H22N2O5,559.8,5.75,472.352,Amide
Serotonin,C10H36N4O9,293.64,2.94,826.861,Organic Compound
Ethanol,C19H36N5O5,464.64,1.61,384.561,Lipid
Caffeine,C1H33N1O4,825.9,2.5,54.833,Carbohydrate
Glucose,C10H27N2O10,665.49,N/A,130.517,Carbohydrate
Dopamine,C3H18N4O5,54.71,12.47,78.84,Organic Compound
Glucose,C12H36N4O4,530.24,N/A,173.613,Carbohydrate
Urea,C12H22N4O1,532.92,N/A,357.592,Alcohol
Dopamine,C9H12N0O10,620.4,3.18,55.412,Alcohol
Serotonin,C1H4N4O0,855.08,6.51,672.301,Nucleotide
Ethanol,C5H11N0O5,672.71,N/A,293.432,Alcohol
Glucose,C18H3N5O7,463.12,13.93,62.683,Carbohydrate
Ethanol,C2H23N2O4,518.25,12.63,157.407,Organic Compound
Dopamine,C10H23N2O4,947.38,6.11,627.625,Organic Compound
Adenosine triphosphate,C17H38N5O2,762.32,N/A,102.603,Lipid
Serotonin,C8H18N3O4,464.86,N/A,299.711,Alcohol
Cholesterol,C19H33N4O3,732.17,12.97,330.841,Nucleotide
Cholesterol,C7H28N5O2,131.63,5.02,407.141,Carbohydrate
Adenosine triphosphate,C15H4N4O4,960.79,N/A,269.911,Carbohydrate
Adenosine triphosphate,C12H23N5O0,659.04,N/A,474.602,Organic Compound
Aspirin,C17H33N1O4,853.43,3.59,307.688,Carbohydrate
Dopamine,C12H20N0O8,233.74,1.99,378.34,Lipid
Adenosine triphosphate,C9H30N5O4,903.88,1.47,119.962,Nucleotide
Glucose,C14H35N5O1,676.29,2.03,312.282,Nucleotide
Cholesterol,C13H19N1O2,397.08,N/A,899.212,Neurotransmitter
Serotonin,C15H4N1O2,703.85,8.81,659.204,Alcohol
Glucose,C12H33N0O8,855.61,7.56,351.255,Hormone
Aspirin,C19H2N0O0,166.25,1.31,746.447,Lipid
