sample_id,chromosome,position,ref_allele,alt_allele,gene,quality
SMP_9739,chr2,146936954,C,T,IL6,43.99
SMP_3698,chr3,87251240,A,C,MTHFR,86.63
SMP_6245,chr20,192955776,T,A,BRCA1,56.46
SMP_9748,chrX,145996541,C,G,BRCA2,70.88
SMP_2237,chr3,108429127,T,G,TP53,41.1
SMP_5880,chr16,82922871,G,T,APOE,86.08
SMP_7759,chr12,64750103,G,A,EGFR,91.45
SMP_6830,chr3,66465697,C,T,TP53,67.3
SMP_9648,chr18,78235080,C,A,EGFR,61.88
SMP_2332,chr10,12847798,T,A,EGFR,65.16
SMP_4973,chr7,55687459,T,C,BRCA2,82.05
SMP_4934,chr16,144433948,A,G,EGFR,56.6
SMP_3311,chrY,25744382,T,A,BRCA1,20.05
SMP_6489,chr11,28748667,G,T,APOE,70.26
SMP_9490,chr19,137222583,T,A,MTHFR,28.45
SMP_4612,chr1,227360149,T,G,APOE,48.38
SMP_8568,chr18,4054394,A,G,APOE,67.13
SMP_4463,chr18,129106384,A,T,BRCA2,49.21
SMP_4644,chr15,126007378,T,G,IL6,96.03
SMP_7686,chr18,245395456,A,C,MTHFR,85.39
SMP_4559,chr6,217731686,C,A,BRCA2,22.17
SMP_7913,chr5,3393610,A,C,APOE,82.52
SMP_3876,chr17,59425213,A,C,MYC,93.33
SMP_4681,chr2,205608254,A,T,VEGFA,40.32
SMP_1734,chr4,2611702,C,G,BRCA1,85.42
SMP_3705,chr8,62390762,A,T,BRCA1,35.81
SMP_9340,chr6,93139872,A,G,VEGFA,75.23
SMP_7235,chr3,100337027,G,T,VEGFA,93.8
SMP_7007,chr22,246317806,A,T,BRCA1,65.33
SMP_3935,chr7,11900001,T,G,TP53,46.89
SMP_5423,chrX,201133515,T,G,BRCA1,81.09
SMP_3003,chrY,186121834,T,A,TNF,76.61
SMP_3967,chr6,137710287,G,A,EGFR,73.25
SMP_8840,chr15,26161978,C,A,BRCA1,37.39
SMP_8093,chr22,153788149,T,A,APOE,93.18
SMP_6695,chr11,176769503,G,T,APOE,21.03
SMP_1121,chr3,91901492,G,A,IL6,51.22
SMP_7720,chr17,240696569,T,A,EGFR,25.89
SMP_6450,chr12,59602077,C,T,BRCA2,71.06
SMP_2781,chr14,115034001,G,A,BRCA2,82.08
SMP_9123,chr11,152978908,G,T,MYC,63.1
SMP_2417,chr19,5274942,G,T,MTHFR,21.74
SMP_5186,chr15,82395871,A,T,TNF,38.24
SMP_4235,chr4,85487734,T,C,IL6,75.8
SMP_2526,chr4,225775201,T,G,IL6,86.9
SMP_8263,chr16,139572314,G,T,TNF,94.87
SMP_4311,chrX,167891695,A,C,IL6,45.22
SMP_9687,chr22,121592456,A,C,BRCA2,77.67
SMP_5168,chr12,198680840,T,G,BRCA2,84.09
SMP_2724,chr4,142593877,A,G,EGFR,80.83
SMP_7022,chr20,82406871,T,A,VEGFA,44.15
SMP_3864,chr16,68925486,C,T,VEGFA,26.23
SMP_4016,chr20,231749098,A,G,TP53,96.64
SMP_9460,chr19,155147817,G,C,APOE,41.01
SMP_1988,chr16,39282608,A,T,TNF,72.89
SMP_5657,chr19,190595134,T,G,BRCA2,83.57
SMP_4004,chr12,136015676,G,A,BRCA2,92.13
SMP_1718,chr21,143611407,C,G,VEGFA,43.61
SMP_2506,chr12,58968093,G,A,IL6,20.36
SMP_6923,chr4,22567640,G,C,EGFR,76.67
SMP_1124,chr5,16845617,C,G,TNF,57.22
SMP_3328,chr13,151971240,A,C,IL6,82.39
SMP_8353,chr10,155808591,A,G,MTHFR,64.42
SMP_9019,chr4,32869680,C,A,MTHFR,57.23
SMP_6792,chr15,180287559,C,T,APOE,70.33
SMP_1556,chr19,85068004,T,A,BRCA2,99.64
SMP_9667,chr17,74355051,A,C,EGFR,54.86
SMP_9331,chr21,54411289,A,T,TNF,92.92
SMP_4701,chr20,72147433,G,C,BRCA1,82.17
SMP_3538,chr14,215555175,G,C,MTHFR,97.87
SMP_8473,chr20,184353773,C,A,IL6,56.86
SMP_4073,chr5,5316184,C,T,MYC,96.61
SMP_5257,chr16,92905408,G,C,TNF,83.2
SMP_9445,chr16,118352838,A,C,TNF,61.01
SMP_1780,chr3,184623880,T,G,MTHFR,93.26
SMP_4893,chr4,30299611,C,T,MTHFR,45.96
SMP_4241,chr18,234542947,C,T,BRCA1,42.29
SMP_1544,chr11,215404369,T,G,IL6,86.23
SMP_5742,chr15,89398126,C,G,EGFR,90.45
SMP_8326,chr19,236180910,G,C,EGFR,80.59
SMP_2763,chr6,49706188,T,C,EGFR,52.6
SMP_3651,chr17,2113626,T,G,MYC,45.25
SMP_5649,chr4,248496536,G,C,EGFR,59.77
SMP_1552,chr1,219168417,A,C,TNF,47.39
SMP_1740,chr6,131184652,T,A,MTHFR,89.08
SMP_5206,chr21,157935995,C,T,MTHFR,63.82
SMP_8436,chr4,239703418,G,A,MYC,26.96
SMP_5108,chr20,80336275,A,C,VEGFA,37.79
SMP_6123,chr20,64314733,A,C,IL6,40.38
SMP_3395,chr20,236954134,T,G,VEGFA,46.09
SMP_2806,chr1,158790490,C,T,MTHFR,86.57
SMP_5038,chr22,63181585,C,G,MYC,92.98
SMP_1876,chr7,221704349,C,A,BRCA2,32.13
SMP_4109,chr12,238722763,A,T,BRCA1,46.22
SMP_9493,chr22,133542877,C,T,MTHFR,29.79
SMP_9812,chr5,112325357,C,A,EGFR,42.53
SMP_1604,chr22,129828363,T,A,TNF,71.55
SMP_8083,chrY,166501911,C,A,MTHFR,39.55
SMP_8100,chr4,99638163,A,C,TP53,95.94
SMP_5986,chr2,220616261,G,T,APOE,71.44
SMP_4342,chrY,103975366,C,A,APOE,32.6
SMP_8425,chr13,157744507,C,T,IL6,79.98
SMP_8435,chr16,217118541,T,G,IL6,81.55
SMP_4654,chr7,50515349,A,C,BRCA1,64.01
SMP_9369,chr6,147683626,C,A,MYC,26.23
SMP_8137,chr8,129818108,G,T,MTHFR,41.24
SMP_4383,chr17,39796258,C,T,MYC,50.11
SMP_8098,chr7,18444169,G,T,IL6,86.63
SMP_4988,chr20,246733858,C,A,EGFR,64.64
SMP_9412,chr5,189914135,G,T,EGFR,22.96
SMP_4108,chr1,80392715,C,T,EGFR,64.25
SMP_7394,chr2,131482843,C,A,TP53,83.1
SMP_5216,chr14,45605836,T,C,TNF,41.76
SMP_5198,chr13,19075982,G,T,VEGFA,34.25
SMP_5772,chr1,143486598,T,A,MTHFR,31.04
SMP_4637,chr18,81360712,T,A,BRCA1,28.88
SMP_5289,chr6,110888387,C,T,VEGFA,37.69
SMP_4722,chr12,150905812,G,T,APOE,46.84
SMP_1775,chrX,240411178,T,G,APOE,50.79
SMP_7730,chr2,102660651,T,C,IL6,77.83
SMP_4365,chr22,146596340,C,A,MTHFR,76.75
SMP_9093,chr6,37833241,T,A,VEGFA,89.42
SMP_5189,chr6,138302857,A,G,VEGFA,78.94
SMP_1735,chr13,59972245,C,A,APOE,41.16
SMP_7787,chr22,58261614,C,T,BRCA1,58.7
SMP_6808,chr4,102705274,T,G,VEGFA,55.84
SMP_3668,chr22,33766762,C,G,APOE,88.68
SMP_4725,chr8,214512825,T,G,VEGFA,76.26
SMP_1909,chr1,116858136,A,C,MTHFR,46.33
SMP_3799,chr9,42184309,G,A,MTHFR,54.23
SMP_8263,chr3,197482954,C,T,BRCA2,54.21
SMP_3348,chr7,137650516,A,G,TP53,55.17
SMP_5693,chr22,189149396,T,G,TP53,32.97
SMP_5341,chr14,47301324,A,T,TNF,50.07
SMP_8293,chr11,217589169,T,A,IL6,27.57
SMP_6470,chr11,42715915,T,A,BRCA1,74.86
SMP_5793,chr7,46992811,C,A,MTHFR,39.37
SMP_2620,chr12,230621667,C,A,APOE,70.49
SMP_8262,chr16,3007045,A,C,APOE,62.46
SMP_3869,chr9,85478784,C,A,BRCA1,99.88
SMP_6682,chr9,85955045,T,C,MTHFR,91.87
SMP_7600,chr13,159925873,T,G,IL6,78.73
SMP_5412,chr2,172362694,C,T,MYC,51.43
SMP_1371,chr9,176693002,A,G,TNF,38.27
SMP_5282,chr9,45075118,G,A,EGFR,59.99
SMP_2480,chr14,51086329,G,T,VEGFA,67.45
SMP_4469,chr21,218974501,T,A,MTHFR,96.61
SMP_7921,chr3,39633820,C,T,TP53,56.64
SMP_6793,chr22,123589048,C,T,MTHFR,22.2
SMP_9821,chr4,60543243,G,C,BRCA2,50.6
SMP_1775,chr18,191594315,C,G,MTHFR,22.39
SMP_5674,chr2,24693999,A,G,TNF,47.68
SMP_7441,chr8,222926206,C,T,BRCA2,25.47
SMP_1918,chr14,201637752,G,T,BRCA2,50.52
SMP_1041,chr8,18101373,C,A,BRCA2,91.61
SMP_5860,chr18,151602143,A,G,VEGFA,34.47
SMP_8270,chr17,158597643,T,G,EGFR,89.48
SMP_1836,chr1,214197399,T,A,TP53,99.54
SMP_3754,chr5,97195015,T,G,MYC,88.41
SMP_1659,chr18,53732619,T,G,EGFR,99.34
SMP_2477,chr2,160894220,G,A,IL6,80.5
SMP_4493,chr19,89251929,C,G,MTHFR,62.08
SMP_7879,chr8,137101770,G,C,BRCA1,75.69
SMP_9514,chr2,150402627,T,G,BRCA1,65.24
SMP_2376,chr6,38903654,G,C,TNF,59.29
SMP_8409,chr10,127855183,G,A,MTHFR,48.56
SMP_4626,chr8,20547414,C,A,BRCA2,58.44
SMP_6171,chr5,222454406,C,A,APOE,83.74
SMP_7748,chr11,309345,G,T,APOE,32.79
SMP_7973,chr7,64992148,C,T,APOE,97.19
SMP_3215,chr22,70615301,G,A,IL6,78.37
SMP_5301,chr16,48291156,A,T,BRCA2,60.28
SMP_4161,chr2,242173884,C,A,APOE,27.9
SMP_9110,chr9,181871081,G,A,BRCA2,80.76
SMP_5875,chr5,55981471,A,G,TP53,29.05
SMP_2954,chr18,52254917,C,G,TP53,47.69
SMP_5435,chr10,26044052,T,A,MYC,21.46
SMP_7631,chr12,28415509,T,C,BRCA2,98.46
SMP_5022,chr10,26150837,T,G,TNF,93.56
SMP_7967,chrX,62250012,T,A,MYC,86.33
SMP_1657,chr14,216785940,G,T,APOE,65.15
SMP_1034,chr22,215425596,C,A,APOE,72.51
SMP_6724,chrX,130248798,A,C,BRCA1,39.69
SMP_9544,chr15,111260939,A,T,BRCA1,41.5
SMP_9134,chr11,114141480,C,T,IL6,74.6
SMP_1326,chr13,118027055,A,G,EGFR,60.55
SMP_1173,chr22,120421001,C,G,EGFR,55.4
SMP_6894,chr7,103450615,T,C,BRCA1,30.45
SMP_9989,chr8,164355651,C,A,MYC,90.46
SMP_1453,chr6,158442921,A,C,BRCA1,61.21
SMP_6613,chr6,38874333,C,A,EGFR,92.2
SMP_5111,chr1,66411543,T,G,TNF,78.26
SMP_6904,chr11,131088780,T,C,IL6,23.56
SMP_5908,chr10,27394533,A,G,MYC,45.2
SMP_1980,chr9,125917636,T,G,VEGFA,53.52
SMP_2062,chr18,47526212,G,T,TP53,90.26
SMP_1307,chr15,2626030,A,C,TP53,84.74
SMP_4131,chrX,217787323,G,T,APOE,40.11
SMP_5913,chr16,33032153,T,C,VEGFA,25.63
SMP_3834,chr9,166900221,G,A,EGFR,46.58
SMP_7912,chr2,97940885,T,C,MTHFR,85.85
SMP_3953,chr21,106496996,T,C,BRCA2,96.86
SMP_6475,chr5,60785799,T,A,TNF,51.29
SMP_5564,chr5,17941901,G,C,TP53,57.07
SMP_6152,chr17,217253992,C,G,BRCA2,47.08
SMP_7793,chr14,222894691,C,G,TP53,54.22
SMP_9602,chrY,75392383,T,G,APOE,79.63
SMP_6472,chr8,158936271,C,A,BRCA2,90.49
SMP_8537,chr5,167513613,T,C,APOE,95.36
SMP_3334,chr1,48948049,C,A,VEGFA,72.58
SMP_2314,chr10,162067432,A,C,MTHFR,96.93
SMP_6745,chr15,97181155,G,A,TP53,67.75
SMP_3229,chr6,103998213,G,T,TP53,44.44
SMP_8886,chr14,189383404,A,C,TP53,69.41
SMP_5582,chr7,159162579,T,C,TP53,73.39
SMP_8511,chr11,244674401,T,A,IL6,27.39
SMP_1586,chr14,95960519,T,A,MTHFR,95.65
SMP_6551,chr7,74978505,T,G,BRCA1,50.75
SMP_2087,chr16,68353998,A,T,BRCA1,72.88
SMP_1211,chr3,74334283,A,T,TP53,84.55
SMP_4303,chr7,199425258,A,C,TP53,43.45
SMP_3983,chr6,128541820,C,G,TP53,44.71
SMP_4118,chr1,177564697,T,A,TP53,54.26
SMP_8084,chr11,166064587,T,C,EGFR,72.32
SMP_5637,chr19,124332733,T,G,BRCA2,26.88
SMP_9216,chr14,13042646,T,A,MYC,77.39
SMP_9080,chrY,2508099,A,C,IL6,23.6
SMP_8792,chr18,149618007,A,C,EGFR,71.66
SMP_9837,chr22,223241484,C,T,BRCA2,27.27
SMP_3667,chr5,241251309,G,T,BRCA1,75.57
SMP_3802,chr8,120303763,C,A,MTHFR,21.22
SMP_9791,chr21,121101627,T,G,TNF,84.67
SMP_6628,chr14,48128029,A,C,BRCA2,85.83
SMP_1043,chr3,190709799,T,A,BRCA1,70.66
SMP_5796,chr14,49108254,T,A,BRCA2,39.9
SMP_9125,chr12,99853523,T,A,MYC,46.36
SMP_9029,chr22,164728,A,C,IL6,63.26
SMP_6011,chr20,132286542,G,T,BRCA2,69.59
SMP_6429,chr2,59665594,T,G,EGFR,27.74
SMP_1342,chr3,117143806,C,A,MYC,61.91
SMP_4938,chr17,189397994,C,T,TP53,77.32
SMP_7958,chr3,75234489,G,T,IL6,24.19
SMP_5891,chr6,64000672,C,T,BRCA1,43.73
SMP_2739,chr22,144731154,A,G,BRCA2,83.74
SMP_9844,chr2,120726496,T,C,BRCA2,82.5
SMP_9521,chr1,230362422,G,A,TNF,86.59
SMP_1497,chr14,232620623,T,G,IL6,37.53
SMP_1147,chr20,162671735,A,G,MTHFR,79.11
SMP_6401,chr9,59628123,C,A,TP53,59.92
SMP_4645,chr6,237303173,T,G,BRCA2,31.59
SMP_5086,chr6,206400978,A,C,EGFR,36.61
SMP_6702,chr10,140993858,C,A,IL6,62.29
SMP_8931,chr9,3701813,C,G,EGFR,52.3
SMP_5686,chr2,231328268,G,A,APOE,34.45
SMP_9379,chr10,53100309,A,G,APOE,57.66
SMP_4530,chr5,221808955,C,T,VEGFA,28.17
SMP_4111,chr4,6567850,A,C,TP53,61.12
SMP_4640,chr7,135807557,G,C,MYC,68.14
SMP_4092,chr4,59449656,C,G,TP53,70.82
SMP_1675,chrX,160944562,G,T,TP53,42.01
SMP_3424,chr10,121297163,T,G,TP53,79.38
SMP_1823,chr17,106542532,T,C,MYC,23.62
SMP_1751,chr12,101167008,A,G,TNF,92.64
SMP_4614,chr13,214646637,C,G,EGFR,51.82
SMP_8772,chr5,176752635,G,A,VEGFA,81.31
SMP_9896,chrX,139117338,G,T,IL6,98.01
SMP_6178,chr3,221933771,G,T,BRCA2,63.59
SMP_1750,chr12,1762734,G,A,MTHFR,51.94
SMP_3406,chr14,104767812,A,C,APOE,34.18
SMP_1125,chr6,161472309,T,A,EGFR,47.59
SMP_5066,chr12,224411503,A,C,BRCA1,98.18
SMP_6640,chr8,90797971,T,A,EGFR,30.95
SMP_9735,chr5,156546124,A,T,MYC,42.14
SMP_5987,chr11,107547587,T,C,TP53,87.69
SMP_1797,chr11,86457348,C,G,IL6,32.92
SMP_7827,chr16,166819046,T,C,TP53,41.71
SMP_2692,chr5,222655970,T,A,APOE,64.9
SMP_9640,chr17,125139746,G,T,BRCA1,99.69
SMP_1599,chr20,162157271,A,C,BRCA1,21.25
SMP_8008,chr15,68670666,C,A,BRCA2,71.38
SMP_4797,chr8,58018373,G,A,TNF,99.36
SMP_6387,chr12,227175775,G,T,APOE,45.47
SMP_3254,chr1,147389028,C,G,EGFR,81.45
SMP_6840,chr6,108636224,C,T,EGFR,95.38
SMP_7775,chr17,39435271,C,T,MTHFR,72.1
SMP_4649,chr17,109085012,A,G,BRCA1,77.59
SMP_5407,chr19,124414691,G,T,EGFR,81.02
SMP_1572,chr20,248772765,C,A,MYC,70.05
SMP_5342,chr10,146512262,T,G,IL6,26.91
SMP_5289,chr6,116454895,C,A,IL6,79.48
SMP_8840,chr9,106584949,C,G,EGFR,44.13
SMP_7924,chr15,114409303,T,C,VEGFA,54.22
SMP_6879,chr22,129786157,G,C,IL6,65.84
SMP_9576,chr6,150322260,C,G,VEGFA,84.64
SMP_6675,chr5,152515769,G,C,IL6,20.31
SMP_1004,chr21,226773198,T,C,MYC,21.48
SMP_6631,chr21,16657660,C,T,TP53,38.53
SMP_9620,chr5,25573448,T,A,EGFR,28.35
SMP_5544,chr20,29384331,T,A,TP53,73.45
SMP_5222,chr15,191249222,C,G,BRCA1,72.68
SMP_7131,chr13,213149459,G,T,IL6,29.28
SMP_3532,chr2,3008960,A,G,EGFR,82.53
SMP_6580,chr10,89756474,T,G,IL6,70.74
SMP_6805,chr12,191976686,C,G,TP53,22.08
SMP_2241,chrY,121820736,T,G,VEGFA,44.7
SMP_8515,chr13,20672100,G,C,BRCA2,28.04
SMP_7092,chrY,104418748,T,G,TNF,22.17
SMP_3610,chr2,32601066,T,G,APOE,36.57
SMP_2546,chr2,192552837,T,C,VEGFA,51.73
SMP_2689,chr21,190854123,T,A,TNF,52.36
SMP_7145,chr13,196542251,G,T,TP53,26.59
SMP_9480,chr19,18329094,G,C,TP53,79.49
SMP_6770,chr13,195216734,T,C,MTHFR,51.07
SMP_3706,chr8,199073628,G,A,BRCA1,33.77
SMP_4414,chr20,67268870,G,A,APOE,83.19
SMP_7656,chr3,17754156,T,A,BRCA2,60.11
SMP_8533,chr2,2719158,C,G,IL6,47.8
SMP_3611,chr16,61878533,T,A,BRCA1,91.33
SMP_7926,chr10,138098115,C,A,EGFR,54.04
SMP_3639,chr10,231031030,C,A,MYC,94.43
SMP_2231,chr10,165076032,T,A,MYC,39.85
SMP_3762,chr7,96315160,C,G,MTHFR,84.01
SMP_3482,chr17,134455308,C,T,TNF,41.85
SMP_8003,chr13,96687930,T,G,VEGFA,31.82
SMP_4775,chr14,223374826,G,A,APOE,34.16
SMP_6613,chrX,58629444,T,A,IL6,49.4
SMP_3334,chr14,227886765,A,G,BRCA1,79.31
SMP_2299,chr8,83456677,G,A,IL6,43.04
SMP_3038,chr8,739831,C,T,TP53,34.16
SMP_9702,chr20,163397576,G,C,VEGFA,83.74
SMP_7849,chr10,183381471,T,G,BRCA1,62.08
SMP_3541,chr13,219042684,T,A,BRCA1,41.76
SMP_1180,chr17,226456044,C,A,IL6,92.6
SMP_2100,chr8,64523832,C,T,VEGFA,34.78
SMP_8383,chr2,52022030,A,T,BRCA1,59.02
SMP_6289,chr15,189663964,C,G,IL6,59.45
SMP_4397,chr20,182593458,G,A,TNF,35.0
SMP_1107,chr22,153012190,T,A,EGFR,32.96
SMP_9154,chr17,34330226,T,A,TP53,86.03
SMP_8675,chr10,25490152,G,T,TP53,84.5
SMP_4549,chr4,237837428,A,T,TNF,50.13
SMP_7372,chr15,172785006,C,T,BRCA1,95.56
SMP_1930,chr4,219678530,C,A,EGFR,39.9
SMP_6272,chr20,229952356,G,A,MYC,97.46
SMP_5538,chr4,229304889,G,T,MYC,98.71
SMP_4224,chr20,191651406,G,C,BRCA1,27.93
SMP_5444,chr15,33391603,G,T,TP53,73.71
SMP_4904,chr21,92863983,G,A,EGFR,24.86
SMP_5192,chr12,163016345,A,G,MYC,93.45
SMP_6420,chr22,100310469,C,G,MYC,97.64
SMP_9098,chr1,18833619,G,C,BRCA2,81.25
SMP_2646,chrY,53567554,G,A,MYC,54.53
SMP_5650,chr18,180901615,T,G,IL6,52.08
SMP_7774,chr19,48721822,T,G,BRCA2,98.43
SMP_6693,chr12,226321904,G,A,VEGFA,46.62
SMP_6123,chr9,226504106,G,T,MTHFR,61.25
SMP_4887,chr8,236480518,A,G,MTHFR,90.85
SMP_9455,chr18,10235800,T,G,TNF,80.56
SMP_7457,chr7,130014958,C,T,MYC,77.48
SMP_3967,chr18,225336571,A,T,BRCA2,46.76
SMP_2805,chr6,179802960,G,T,VEGFA,52.74
SMP_2953,chr4,68572318,A,C,MTHFR,94.63
SMP_8506,chr12,105619006,T,A,TP53,89.46
SMP_9834,chr12,110694418,T,C,EGFR,32.67
SMP_4545,chrX,48841214,T,C,BRCA2,92.27
SMP_9755,chr5,139336852,C,T,TNF,24.32
SMP_4926,chr9,168034427,T,G,TNF,23.3
SMP_8496,chr4,243808638,G,A,BRCA2,25.02
SMP_8349,chr12,111737734,G,C,VEGFA,30.32
SMP_5126,chr21,81639125,A,T,APOE,40.82
SMP_9001,chr3,169070445,T,A,BRCA1,91.3
SMP_7742,chr15,38117336,G,C,BRCA2,32.11
SMP_1900,chr5,34680870,C,T,IL6,77.34
SMP_9048,chr8,221367557,A,G,APOE,94.09
SMP_8787,chr11,114252121,A,G,VEGFA,58.32
SMP_2485,chr21,20758896,T,A,EGFR,89.77
SMP_7036,chr22,177332116,G,C,IL6,49.06
SMP_9112,chr12,24473275,T,A,IL6,74.05
SMP_9439,chr17,171477631,C,A,TP53,79.99
SMP_9014,chr4,53197871,T,C,EGFR,87.57
SMP_1363,chr2,227015830,C,A,EGFR,94.77
SMP_3317,chr18,131084552,A,C,APOE,70.9
SMP_4999,chr16,65598797,T,C,TNF,45.91
SMP_2963,chr6,39616399,T,A,BRCA1,85.45
SMP_5364,chr2,28590084,G,C,MYC,35.82
SMP_5032,chr7,177334922,A,C,TNF,45.77
SMP_5138,chr3,169020596,G,T,TP53,90.78
SMP_6262,chr5,87688114,T,G,BRCA2,78.32
SMP_5360,chrY,174607981,T,C,APOE,89.44
SMP_7995,chr14,60144258,T,A,MYC,24.71
SMP_4727,chr17,140614138,G,T,IL6,35.89
SMP_8250,chr3,178359639,T,G,MTHFR,90.13
SMP_2771,chr18,29260411,G,A,EGFR,68.2
SMP_6974,chr21,83324562,T,A,MYC,28.41
SMP_9543,chr6,132527262,T,A,MTHFR,68.36
SMP_7295,chr19,8931224,T,C,IL6,24.33
SMP_5794,chr6,31723440,C,T,EGFR,54.97
SMP_1765,chr9,168691308,C,A,IL6,75.73
SMP_8343,chr3,123119824,C,A,IL6,54.89
SMP_6394,chr2,81870647,T,C,TNF,20.13
SMP_4519,chr18,103566653,G,C,BRCA1,43.64
SMP_2001,chr20,154229078,G,A,MTHFR,86.62
SMP_8772,chr22,167848328,G,T,IL6,36.41
SMP_5437,chr6,192131066,G,T,VEGFA,72.52
SMP_5500,chr13,55296053,G,C,TP53,43.34
SMP_9594,chr14,129519631,T,A,MYC,87.93
SMP_3599,chr5,126267943,G,T,APOE,64.63
SMP_7329,chr4,226081340,C,G,MTHFR,73.8
SMP_2662,chr1,246384553,C,A,TP53,70.03
SMP_9753,chr19,86263237,G,T,APOE,65.77
SMP_8180,chr3,228570624,A,C,VEGFA,22.24
SMP_8670,chr6,137693709,T,C,BRCA2,90.2
SMP_2429,chr13,196164333,A,G,TNF,95.65
SMP_8951,chr2,23281914,T,A,VEGFA,61.85
SMP_9989,chr18,110221751,G,C,EGFR,62.63
SMP_7445,chr16,140063026,T,G,MTHFR,29.56
SMP_2894,chr21,117055792,C,G,APOE,30.05
SMP_5632,chrX,110069190,T,G,MYC,62.19
SMP_1791,chr1,107159573,A,G,BRCA2,97.59
SMP_8487,chr6,157161706,C,T,VEGFA,84.43
SMP_2195,chr15,184900249,A,C,IL6,68.39
SMP_5431,chr9,169350545,C,T,APOE,74.71
SMP_7558,chr22,89956547,C,A,APOE,48.47
SMP_6179,chr22,127432681,G,T,EGFR,75.83
SMP_8882,chr14,169876697,T,A,TNF,28.26
SMP_6692,chr13,127885440,A,T,TP53,35.35
SMP_4005,chr2,237192050,C,G,APOE,34.45
SMP_1209,chr22,119470625,A,C,BRCA1,35.76
SMP_4320,chr15,167095037,A,G,BRCA1,53.51
SMP_3716,chr8,231135331,G,T,BRCA1,97.22
SMP_2783,chr16,4764435,G,C,EGFR,91.36
SMP_8179,chr12,70001071,A,C,VEGFA,47.68
SMP_1408,chr13,53462418,T,A,EGFR,23.9
SMP_1958,chr13,132958010,T,A,APOE,64.7
SMP_8800,chr5,64394771,C,G,MYC,61.05
SMP_2578,chr16,32911276,T,A,EGFR,56.55
SMP_8975,chr19,149064918,A,T,MTHFR,20.28
SMP_7367,chr15,111255913,T,G,MTHFR,56.29
SMP_9492,chr1,156960460,T,A,EGFR,87.57
SMP_2767,chr10,92424318,A,G,MTHFR,98.21
SMP_1267,chr14,72332333,T,A,MYC,73.07
SMP_3304,chr2,153756802,A,T,TP53,72.74
SMP_7272,chr12,108715866,G,C,TP53,49.44
SMP_1608,chr9,192555840,A,C,BRCA2,72.5
SMP_7204,chr15,96535773,A,C,MYC,53.88
SMP_7576,chr8,136883784,A,C,TP53,30.81
SMP_3333,chr11,105713856,T,G,IL6,98.83
SMP_4797,chr11,60397237,G,A,MYC,34.34
SMP_4653,chr15,113695742,T,A,TNF,90.68
SMP_6401,chr13,155801422,C,A,MYC,24.31
SMP_6769,chr14,162662603,A,G,TP53,39.21
SMP_7932,chr12,156913951,A,C,BRCA2,23.76
SMP_4916,chrX,61164879,C,A,TNF,92.59
SMP_9571,chr17,17431112,T,G,BRCA1,97.18
SMP_6486,chr3,221475162,T,A,APOE,53.53
SMP_1294,chr12,53552312,A,G,BRCA2,67.77
SMP_5915,chr5,114314081,C,T,BRCA1,71.84
SMP_7655,chr14,64430591,C,T,MTHFR,69.48
SMP_1901,chr10,194410352,T,G,APOE,94.74
SMP_7571,chr8,145053111,C,A,MYC,80.72
SMP_1930,chr7,4289321,T,A,IL6,23.81
SMP_3951,chr20,179823776,G,A,APOE,65.32
SMP_6233,chr7,147274948,T,G,EGFR,62.06
SMP_4013,chr19,107200461,T,A,VEGFA,21.63
SMP_3932,chr11,112698499,C,A,BRCA1,30.07
SMP_3249,chr19,182835794,T,G,EGFR,71.43
SMP_1836,chrX,199505629,A,C,BRCA1,94.62
SMP_8975,chr19,234198255,C,T,EGFR,94.98
SMP_3422,chr6,96387928,T,G,APOE,95.87
SMP_2328,chr15,191638181,T,A,MTHFR,85.2
SMP_3962,chr9,94648638,A,C,MYC,96.98
SMP_9628,chr3,33066501,T,A,MYC,51.6
SMP_5051,chr5,27671816,T,C,BRCA2,42.57
SMP_3879,chr3,46001825,A,T,BRCA1,86.65
SMP_5868,chrX,212312070,C,T,TP53,62.15
SMP_5211,chr19,167482330,T,C,MYC,26.66
SMP_7274,chr3,42619948,C,A,TP53,96.58
SMP_7097,chr12,44904613,T,A,TNF,57.07
SMP_6493,chr1,227988797,A,G,APOE,88.45
SMP_1407,chr22,139711206,G,T,IL6,87.32
SMP_7421,chr3,125066699,C,A,MTHFR,94.83
SMP_3987,chr7,211536345,T,A,MYC,20.98
SMP_4471,chr13,121843299,G,T,TP53,44.95
SMP_5582,chr16,101873219,C,T,EGFR,70.0
SMP_9929,chr22,236505192,T,C,BRCA1,77.28
SMP_1149,chr13,246525527,A,T,MYC,40.64
SMP_2331,chr16,109476642,C,T,TP53,91.07
SMP_8943,chr21,70813119,G,C,EGFR,35.7
SMP_1919,chr1,220307137,A,G,BRCA2,72.42
SMP_2556,chr22,75616954,A,C,BRCA2,40.18
SMP_9779,chrX,207186602,G,T,APOE,69.4
SMP_7386,chr10,16047217,C,A,VEGFA,28.38
SMP_2610,chrY,33532637,C,A,EGFR,44.73
SMP_2133,chr1,175918260,T,A,BRCA1,61.78
SMP_6219,chr13,73060254,A,C,TP53,40.22
SMP_6164,chr3,66269569,A,G,MYC,32.61
SMP_3911,chrY,145157485,A,G,MYC,45.38
SMP_9296,chr3,154577369,A,G,TP53,33.7
SMP_2499,chr6,112049346,T,A,MTHFR,57.68
SMP_2189,chr5,107643714,A,C,BRCA1,20.72
SMP_8537,chr13,41535888,C,G,APOE,21.85
SMP_4262,chr3,186190988,G,T,MYC,23.53
SMP_8053,chr3,13175008,A,C,TP53,63.5
SMP_1473,chr15,305250,T,C,EGFR,35.55
SMP_6725,chr2,7942803,T,C,IL6,46.21
SMP_4318,chr13,186133136,T,C,APOE,71.92
SMP_8898,chr22,103605976,A,C,EGFR,39.53
SMP_8911,chr18,227757144,A,G,EGFR,55.65
SMP_2946,chr14,83496808,T,G,TNF,49.21
SMP_9212,chr1,202786597,A,T,APOE,71.89
SMP_5081,chrY,185390179,G,A,MYC,27.24
SMP_5197,chr13,199840985,C,G,APOE,89.94
SMP_3441,chr1,67045624,G,T,APOE,37.61
SMP_1928,chr12,144973240,T,A,BRCA2,67.6
SMP_8610,chrX,234054814,A,T,BRCA1,56.89
SMP_5086,chr17,90532800,C,A,MTHFR,95.0
SMP_9122,chr6,97111272,A,T,BRCA1,82.17
SMP_3970,chr18,120923981,C,G,EGFR,43.56
SMP_3764,chr4,144184499,C,T,MYC,55.95
SMP_1172,chr7,154127580,T,A,TP53,46.71
SMP_3139,chr10,236390898,C,A,IL6,26.36
SMP_3768,chr17,167366000,T,G,BRCA2,56.39
SMP_4961,chr16,172901759,C,G,APOE,93.27
SMP_4660,chr1,178493123,G,T,TP53,47.99
SMP_2723,chr21,1585409,T,G,IL6,35.25
SMP_1994,chr16,36224084,C,A,MYC,47.26
SMP_4288,chr17,93749937,A,G,BRCA2,37.86
SMP_4107,chr18,210489908,C,G,MYC,22.47
SMP_2288,chr10,171254700,A,C,BRCA2,38.49
SMP_9612,chr2,37374710,G,A,TNF,75.48
SMP_9578,chr3,40547292,A,C,TNF,65.63
SMP_9429,chr16,204039397,A,T,EGFR,70.17
SMP_8240,chr20,7728235,T,A,MTHFR,82.41
SMP_4513,chr22,122767115,T,A,MYC,91.82
SMP_9546,chr19,11591035,A,G,TNF,52.66
SMP_1306,chr3,75162648,T,A,VEGFA,64.44
SMP_9499,chr10,35993745,G,T,IL6,80.53
SMP_6976,chr15,109178005,G,A,VEGFA,53.41
SMP_8775,chr21,110029592,G,A,MTHFR,36.18
SMP_8804,chr12,216281743,C,A,TP53,77.48
SMP_8801,chr20,194136019,G,T,APOE,78.87
SMP_9344,chr14,158116987,G,A,TNF,89.1
SMP_8579,chr16,84714957,G,C,APOE,84.2
SMP_1808,chr7,209825959,A,T,TNF,98.47
SMP_6006,chr2,85314598,T,G,TP53,79.65
SMP_7849,chr4,118663380,G,A,EGFR,51.27
SMP_8798,chr15,108257863,T,G,IL6,73.2
SMP_5422,chr16,45656820,G,T,BRCA2,21.66
SMP_4424,chr11,40695887,C,G,VEGFA,41.17
SMP_7484,chrX,66707060,G,A,TP53,50.7
SMP_8713,chr10,95362774,C,G,TP53,74.17
SMP_4645,chr7,157155479,C,G,MTHFR,34.05
SMP_9675,chr9,76115884,C,T,BRCA2,55.4
SMP_7822,chr4,134699355,T,A,VEGFA,45.14
SMP_9489,chr6,156637076,T,C,APOE,45.02
SMP_4277,chr15,96177661,G,T,TNF,94.52
SMP_2487,chr22,139466361,C,A,MTHFR,62.62
SMP_6521,chr15,133348427,T,C,BRCA1,96.01
SMP_8532,chr14,119369599,C,A,IL6,67.2
SMP_8945,chr19,245828419,A,G,APOE,86.41
SMP_8911,chr21,183142970,T,G,TNF,51.95
SMP_3941,chr11,5139453,T,C,MYC,24.33
SMP_6197,chr10,46456042,C,G,TNF,46.17
SMP_1594,chr17,84363215,A,G,BRCA1,20.22
SMP_2515,chr5,176111225,C,A,TNF,70.76
SMP_4461,chr9,35075907,C,A,TNF,87.28
SMP_3682,chr13,195131889,T,G,BRCA2,53.3
SMP_1264,chr8,130083802,G,C,MYC,25.12
SMP_1862,chr21,108132959,T,A,TNF,53.27
SMP_9160,chr9,25267688,A,C,APOE,52.89
SMP_1063,chr18,229519167,G,T,APOE,85.36
SMP_9533,chr12,16288603,T,A,EGFR,78.42
SMP_1464,chr11,237850241,G,C,IL6,89.54
SMP_4157,chr6,145742752,A,C,MYC,39.18
SMP_9238,chr21,188583067,G,A,MTHFR,56.87
SMP_3866,chr18,96591971,A,G,IL6,79.74
SMP_2696,chr16,4684100,G,C,TP53,20.55
SMP_8130,chrY,176886870,T,C,VEGFA,63.03
SMP_1153,chr21,15592719,C,G,BRCA1,20.06
SMP_5159,chr7,65648338,G,A,VEGFA,92.04
SMP_3027,chr5,146751949,G,C,IL6,84.37
SMP_3689,chr5,174494599,G,C,MTHFR,63.65
SMP_5984,chr9,170641514,T,C,EGFR,37.99
SMP_9330,chr15,70949333,C,T,EGFR,58.65
SMP_3515,chr18,53214638,G,A,VEGFA,57.69
SMP_6288,chrY,6842579,T,G,VEGFA,87.06
SMP_1049,chr17,20789043,T,G,MYC,60.12
SMP_4758,chr21,60787017,G,A,MTHFR,29.36
SMP_6863,chr21,227296274,C,T,MYC,62.18
SMP_1868,chr3,126863823,C,T,VEGFA,41.99
SMP_1422,chr15,7793988,A,T,VEGFA,26.3
SMP_3836,chr2,7174951,A,G,BRCA1,64.39
SMP_9341,chr21,205068422,T,C,BRCA2,70.43
SMP_9565,chr15,39962088,C,A,MTHFR,70.66
SMP_5293,chrX,154840247,T,A,BRCA2,82.68
SMP_5710,chr12,154904813,T,G,APOE,44.14
SMP_4342,chr6,238529839,G,T,IL6,77.77
SMP_1522,chr20,194834683,G,A,TNF,21.3
SMP_4509,chr6,8276868,C,T,EGFR,60.84
SMP_2757,chrY,199154324,C,G,TNF,53.21
SMP_9579,chr6,206579033,G,C,TNF,80.23
SMP_8721,chr14,72744142,G,T,MYC,95.57
SMP_1207,chr18,7958717,A,T,TP53,57.71
SMP_9603,chrX,210288979,T,G,MYC,89.5
SMP_7837,chrX,64447489,T,A,BRCA2,99.14
SMP_6533,chr1,164082945,A,G,EGFR,39.23
SMP_3049,chr8,193200851,C,G,EGFR,74.52
SMP_9433,chr4,249174241,C,T,APOE,30.04
SMP_3493,chr8,31940535,A,C,BRCA2,31.65
SMP_6213,chr2,85513341,C,A,BRCA2,34.65
SMP_7483,chr6,124359955,C,T,EGFR,36.3
SMP_3188,chr17,79188042,G,A,TP53,66.18
SMP_1958,chr12,113534246,G,C,MTHFR,83.82
SMP_6518,chr11,26340642,G,A,EGFR,96.04
SMP_2364,chr10,74727603,A,T,VEGFA,41.38
SMP_3434,chr11,92912629,C,T,MTHFR,80.21
SMP_2858,chr6,63248309,A,T,TNF,35.08
SMP_6975,chr5,145596964,A,C,TP53,76.81
SMP_2602,chr2,158000184,A,C,VEGFA,79.45
SMP_7133,chr15,54628535,T,C,IL6,42.38
SMP_7753,chr5,187975078,A,T,BRCA1,40.93
SMP_2909,chr16,198281760,G,T,EGFR,46.63
SMP_3570,chr11,197083068,A,T,TP53,75.3
SMP_7514,chr16,147398706,A,G,MTHFR,82.61
SMP_7647,chr3,65637324,G,T,BRCA1,67.95
SMP_8885,chr9,125488833,C,A,MTHFR,78.3
SMP_7185,chr2,79702794,C,G,APOE,53.49
SMP_6153,chr6,247503789,A,C,EGFR,41.25
SMP_3981,chr7,77596589,A,G,BRCA1,29.04
SMP_4238,chrX,247435090,C,G,VEGFA,50.42
SMP_4869,chr6,86609027,C,G,APOE,46.25
SMP_4516,chr8,193412709,T,A,EGFR,92.85
SMP_9733,chr20,34306609,T,A,MTHFR,58.84
SMP_4901,chr10,113250574,G,A,MYC,58.18
SMP_7128,chr2,164188342,A,C,TP53,23.69
SMP_2783,chr18,217179419,G,A,EGFR,24.44
SMP_1736,chr21,50799786,T,C,IL6,81.15
SMP_5150,chrY,160901039,G,C,TNF,28.33
SMP_5687,chr20,98746043,G,A,BRCA2,48.51
SMP_4561,chr16,134353326,A,G,MYC,57.94
SMP_1472,chr17,109830065,C,G,TNF,89.44
SMP_3817,chr6,30989621,T,A,BRCA1,86.37
SMP_8064,chr7,223451734,A,C,TP53,33.13
SMP_8964,chr10,93317913,T,A,IL6,43.23
SMP_6962,chr22,234562341,G,T,APOE,31.29
SMP_1939,chr5,71199942,A,G,IL6,80.38
SMP_6874,chr7,210545051,C,A,BRCA2,87.52
SMP_1015,chr21,117707644,G,A,APOE,76.01
SMP_8599,chr7,186502721,T,A,APOE,44.66
SMP_4354,chr20,87286035,C,A,BRCA2,48.08
SMP_4434,chr7,33769171,G,A,TNF,28.84
SMP_7321,chr8,116752471,C,A,TNF,22.33
SMP_7205,chr15,2947985,T,C,IL6,85.97
SMP_4537,chr7,140111561,G,C,BRCA1,89.49
SMP_7056,chr5,120005176,T,C,VEGFA,66.86
SMP_1288,chr22,62857461,C,T,VEGFA,46.82
SMP_6387,chr15,183350341,T,A,APOE,44.2
SMP_2829,chr6,201220055,A,C,TNF,59.49
SMP_8343,chr10,138079863,T,G,TNF,30.11
SMP_3212,chr8,67750017,C,T,MTHFR,26.89
SMP_3449,chr5,9544698,G,T,MTHFR,75.93
SMP_9231,chr11,162634252,A,T,VEGFA,24.13
SMP_1816,chr12,54871657,T,G,MYC,77.92
SMP_6507,chr21,32871303,C,G,MYC,95.94
SMP_2553,chr8,119143249,G,T,TP53,90.77
SMP_6995,chr20,159325736,A,G,BRCA1,32.85
SMP_2121,chr17,27104675,G,T,TNF,77.42
SMP_5454,chr10,200263628,G,T,MYC,49.06
SMP_3117,chr22,95874142,C,T,BRCA2,72.95
SMP_2135,chr9,165852953,G,A,MTHFR,81.26
SMP_3905,chr11,97799014,T,C,VEGFA,74.12
SMP_9228,chr11,35556334,C,G,APOE,63.69
SMP_5964,chr5,59976139,C,A,IL6,26.61
SMP_2110,chr20,206707371,T,G,BRCA1,83.39
SMP_6575,chr22,199263834,A,T,IL6,71.94
SMP_8525,chr6,172335504,C,T,TNF,31.4
SMP_4680,chr2,212891839,G,C,TP53,78.12
SMP_9783,chr10,74475800,A,C,BRCA1,65.23
SMP_3414,chr16,99249563,A,G,APOE,25.53
SMP_5844,chr21,12680741,T,A,TP53,79.77
SMP_7027,chr6,63028547,C,A,IL6,55.67
SMP_8880,chr11,141868693,T,C,APOE,82.73
SMP_2150,chr9,163967031,G,C,MYC,34.81
SMP_5693,chr8,211341904,A,C,EGFR,89.51
SMP_2804,chr3,13933383,T,C,BRCA1,61.42
SMP_1003,chr9,147979100,T,C,BRCA2,72.55
SMP_5377,chr10,147566950,G,C,VEGFA,32.43
SMP_1609,chr9,99605602,A,T,IL6,26.59
SMP_8091,chrY,500264,C,A,TP53,64.67
SMP_5175,chr7,189802570,A,G,TP53,97.74
SMP_6623,chr17,179930277,G,C,TP53,37.66
SMP_7872,chr14,171329740,A,G,BRCA2,33.39
SMP_6446,chr21,6913823,G,A,IL6,88.11
SMP_1308,chr11,222543002,G,A,TP53,95.18
SMP_4540,chr8,174302963,T,C,VEGFA,48.24
SMP_2524,chr7,110119717,G,T,APOE,22.15
SMP_5032,chr1,199886836,C,A,IL6,72.61
SMP_3698,chr8,75334301,T,A,BRCA1,92.12
SMP_5357,chr18,116396418,T,C,MYC,72.55
SMP_9324,chr6,114365841,G,C,BRCA1,23.57
SMP_6736,chr4,136137900,A,C,VEGFA,27.25
SMP_6371,chr21,57892945,A,C,BRCA2,71.59
SMP_5659,chr10,43356302,G,A,MYC,81.8
SMP_8299,chr3,33566353,C,A,APOE,73.59
SMP_4300,chr1,245496024,T,G,APOE,25.29
SMP_6518,chr1,165239686,A,T,EGFR,90.96
SMP_1911,chr20,54206451,T,C,BRCA1,32.48
SMP_1765,chr18,229524228,C,A,TNF,89.2
SMP_6841,chrY,231437621,T,A,EGFR,92.59
SMP_8596,chr17,181868933,T,C,VEGFA,52.19
SMP_1652,chr6,131559176,C,G,BRCA2,21.01
SMP_8023,chr22,19892290,C,A,APOE,71.92
SMP_8368,chr5,150044107,G,T,VEGFA,26.21
SMP_9388,chr6,214444141,C,T,TP53,39.95
SMP_4916,chr15,212098707,G,C,APOE,84.18
SMP_6997,chr20,224402505,A,T,VEGFA,33.73
SMP_8161,chr20,217474002,C,A,MYC,49.2
SMP_8074,chr15,93583680,G,T,TP53,49.45
SMP_2057,chr3,180605520,T,C,EGFR,72.16
SMP_6384,chrY,118556027,G,T,VEGFA,41.8
SMP_8538,chr8,111349626,G,A,IL6,82.06
SMP_4744,chr5,207512641,T,C,MTHFR,33.24
SMP_1669,chr17,187565191,T,G,VEGFA,52.36
SMP_7978,chr8,139996052,T,G,IL6,44.61
SMP_9976,chr3,111390026,C,T,MYC,37.37
SMP_1991,chr16,105923883,C,G,VEGFA,64.62
SMP_4928,chrX,163769278,C,T,TNF,76.46
SMP_7928,chr16,29340163,G,C,EGFR,40.45
SMP_9238,chr22,249556195,G,C,MYC,85.57
SMP_9949,chr9,190042181,C,A,APOE,63.05
SMP_4549,chr10,246144490,G,C,TNF,83.34
SMP_4917,chr10,152634432,A,T,MYC,71.47
SMP_3063,chr5,126668484,C,G,IL6,45.84
SMP_3087,chr18,78573896,T,G,IL6,30.78
SMP_6191,chr22,32611073,A,C,MYC,59.68
SMP_8072,chr14,205476048,T,A,MYC,33.03
SMP_8131,chr7,235285138,A,C,TNF,37.29
SMP_6506,chrY,142216012,G,C,MTHFR,73.83
SMP_9346,chr2,47874626,G,A,TP53,80.06
SMP_8980,chr18,132356715,T,A,MTHFR,56.61
SMP_7817,chr15,92700643,G,C,APOE,91.71
SMP_5986,chr1,55039117,A,T,BRCA1,46.81
SMP_8294,chr20,56714151,G,A,IL6,78.05
SMP_6457,chrY,183537232,G,A,BRCA2,63.15
SMP_5785,chr20,231013660,C,G,TNF,90.35
SMP_3294,chrY,156486192,C,A,TNF,52.2
SMP_2461,chr13,63266324,T,A,IL6,66.67
SMP_6914,chr2,215176,C,T,MYC,29.94
SMP_7208,chr4,222935202,G,T,BRCA1,57.9
SMP_8706,chr11,141792790,T,G,MTHFR,70.31
SMP_8165,chr12,205956532,T,A,MTHFR,70.47
SMP_3841,chr5,15081535,T,C,TNF,58.19
SMP_6695,chrY,118953389,G,C,TNF,21.9
SMP_2926,chr6,42729794,G,C,MYC,67.79
SMP_6944,chr9,158129531,A,C,EGFR,95.33
SMP_8681,chr15,93234766,A,T,IL6,72.78
SMP_2253,chr13,55184579,G,A,TNF,89.16
SMP_9563,chr11,1315894,G,T,MYC,78.85
SMP_8242,chr22,238191078,C,G,APOE,47.82
SMP_5562,chr2,25627932,C,A,BRCA1,37.27
SMP_2777,chr19,20962373,A,C,MYC,81.7
SMP_5857,chr6,149423588,G,A,APOE,78.04
SMP_5518,chr14,202266690,A,T,BRCA2,54.22
SMP_1669,chr20,38908535,T,A,BRCA1,71.05
SMP_4398,chr14,87346530,A,G,MTHFR,99.56
SMP_2981,chr2,119957859,C,G,IL6,37.68
SMP_6501,chr11,7146340,C,A,MTHFR,92.43
SMP_4616,chr7,177554824,T,C,EGFR,51.14
SMP_4670,chr6,5883904,A,T,EGFR,51.36
SMP_3345,chr20,58251311,T,G,APOE,28.25
SMP_9852,chr21,164806319,C,G,MYC,83.11
SMP_9480,chr20,77788505,G,A,MYC,33.04
SMP_9513,chr7,231776384,T,A,IL6,47.99
SMP_9094,chr12,107688499,G,T,TP53,86.63
SMP_1573,chr14,216375069,T,A,IL6,56.46
SMP_8213,chr2,164739240,T,A,VEGFA,27.86
SMP_3452,chr5,89989851,A,G,BRCA2,76.2
SMP_7111,chr13,141242826,G,C,BRCA2,97.66
SMP_8500,chr20,152924217,T,A,BRCA1,95.05
SMP_9907,chr10,169837023,C,G,IL6,38.04
SMP_8986,chr9,17128238,G,C,EGFR,26.34
SMP_7237,chr19,11716867,C,A,TNF,79.8
SMP_3912,chr3,62728936,C,G,VEGFA,37.12
SMP_7552,chr2,134139664,G,C,TP53,76.76
SMP_7454,chr12,14421547,T,A,BRCA1,78.81
SMP_7933,chr18,8858123,G,C,BRCA2,89.42
SMP_4235,chr11,226594276,C,T,APOE,94.36
SMP_6733,chr8,61929912,T,C,APOE,39.03
SMP_5959,chrY,188504231,A,T,MYC,32.73
SMP_8981,chr14,38151232,G,C,IL6,93.47
SMP_4824,chr7,65877339,C,G,MYC,28.42
SMP_9985,chr12,21039482,A,T,MTHFR,60.82
SMP_9751,chr7,102833566,C,A,MTHFR,58.14
SMP_6619,chr1,116610953,G,C,MYC,21.89
SMP_5619,chr12,22344208,A,T,TP53,64.49
SMP_1506,chr17,212638500,T,G,TP53,92.0
SMP_2318,chr22,115958389,G,A,IL6,67.69
SMP_7929,chr9,127027111,A,C,BRCA1,51.37
SMP_1851,chr8,228032183,C,G,VEGFA,61.76
SMP_1324,chr11,108421555,A,G,MTHFR,94.69
SMP_4741,chr4,242834800,G,A,BRCA2,35.24
SMP_3042,chr5,208813036,C,G,IL6,22.55
SMP_6789,chr21,115438887,T,G,TNF,43.83
SMP_4272,chr22,111606106,C,T,EGFR,91.61
SMP_7721,chr8,217848498,C,T,VEGFA,28.58
SMP_2217,chr2,34398596,C,T,EGFR,42.85
SMP_8397,chr15,68752496,G,C,TP53,91.93
SMP_3949,chr16,91467924,A,C,BRCA1,43.73
SMP_6616,chrY,195423746,T,G,TP53,47.77
SMP_8933,chrY,91991231,A,G,TP53,61.44
SMP_5833,chr20,164345822,A,G,APOE,42.83
SMP_2269,chr21,12640633,G,T,APOE,92.45
SMP_2767,chr19,26202313,C,G,IL6,88.11
SMP_3862,chr6,185116377,G,C,MYC,43.54
SMP_1674,chr4,107225148,G,C,BRCA2,58.66
SMP_1659,chr14,183804302,T,A,TNF,54.62
SMP_7438,chr16,189384380,A,C,TP53,69.62
SMP_3883,chr10,8426223,A,G,MYC,34.89
SMP_1254,chr8,80019379,C,A,BRCA1,22.59
SMP_2252,chr5,74948689,C,A,BRCA2,82.57
SMP_9468,chr5,37468432,T,A,IL6,23.24
SMP_5148,chr11,138893313,T,A,EGFR,93.75
SMP_3868,chr18,191861151,T,A,TP53,26.37
SMP_5907,chr1,215327719,G,A,MTHFR,97.55
SMP_3282,chr15,20821968,T,C,BRCA2,68.2
SMP_3610,chr2,15393586,G,C,MTHFR,52.76
SMP_4098,chr9,177525386,C,A,APOE,84.59
SMP_4130,chr11,211014560,G,A,TNF,34.52
SMP_3800,chr13,48735052,A,T,TNF,23.97
SMP_3554,chr10,194581797,A,C,BRCA2,88.08
SMP_2649,chr13,142940160,G,C,VEGFA,39.63
SMP_4873,chr12,87407033,C,G,BRCA1,44.15
SMP_9819,chr1,9467802,G,A,TNF,75.58
SMP_6201,chr20,110274730,A,T,MTHFR,86.53
SMP_7343,chr7,173524407,T,A,TP53,75.06
SMP_1140,chr22,38432744,C,G,APOE,41.55
SMP_1586,chr14,62850709,T,A,VEGFA,42.88
SMP_1012,chr2,122313669,A,G,BRCA2,23.36
SMP_1306,chr11,127719781,C,G,VEGFA,90.04
SMP_2604,chr1,164452745,G,C,EGFR,34.94
SMP_5471,chr8,68966972,C,G,MTHFR,35.58
SMP_5555,chr14,216894297,G,T,VEGFA,68.7
SMP_5961,chr1,195007509,A,C,VEGFA,87.31
SMP_5797,chr12,210325659,C,A,TNF,23.69
SMP_8374,chr1,177657596,T,C,IL6,66.63
SMP_7577,chr3,195397913,C,T,APOE,78.56
SMP_6294,chr4,44528258,A,C,TNF,25.99
SMP_7725,chr5,177503853,C,A,EGFR,89.64
SMP_8117,chr19,42137255,G,C,VEGFA,95.6
SMP_5557,chr22,219348740,C,A,TNF,40.34
SMP_3426,chr6,77816264,G,A,VEGFA,55.42
SMP_3334,chr8,26354364,A,C,MTHFR,96.92
SMP_7540,chr20,47388656,C,A,TP53,89.44
SMP_1315,chr19,78765494,G,T,MYC,49.34
SMP_8288,chr19,186130370,G,A,IL6,82.19
SMP_1686,chr10,124088582,A,C,BRCA1,72.97
SMP_4221,chr21,92574311,A,G,VEGFA,81.83
SMP_1233,chrX,172802424,G,T,TP53,30.34
SMP_5143,chr1,112517092,G,C,TNF,87.43
SMP_6038,chr4,160676050,C,T,VEGFA,96.52
SMP_8186,chr5,83280955,C,T,APOE,84.75
SMP_4768,chr16,222649126,T,G,TP53,61.82
SMP_2454,chr13,243242208,C,T,TP53,90.46
SMP_3087,chr7,170388225,C,A,MTHFR,22.03
SMP_3779,chr4,121659818,A,G,BRCA2,49.73
SMP_3481,chr6,225943502,G,A,TNF,72.97
SMP_7863,chr4,149855194,C,G,BRCA1,38.16
SMP_5069,chr21,37146559,A,C,MYC,33.03
SMP_8135,chr16,97731642,T,A,EGFR,68.74
SMP_2429,chr6,6578211,T,A,BRCA2,76.24
SMP_5788,chr18,10090109,C,A,TP53,99.28
SMP_8941,chr10,13455078,T,G,BRCA1,48.3
SMP_8591,chr13,136781468,C,A,APOE,94.81
SMP_8788,chr15,5568811,C,A,MTHFR,92.89
SMP_8646,chrX,131326757,T,C,BRCA2,85.63
SMP_9507,chr2,28955839,G,T,TP53,74.21
SMP_4504,chr9,248941324,T,A,MYC,88.0
SMP_8515,chr2,113342336,A,G,IL6,60.58
SMP_2165,chr8,226338494,A,T,APOE,84.02
SMP_4582,chrY,142581088,G,T,VEGFA,81.11
SMP_1714,chrY,56408874,C,G,TNF,83.53
SMP_4201,chr6,249539347,C,A,MYC,80.05
SMP_6551,chr5,105505260,T,A,MTHFR,52.39
SMP_9190,chr7,62572752,T,A,TNF,28.67
SMP_9335,chrY,205339358,A,G,APOE,95.43
SMP_4592,chr6,150345346,T,G,MYC,68.2
SMP_9461,chr14,136464516,G,A,APOE,75.79
SMP_6598,chr12,67425486,C,A,IL6,23.75
SMP_2825,chr14,175066976,C,T,EGFR,95.42
SMP_5570,chr5,248184252,T,G,MYC,50.81
SMP_4667,chr8,55375554,C,A,BRCA2,72.94
SMP_9215,chr9,191335615,T,A,MYC,23.22
SMP_1348,chr3,96949354,C,A,BRCA1,99.88
SMP_9852,chr22,12335567,T,G,BRCA2,63.51
SMP_2218,chr13,94691249,G,T,BRCA2,66.15
SMP_7688,chr8,123331817,A,C,EGFR,54.2
SMP_1595,chr16,213347454,A,T,TNF,89.16
SMP_9020,chr18,147044893,A,G,BRCA1,22.91
SMP_5696,chr21,229398430,C,T,IL6,33.83
SMP_2545,chr19,217365493,G,C,IL6,90.7
SMP_4760,chr13,194509436,T,A,APOE,45.37
SMP_2164,chr11,81039525,T,A,MYC,87.96
SMP_3708,chr19,203375790,A,C,APOE,84.71
SMP_7923,chr6,72115577,T,C,IL6,37.32
SMP_6774,chr8,178557553,T,G,VEGFA,50.69
SMP_6274,chr17,78457763,A,C,APOE,72.71
SMP_6643,chr16,77757501,A,C,TP53,44.13
SMP_6131,chr19,100954504,G,A,MTHFR,87.04
SMP_8645,chr10,105443513,A,G,MTHFR,29.16
SMP_7243,chr13,132178156,T,C,MTHFR,33.7
SMP_5582,chr21,189451256,T,A,MYC,26.41
SMP_7076,chr8,85120423,T,C,TNF,45.78
SMP_4866,chr15,159022833,A,C,MTHFR,94.38
SMP_1114,chr6,147448608,T,C,VEGFA,50.27
SMP_5115,chr2,156763027,C,T,TNF,74.82
SMP_3609,chr19,18016167,T,A,TP53,85.74
SMP_9192,chr4,67827683,A,T,EGFR,34.23
SMP_8533,chr17,19815629,G,T,APOE,71.2
SMP_1144,chr5,9926685,C,G,IL6,71.24
SMP_5283,chr1,11880962,A,C,APOE,60.62
SMP_1629,chr19,188581442,T,C,VEGFA,84.47
SMP_1638,chr13,144664586,C,G,APOE,21.26
SMP_6797,chr8,229866319,G,T,MYC,72.6
SMP_8101,chrY,1433091,G,A,APOE,57.57
SMP_3558,chr10,149375966,T,A,VEGFA,49.85
SMP_5020,chr12,212409928,A,C,BRCA2,75.64
SMP_3077,chr18,18375594,A,G,VEGFA,20.77
SMP_5935,chr7,1318028,T,G,TNF,65.94
SMP_4753,chr19,174417565,T,C,BRCA2,43.14
SMP_7627,chr9,198097595,C,G,MTHFR,50.1
SMP_2121,chr8,27757006,A,C,BRCA1,36.38
SMP_7790,chrX,118386877,A,C,BRCA1,74.45
SMP_8033,chr4,73254885,G,T,VEGFA,35.95
SMP_3798,chr7,5984667,A,G,BRCA2,82.66
SMP_1891,chr16,172701701,A,C,MTHFR,34.25
SMP_3636,chr5,144321103,T,A,MTHFR,69.29
SMP_8887,chr20,55646025,T,C,MTHFR,44.56
SMP_8716,chr17,193308947,T,C,TP53,39.79
SMP_8739,chr19,141582062,T,A,VEGFA,78.72
SMP_8571,chr9,15464849,C,G,IL6,61.12
SMP_5623,chr22,170126199,A,G,EGFR,50.05
SMP_5233,chr16,178057429,G,C,TNF,97.86
SMP_5135,chr18,212569204,C,G,MTHFR,94.61
SMP_1606,chr1,216963216,C,G,BRCA1,66.93
SMP_8595,chr9,2003620,G,C,TP53,41.98
SMP_4263,chr22,131638928,C,T,EGFR,48.69
SMP_9194,chr21,57831486,G,A,APOE,56.76
SMP_9688,chr19,121500357,G,T,TP53,95.92
SMP_9031,chrX,238708976,G,A,TNF,22.98
SMP_5382,chr6,84612204,C,A,IL6,91.89
SMP_9633,chr16,148964503,C,T,MYC,91.89
SMP_7690,chr18,176411288,G,C,EGFR,65.13
SMP_4371,chr3,45643096,C,A,MTHFR,68.89
SMP_9802,chr4,156750682,T,C,BRCA1,99.03
SMP_6342,chr12,206615988,G,A,MTHFR,45.72
SMP_3524,chr9,198108636,C,A,TP53,69.64
SMP_6446,chr3,168520302,A,T,MTHFR,50.65
SMP_4384,chr22,64856925,T,G,APOE,62.66
SMP_9166,chr22,202989352,T,C,EGFR,70.25
SMP_6069,chr21,74238046,T,G,TNF,55.13
SMP_4365,chr1,73587000,G,C,BRCA1,26.65
SMP_3092,chr20,79725520,C,G,TNF,27.04
SMP_2556,chr19,60039651,G,A,TP53,35.71
SMP_1144,chr16,188084881,A,T,BRCA1,95.27
SMP_2109,chr19,45008057,A,T,EGFR,71.77
SMP_1331,chr13,249280694,C,G,VEGFA,44.94
SMP_6686,chr8,26970513,C,T,BRCA2,96.17
SMP_7095,chr15,232787454,A,T,IL6,60.1
SMP_2669,chr21,235998128,C,T,TNF,84.77
SMP_8380,chr1,144892035,G,C,MYC,90.09
SMP_6464,chr11,61299399,G,T,EGFR,80.69
SMP_8736,chr21,248028715,T,A,BRCA1,42.6
SMP_2978,chr18,123282798,A,C,IL6,99.45
SMP_9155,chr17,135318690,A,G,MTHFR,21.39
SMP_3930,chr16,208253,T,G,BRCA1,41.29
SMP_6538,chr12,205741727,T,C,TP53,61.36
SMP_1572,chr5,52596549,C,A,TP53,36.57
SMP_1269,chr21,12706820,T,C,MYC,85.24
SMP_4355,chr20,135154137,G,T,VEGFA,94.23
SMP_6191,chr18,189033437,C,G,EGFR,85.13
SMP_7594,chr20,64153573,A,C,BRCA1,85.32
SMP_9739,chr18,126622834,G,T,IL6,94.52
SMP_9536,chr8,224031485,A,C,BRCA2,96.88
SMP_6898,chr9,89615001,G,C,TNF,92.23
SMP_2518,chr22,241808913,T,G,APOE,67.39
SMP_5628,chr4,7507617,A,G,MYC,93.2
SMP_7739,chr22,230733900,T,C,VEGFA,88.84
SMP_8528,chr12,12871194,C,A,EGFR,25.25
SMP_5516,chr12,195159730,C,T,MTHFR,59.04
SMP_1524,chrX,157902221,C,T,BRCA1,78.66
SMP_5838,chr15,136246024,T,G,MTHFR,45.09
SMP_2751,chr21,41321230,T,C,BRCA1,87.33
SMP_8654,chr18,145583736,G,T,APOE,26.84
SMP_5533,chr5,96233783,C,T,IL6,20.17
SMP_2991,chr6,153481769,G,A,TNF,35.15
SMP_3343,chr8,23148440,C,T,APOE,41.85
SMP_8695,chr5,13100324,T,A,IL6,22.23
SMP_1497,chr18,165187492,T,A,BRCA1,78.08
SMP_8626,chr6,13713169,A,T,IL6,49.17
SMP_5951,chr4,57447193,T,A,APOE,47.16
SMP_2938,chr9,13914314,T,A,BRCA1,48.89
SMP_6143,chr11,227046763,T,G,APOE,67.59
SMP_4356,chr5,176323016,T,A,VEGFA,45.46
SMP_8775,chr6,190742530,T,A,VEGFA,51.17
SMP_9118,chr22,1016316,C,T,EGFR,75.79
SMP_9448,chr7,196734916,T,C,IL6,39.92
SMP_4055,chr19,85744929,A,T,APOE,27.07
SMP_7413,chr18,22947342,C,A,MTHFR,90.7
SMP_7292,chr13,206968575,T,A,MTHFR,20.48
SMP_4129,chr5,76656082,T,A,MYC,42.74
SMP_7736,chr6,139468698,G,T,MTHFR,70.92
SMP_8066,chr7,158261805,C,G,BRCA1,68.53
SMP_2213,chr16,144935031,C,G,EGFR,24.59
SMP_5292,chr8,178223745,C,A,EGFR,62.67
SMP_2739,chr4,117624916,T,C,EGFR,28.03
SMP_8018,chr15,55292810,A,T,MYC,78.28
SMP_3872,chr4,244069139,C,G,MTHFR,84.42
SMP_8820,chr18,202435082,C,A,BRCA2,64.72
SMP_7326,chr17,225683393,T,G,MTHFR,22.33
SMP_6034,chr12,204258339,A,G,APOE,30.45
SMP_4293,chr9,145792149,G,A,MYC,42.47
SMP_1624,chr19,184428158,C,G,TNF,26.79
SMP_8834,chr11,186394210,G,T,VEGFA,30.6
SMP_6886,chr13,22948370,C,A,BRCA2,89.72
SMP_3748,chrY,175522335,T,A,MYC,53.21
SMP_1811,chr19,81399294,T,A,TP53,72.43
SMP_7299,chr3,135878023,G,T,VEGFA,97.79
SMP_6271,chr7,112631324,C,T,TP53,46.27
SMP_4302,chr6,111232134,G,T,VEGFA,94.22
SMP_9856,chr4,249983504,G,T,IL6,66.74
SMP_5309,chr6,86254986,G,A,BRCA1,79.58
SMP_5354,chr11,214878068,C,G,IL6,61.81
SMP_7663,chr18,235512482,G,T,MTHFR,41.99
SMP_7096,chr15,30073433,A,C,APOE,57.83
SMP_7584,chr2,18527577,T,G,MTHFR,73.9
SMP_9404,chr17,159481072,A,T,BRCA2,56.58
SMP_4883,chr12,141535472,T,C,TP53,59.54
SMP_7494,chr8,42822149,G,C,VEGFA,73.17
SMP_4365,chr2,61232078,A,T,BRCA1,22.04
SMP_9401,chr21,143845528,G,A,TP53,81.89
SMP_1992,chr19,84877986,C,T,VEGFA,74.78
SMP_3717,chr11,80946890,A,T,BRCA2,45.07
SMP_5584,chr9,238577234,T,A,TNF,20.23
SMP_4622,chr9,246192009,T,A,APOE,97.66
SMP_1713,chr9,124250482,A,C,MYC,27.16
SMP_9030,chr13,41678701,T,G,TNF,78.22
SMP_3684,chr11,67965766,C,A,BRCA1,53.56
SMP_1638,chr16,14607551,G,C,TNF,38.61
SMP_5397,chr8,22320142,T,A,EGFR,98.23
SMP_7055,chr2,232780664,G,A,IL6,57.59
SMP_5185,chr6,129480302,A,T,EGFR,20.7
SMP_4986,chr16,35835117,C,G,TNF,25.51
SMP_1514,chr2,132177029,A,G,TP53,47.89
SMP_3284,chr9,182228669,T,A,BRCA1,41.32
SMP_8329,chr17,145484289,C,A,MYC,84.38
SMP_1265,chr1,217746402,G,C,MYC,85.22
SMP_7492,chr2,42484457,T,A,IL6,48.38
SMP_8487,chrX,57594094,C,T,TNF,95.66
SMP_5061,chr6,43646816,G,A,EGFR,82.51
SMP_7771,chr11,147164881,G,C,APOE,97.49
SMP_9021,chr2,211118610,A,G,EGFR,78.42
SMP_2279,chr11,212343528,A,T,BRCA1,35.01
SMP_7795,chr8,61457043,C,A,BRCA1,73.67
SMP_9270,chr1,189867720,C,G,EGFR,76.61
SMP_7950,chr2,9532458,G,C,TP53,25.4
SMP_4792,chr11,210490034,T,C,BRCA2,91.49
SMP_4551,chr9,150911805,A,C,TP53,87.38
SMP_8243,chr20,111373616,T,C,TP53,97.8
SMP_4639,chr11,116350573,C,G,IL6,56.18
SMP_8227,chr9,231577837,A,C,TNF,64.41
SMP_2921,chr13,226676194,C,G,BRCA2,57.57
SMP_5425,chrX,3544434,C,A,TNF,47.38
SMP_6850,chr3,133853346,G,A,TNF,83.73
SMP_2367,chr15,151168786,A,C,TP53,45.03
SMP_6677,chr19,226358766,C,A,TP53,30.95
SMP_5137,chr1,39479034,T,C,BRCA2,47.79
SMP_3035,chr7,83763628,A,T,MTHFR,89.94
SMP_4982,chrX,156812687,C,A,MTHFR,48.38
SMP_6078,chr13,147244231,G,T,MTHFR,95.4
SMP_3699,chr15,41107337,C,T,IL6,22.59
SMP_2813,chr13,51079247,A,G,TNF,95.18
SMP_1296,chr6,168020711,C,G,TNF,42.42
SMP_9496,chr5,169487840,C,G,TNF,55.96
SMP_6694,chr22,159257559,G,A,MTHFR,47.62
SMP_6277,chr4,104654884,T,C,BRCA1,23.26
SMP_7533,chrX,36659641,T,G,VEGFA,46.88
SMP_8355,chr10,140799795,T,C,MYC,61.49
SMP_3689,chr13,208351731,C,A,TP53,62.57
SMP_1102,chr18,24557395,T,C,BRCA2,31.62
SMP_8513,chr14,168541738,A,T,TNF,54.48
SMP_3556,chr18,130967410,G,C,VEGFA,50.24
SMP_8243,chr22,142368947,C,T,TNF,42.02
SMP_1708,chr2,242726426,C,T,APOE,66.01
SMP_3842,chr18,123357250,T,G,MYC,73.48
SMP_2656,chr1,172662786,T,C,TNF,92.79
SMP_2498,chr22,145159050,C,G,IL6,47.18
SMP_7697,chr15,236726204,A,C,BRCA2,21.51
SMP_4486,chr6,162506269,T,G,TP53,31.16
SMP_1594,chr20,49736920,A,G,BRCA2,54.75
SMP_5863,chr9,49020453,T,G,APOE,27.41
SMP_4501,chr8,111573202,C,A,BRCA2,97.54
SMP_9708,chr15,35040025,C,T,APOE,97.88
SMP_9284,chr8,193864567,T,A,TP53,40.14
SMP_6091,chr8,198160627,C,T,MYC,44.13
SMP_4348,chr1,49056111,C,A,EGFR,61.65
SMP_2121,chr8,95279675,A,G,VEGFA,33.7
SMP_9860,chr9,26920741,T,A,BRCA1,54.61
SMP_5799,chr11,82209913,T,C,TP53,80.83
SMP_1001,chr9,170840700,T,C,EGFR,31.21
SMP_8440,chr8,224849991,C,T,EGFR,37.6
SMP_2195,chr13,49468212,G,A,BRCA1,30.91
SMP_9888,chr2,155001649,A,C,VEGFA,32.66
SMP_9626,chr22,210882932,C,A,MTHFR,23.03
SMP_3665,chr13,207799338,A,G,IL6,74.95
SMP_1517,chr5,109738217,C,A,VEGFA,96.73
SMP_6693,chr10,25573967,G,C,BRCA1,87.14
SMP_4335,chrY,10885810,T,A,BRCA1,49.91
SMP_4151,chr18,63308923,A,G,VEGFA,23.77
SMP_8122,chr9,84287730,C,A,MYC,75.4
SMP_5792,chr2,206667949,T,G,BRCA1,76.92
SMP_2064,chr5,6298438,G,A,IL6,73.29
SMP_8716,chr10,191119900,A,C,MTHFR,51.1
SMP_2740,chr19,228199890,T,C,IL6,43.44
SMP_2614,chr22,11896560,T,A,EGFR,64.35
SMP_2434,chr5,101379580,T,A,EGFR,88.19
SMP_2795,chr3,86596615,G,T,MTHFR,29.34
SMP_9274,chr11,116390800,A,T,EGFR,87.28
SMP_9331,chr1,225179245,T,A,TNF,87.3
SMP_7544,chr1,149769519,T,A,MTHFR,31.1
SMP_4434,chr18,83617368,T,G,MTHFR,82.82
SMP_2539,chrY,108805496,G,A,IL6,63.73
SMP_5827,chr14,244086837,C,G,MYC,75.07
SMP_5765,chr7,3311015,T,C,IL6,66.69
SMP_6758,chr7,101952890,C,A,TNF,85.16
SMP_3523,chr8,223782465,G,A,EGFR,61.28
SMP_4570,chr4,168150813,A,G,EGFR,88.49
SMP_6499,chr21,43103304,C,T,IL6,68.42
SMP_2871,chr20,222849136,A,T,VEGFA,39.95
SMP_5703,chr18,247356288,C,G,TP53,39.94
SMP_6349,chr3,237801716,A,T,IL6,64.16
SMP_2749,chrY,227872774,C,T,BRCA1,90.9
SMP_1000,chr3,67275714,G,A,EGFR,96.1
SMP_6122,chr8,86490638,A,G,TP53,61.47
SMP_2716,chr19,172386138,T,G,IL6,53.29
SMP_2294,chr10,85553863,T,A,VEGFA,90.91
SMP_7538,chr10,125786615,C,T,MTHFR,31.34
SMP_1881,chr9,44212044,G,T,BRCA2,42.19
SMP_3172,chr13,17033729,A,T,TP53,39.22
SMP_3351,chr17,205423763,C,A,VEGFA,41.49
SMP_6004,chr16,134217826,C,A,BRCA2,61.38
SMP_9038,chr14,23277083,A,T,TP53,29.72
SMP_4987,chr13,104527576,T,A,APOE,43.22
SMP_3002,chr12,101042823,A,C,EGFR,26.0
SMP_9144,chr10,18352930,C,G,BRCA1,34.45
SMP_9107,chr7,227158909,C,T,MYC,81.75
SMP_4907,chr4,190314683,T,C,MTHFR,36.37
SMP_3260,chr3,104038288,G,T,TNF,86.98
SMP_7072,chr3,125372228,T,G,IL6,48.67
SMP_8015,chr21,194069709,C,G,MTHFR,37.05
SMP_8274,chr21,69364834,A,G,MYC,98.5
SMP_2153,chr11,22775680,T,G,BRCA1,29.37
SMP_7836,chr4,5761287,C,A,IL6,72.65
SMP_8507,chr12,159307419,A,T,EGFR,64.11
SMP_1913,chr22,242560554,C,T,MYC,35.75
SMP_8961,chr20,212956169,T,A,APOE,78.63
SMP_3103,chr10,66777772,C,A,MYC,43.39
SMP_3582,chr17,174661972,T,A,EGFR,32.23
SMP_3859,chrY,14414696,C,A,VEGFA,75.72
SMP_4646,chr15,187534164,A,C,TP53,69.68
SMP_9012,chr1,124542156,G,A,BRCA2,65.89
SMP_9339,chr14,124512309,T,G,BRCA1,93.51
SMP_8092,chr12,36731542,G,C,VEGFA,67.1
SMP_9356,chr16,78478347,G,T,APOE,86.09
SMP_4474,chr7,179884408,A,C,IL6,31.91
SMP_9896,chr3,236942532,G,C,IL6,91.82
SMP_1061,chr21,148116060,C,A,TP53,29.17
SMP_7339,chr12,227009265,A,C,TP53,47.18
SMP_2632,chr3,129003688,T,G,TP53,63.99
SMP_1178,chr3,61136671,C,G,MTHFR,38.68
SMP_2630,chr8,228157932,G,C,MYC,45.03
SMP_4410,chr15,132206329,T,C,VEGFA,28.62
SMP_5514,chr6,196598882,G,A,MYC,73.09
SMP_4080,chr15,126477884,A,C,IL6,95.77
SMP_1724,chr4,67173466,A,G,MYC,48.31
SMP_8974,chr12,12667667,C,G,MYC,50.43
SMP_3024,chr10,153891921,T,C,MTHFR,38.41
SMP_3117,chr2,205221531,G,A,MYC,39.82
SMP_6029,chrY,149834720,G,C,MYC,26.65
SMP_6492,chr5,2511661,G,A,EGFR,80.34
SMP_5217,chr9,56523547,T,A,BRCA2,77.79
SMP_7015,chr17,141456118,A,G,EGFR,45.19
SMP_1443,chr2,36855478,A,C,EGFR,46.78
SMP_6388,chr15,5545054,C,A,TNF,73.75
SMP_6765,chr16,11445409,T,C,APOE,26.45
SMP_5059,chr21,166813723,T,G,EGFR,98.94
SMP_5088,chr15,213448976,T,G,EGFR,75.5
SMP_6746,chr17,202512817,G,A,TP53,23.87
SMP_5027,chr18,248632373,G,A,TNF,65.46
SMP_8321,chr20,67367194,G,A,TP53,89.43
SMP_2299,chr20,146654993,T,A,BRCA1,48.39
SMP_2940,chr19,59705730,C,G,IL6,69.23
SMP_3734,chrX,78023170,A,C,TP53,62.71
SMP_9754,chrY,247004467,G,A,TNF,46.17
SMP_3286,chr21,154395197,T,A,IL6,37.83
SMP_3413,chrY,241487785,G,A,TP53,36.46
SMP_5910,chr10,152236258,A,G,APOE,20.53
SMP_7731,chr6,12851262,C,T,BRCA2,58.37
SMP_3179,chr10,116849338,A,T,TP53,43.44
SMP_2561,chr12,216186001,G,T,IL6,55.27
SMP_7781,chr5,241934325,A,G,TP53,27.47
SMP_8555,chrX,105384249,G,T,MYC,41.58
SMP_2532,chr11,73855505,A,C,TNF,84.88
SMP_3496,chr18,94092762,A,G,BRCA1,65.17
SMP_1609,chr22,210872251,A,T,APOE,94.76
SMP_2817,chr9,1181885,C,G,MTHFR,41.37
SMP_4307,chr4,174017357,T,C,BRCA2,50.47
SMP_7490,chr21,211852561,A,T,EGFR,32.96
SMP_6615,chr10,80546462,T,C,VEGFA,82.18
SMP_1337,chr10,132080593,C,A,TNF,60.39
SMP_2583,chr1,155086756,A,G,TP53,92.44
SMP_1064,chr9,200495385,G,A,IL6,27.07
SMP_3951,chr4,19669873,C,T,MTHFR,58.34
SMP_1580,chr9,227425402,A,G,TP53,79.69
SMP_5898,chr14,116304543,G,T,IL6,79.38
SMP_7412,chr11,72212046,A,G,MTHFR,55.15
SMP_5068,chr19,6729687,T,A,TNF,61.45
SMP_6743,chr8,171445887,T,G,BRCA2,97.77
SMP_2411,chrX,161137374,T,G,MTHFR,28.45
SMP_3750,chr21,209395186,G,T,EGFR,87.0
SMP_6991,chr18,209009308,G,C,TP53,46.62
SMP_6518,chr14,120472689,C,G,BRCA1,40.63
SMP_8397,chr13,15813069,C,G,BRCA2,77.66
SMP_3573,chr12,54497580,T,A,MYC,79.4
SMP_2208,chr11,241403367,G,A,APOE,34.44
SMP_9995,chr12,145315892,G,T,TP53,75.87
SMP_6799,chr9,98756832,A,C,APOE,43.19
SMP_8328,chr22,70872674,G,T,BRCA2,81.25
SMP_3624,chr22,160147993,C,G,BRCA2,70.5
SMP_4576,chr5,58612463,C,T,MYC,67.78
SMP_3786,chrY,74587292,T,C,EGFR,33.38
SMP_7915,chr13,217163214,C,T,IL6,92.33
SMP_6858,chr5,174623537,C,G,BRCA1,41.25
SMP_3087,chr21,57396283,G,C,BRCA1,43.4
SMP_6411,chr12,3760317,T,A,IL6,44.96
SMP_7800,chr6,220596898,A,T,VEGFA,88.81
SMP_1717,chr15,64983972,T,A,MYC,80.85
SMP_6277,chr2,132402858,T,C,BRCA1,68.97
SMP_7443,chr13,241006451,A,C,VEGFA,35.26
SMP_6614,chr8,154942588,C,A,TNF,40.73
SMP_5226,chr5,151732746,A,G,MYC,68.53
SMP_8629,chr2,65928803,A,C,EGFR,82.14
SMP_7177,chr7,149216383,G,C,APOE,99.14
SMP_1543,chr9,88735368,A,C,APOE,87.81
SMP_7151,chr18,227590816,G,T,TP53,97.36
SMP_8778,chr2,69434228,T,A,BRCA1,54.25
SMP_3751,chr9,133739345,G,A,MYC,98.97
SMP_9368,chr4,214168223,A,T,TP53,64.98
SMP_9972,chr14,174311019,T,G,BRCA2,87.29
SMP_3011,chr11,192079644,G,A,VEGFA,67.12
SMP_4878,chr17,173084253,T,G,APOE,99.56
SMP_8197,chr16,246126421,A,T,VEGFA,60.64
SMP_8904,chr22,48580475,T,G,MTHFR,39.99
SMP_8965,chr11,11161273,G,C,BRCA2,67.43
SMP_3517,chr20,225101671,A,T,MYC,98.55
SMP_9266,chr6,44258903,A,C,BRCA2,90.93
SMP_7534,chrY,18799135,C,A,TP53,47.74
SMP_2041,chr6,137454827,G,T,MYC,33.18
SMP_9580,chr1,107246571,A,C,MTHFR,45.87
SMP_3675,chr9,188562664,T,G,MYC,45.6
SMP_6199,chr3,126106506,A,G,EGFR,28.3
SMP_2120,chr6,151141871,G,T,BRCA1,32.09
SMP_9662,chr10,141090270,T,C,BRCA2,95.42
SMP_2646,chr17,210102162,G,C,BRCA1,72.82
SMP_6897,chr20,33021291,A,C,VEGFA,26.91
SMP_6546,chr10,104803842,C,G,BRCA2,56.1
SMP_4154,chr9,102912069,C,A,BRCA1,26.63
SMP_4459,chr15,160819067,C,T,IL6,39.09
SMP_3875,chr11,138619968,A,G,BRCA2,31.73
SMP_4771,chr6,176974096,G,C,TNF,30.84
SMP_9002,chr11,147964213,T,C,TP53,79.6
SMP_4284,chr19,52205759,A,G,TNF,81.36
SMP_5612,chr16,139880373,A,G,MYC,87.01
SMP_1094,chr8,140844687,A,G,VEGFA,77.78
SMP_5304,chr11,141565195,T,A,BRCA1,32.82
SMP_7190,chr1,42479896,G,T,EGFR,84.22
SMP_7396,chr1,16842492,T,A,TNF,78.67
SMP_2608,chr2,213395896,C,A,MYC,51.65
SMP_7439,chr20,59881656,T,A,BRCA1,77.56
SMP_4628,chr13,155484950,T,C,VEGFA,97.92
SMP_6830,chr1,242216385,A,C,MTHFR,68.41
SMP_5804,chr9,17539229,G,C,TNF,74.09
SMP_1136,chr6,18453833,T,A,TP53,45.27
SMP_2341,chr11,237753189,T,G,VEGFA,59.18
SMP_6026,chr2,193758807,G,C,APOE,89.55
SMP_4322,chr8,144830245,G,A,TP53,52.34
SMP_1688,chr16,157769493,C,G,APOE,79.38
SMP_6416,chr18,132963872,C,T,BRCA2,70.24
SMP_4286,chr1,102551459,G,C,BRCA1,35.15
SMP_4782,chr7,29934841,G,A,MYC,37.18
SMP_8172,chr5,244941687,C,G,EGFR,47.4
SMP_6753,chr11,189579576,T,C,MTHFR,99.11
SMP_2267,chr5,74392207,A,G,APOE,52.82
SMP_3465,chr15,215466637,A,G,BRCA1,62.96
SMP_6160,chr2,62810970,A,C,BRCA2,42.72
SMP_1976,chr1,226084601,T,C,TP53,67.16
SMP_4779,chr14,151919730,C,A,BRCA2,92.91
SMP_1893,chr6,125430339,A,C,MYC,47.85
SMP_8212,chr1,37146569,G,C,IL6,99.55
SMP_3351,chr4,97345029,C,G,EGFR,26.06
SMP_7095,chr7,102715816,A,G,IL6,96.75
SMP_6362,chr3,134654316,C,A,MTHFR,85.73
SMP_2576,chr2,134613697,A,C,TP53,66.77
SMP_8018,chr22,221867582,C,G,TP53,40.68
SMP_5628,chr9,169429624,T,C,BRCA2,31.61
SMP_4450,chr6,52472777,A,C,TNF,79.99
SMP_2775,chr1,141497467,T,C,IL6,81.49
SMP_1149,chr10,112620182,G,C,VEGFA,45.76
SMP_5558,chr13,27868852,A,C,APOE,43.34
SMP_4801,chr10,189170143,G,T,BRCA1,98.0
SMP_3852,chr8,247863114,A,C,EGFR,65.17
SMP_1671,chr5,43167645,G,T,APOE,29.37
SMP_4119,chr21,24452542,T,A,BRCA1,79.3
SMP_6121,chr9,120178807,G,T,BRCA1,45.64
SMP_1931,chr17,221087423,T,G,IL6,63.94
SMP_8248,chr13,126459342,C,G,TP53,48.99
SMP_6215,chr17,110912219,C,A,TNF,86.0
SMP_3642,chr18,163497368,G,T,MYC,84.5
SMP_1140,chr13,155809975,G,A,TP53,70.53
SMP_8117,chr10,119051669,C,T,IL6,86.94
SMP_7314,chr7,27313683,T,A,EGFR,25.87
SMP_1366,chr7,212880541,T,G,BRCA1,85.42
SMP_5088,chr14,139205557,G,C,MYC,43.21
SMP_2842,chr17,21065259,G,T,BRCA2,34.01
SMP_3846,chr8,71530214,G,C,VEGFA,50.92
SMP_2013,chr19,189857284,T,C,BRCA1,99.51
SMP_9529,chr18,184262116,G,C,TP53,39.79
SMP_4166,chr13,100034288,C,A,TP53,94.51
SMP_1829,chr15,59644934,A,C,BRCA2,53.19
SMP_6117,chr4,13723720,T,C,MYC,28.9
SMP_5282,chr7,221137726,G,C,TNF,50.92
SMP_2954,chr6,124538155,G,A,EGFR,73.83
SMP_7721,chr1,81735544,C,T,VEGFA,22.65
SMP_3651,chr10,144495903,A,G,TNF,73.48
SMP_3758,chr10,206063489,C,T,MTHFR,86.2
SMP_7801,chr22,97019707,G,A,TNF,75.32
SMP_6879,chr16,127976124,T,A,TNF,86.89
SMP_8994,chr2,198598204,T,G,IL6,47.11
SMP_4743,chr21,221771246,G,T,APOE,42.94
SMP_7276,chr4,248917572,T,G,MYC,63.9
SMP_9847,chr13,198866095,T,A,MYC,29.39
SMP_6410,chr21,147311194,C,G,BRCA2,71.91
SMP_6996,chr6,61873484,C,A,TP53,34.82
SMP_6924,chr14,83123364,G,T,EGFR,75.86
SMP_7760,chr6,166527357,A,G,BRCA2,97.29
SMP_7459,chr1,71446224,T,A,VEGFA,62.94
SMP_9783,chr1,243860444,G,T,MTHFR,90.99
SMP_6113,chr3,206725042,G,T,VEGFA,59.76
SMP_8722,chr17,77536583,C,A,IL6,78.92
SMP_1107,chr6,32088567,C,A,IL6,92.63
SMP_5435,chr2,4142098,T,A,BRCA1,25.11
SMP_9161,chr14,185964881,G,A,IL6,93.19
SMP_4501,chrX,71384866,C,A,TNF,79.13
SMP_4247,chr14,217377610,T,A,BRCA2,92.35
SMP_9788,chr10,240040934,G,T,MYC,34.36
SMP_3342,chr8,122183508,A,C,APOE,30.89
SMP_9866,chrY,4400320,A,T,MYC,71.43
SMP_2284,chr22,233897908,T,G,MTHFR,93.69
SMP_2198,chr17,69944966,G,T,BRCA1,79.63
SMP_2178,chr7,239163872,A,G,BRCA1,74.23
SMP_4879,chr22,236298175,T,G,BRCA1,33.07
SMP_1899,chr21,26088137,G,C,MYC,83.54
SMP_8931,chr18,95864876,A,T,BRCA2,43.33
SMP_4129,chr21,160964908,G,A,BRCA2,70.45
SMP_7634,chr17,99242724,C,T,TNF,49.77
SMP_4035,chr2,109153445,T,C,VEGFA,49.23
SMP_4446,chr2,110804469,A,T,VEGFA,45.05
SMP_2406,chr17,146395642,C,G,BRCA1,42.85
SMP_4289,chr20,217857874,A,T,MYC,69.59
SMP_5832,chr1,189850955,T,C,EGFR,24.96
SMP_4661,chr12,82558862,G,T,MTHFR,53.9
SMP_3131,chr13,171331864,T,C,IL6,34.81
SMP_5072,chr10,8880672,G,T,APOE,94.52
SMP_5203,chr11,99092727,T,A,IL6,75.75
SMP_6135,chr4,212835592,A,T,MTHFR,59.09
SMP_9499,chr10,231056608,G,T,IL6,77.63
SMP_8942,chr9,152486187,C,A,IL6,81.5
SMP_2122,chr18,244238092,G,A,TNF,61.99
SMP_9891,chr8,113358689,T,G,VEGFA,84.47
SMP_7317,chr3,81229259,G,C,IL6,91.06
SMP_3899,chr15,176616817,G,T,IL6,62.64
SMP_7461,chr15,190721776,C,A,VEGFA,61.15
SMP_7366,chr16,231948259,C,T,VEGFA,74.41
SMP_1064,chr19,232995949,A,T,TNF,68.73
SMP_7455,chr22,248023353,A,G,IL6,86.62
SMP_1446,chr21,148683367,T,C,EGFR,96.27
SMP_4197,chr12,201823279,T,G,MTHFR,46.97
SMP_7874,chr11,110608098,T,A,IL6,73.06
SMP_2487,chr14,144963555,A,C,MTHFR,90.69
SMP_3330,chrY,138522526,T,A,BRCA1,59.29
SMP_2470,chr4,65174895,C,G,APOE,70.19
SMP_4492,chr13,78740253,C,A,EGFR,98.73
SMP_8627,chr18,112207462,C,G,APOE,31.2
SMP_3850,chr4,10885945,C,A,MYC,58.79
SMP_9755,chr19,76686595,G,C,BRCA2,35.56
SMP_7211,chr14,80885314,A,G,EGFR,37.97
SMP_7703,chr19,242401275,G,A,BRCA2,21.97
SMP_4915,chr17,41228719,A,C,BRCA2,36.66
SMP_5219,chr18,96347346,C,A,BRCA1,63.09
SMP_1886,chr10,198281697,A,T,TNF,57.33
SMP_2050,chr17,108880193,T,C,IL6,90.57
SMP_2445,chr9,103722896,C,G,APOE,45.02
SMP_5195,chr15,114415770,T,A,TNF,52.7
SMP_5718,chr2,178965281,G,A,EGFR,66.15
SMP_2021,chr8,116045469,T,G,TNF,35.01
SMP_7740,chr12,195818498,G,C,MTHFR,22.0
SMP_6613,chr13,79107255,G,T,EGFR,87.0
SMP_9607,chr17,216125,A,G,IL6,82.05
SMP_1244,chr21,119072005,G,A,IL6,28.1
SMP_9342,chr10,144049218,G,C,BRCA2,54.35
SMP_6337,chr20,7990667,C,T,EGFR,22.46
SMP_8012,chr8,222964285,A,G,IL6,73.36
SMP_3812,chr12,191684975,G,A,BRCA1,74.0
SMP_6882,chr3,158408501,G,A,BRCA2,45.61
SMP_4039,chr3,16674258,G,C,EGFR,94.55
SMP_7063,chr6,126628996,T,C,APOE,77.97
SMP_7577,chr10,63943050,A,C,MYC,46.27
SMP_2514,chr11,163357306,T,G,MTHFR,26.87
SMP_3632,chr14,191355567,A,C,EGFR,48.58
SMP_8333,chr4,70640695,T,A,MYC,42.27
SMP_9139,chr16,32593352,A,T,BRCA2,90.53
SMP_9572,chr1,107732043,G,A,VEGFA,61.96
SMP_2253,chr5,165983162,T,A,TP53,35.49
SMP_7002,chr12,84527452,G,C,BRCA2,34.82
SMP_5799,chr20,96028688,C,G,MYC,26.79
SMP_6584,chr15,174286046,T,C,BRCA2,30.91
SMP_9704,chr16,62933940,A,G,MYC,77.89
SMP_6467,chr22,105034413,G,T,MTHFR,69.58
SMP_7515,chr7,102671408,G,C,TP53,96.15
SMP_4049,chr7,102339827,C,A,APOE,21.69
SMP_2546,chr17,233486609,C,G,VEGFA,52.99
SMP_5868,chr4,225989174,A,T,BRCA2,69.49
SMP_1210,chr12,192950714,A,T,VEGFA,39.06
SMP_2263,chr11,216812932,G,T,MTHFR,51.1
SMP_2542,chr19,168019986,G,C,BRCA1,60.61
SMP_6074,chr1,126981846,G,C,BRCA2,28.06
SMP_6364,chr8,108427858,A,G,BRCA1,45.44
SMP_8049,chr17,199782596,G,T,IL6,84.61
SMP_2279,chr18,172095795,A,C,TNF,86.77
SMP_7658,chr3,231632187,C,T,TP53,33.43
SMP_2170,chr8,222382501,C,T,EGFR,32.69
SMP_5276,chr4,175499090,T,G,EGFR,77.4
SMP_5753,chr8,247912089,C,T,TP53,88.73
SMP_6159,chr13,182752432,C,G,IL6,48.68
SMP_7978,chr22,201838868,A,G,MTHFR,88.98
SMP_7760,chrX,130931277,A,G,BRCA2,54.55
SMP_9314,chr6,5061304,C,G,APOE,27.53
SMP_8305,chr8,138319824,G,A,TNF,80.4
SMP_5865,chr9,54608326,C,A,APOE,45.19
SMP_5076,chr16,145960273,C,A,MTHFR,70.38
SMP_4841,chr16,28545070,A,T,TNF,47.44
SMP_4921,chr4,174550547,G,T,MYC,79.42
SMP_5213,chr22,129258090,C,T,TP53,70.87
SMP_4788,chr18,96658473,C,A,TP53,37.63
SMP_2347,chr12,94015464,G,T,TNF,34.44
SMP_4786,chr8,187948759,C,A,MYC,51.72
SMP_2450,chr11,188396381,T,G,MTHFR,57.27
SMP_8232,chr12,207626792,C,G,TP53,90.29
SMP_4044,chr10,216419619,T,G,VEGFA,90.63
SMP_6545,chr9,76549324,T,G,MYC,96.98
SMP_3030,chr9,78773512,C,A,VEGFA,74.61
SMP_6932,chr13,77941245,C,G,VEGFA,94.74
SMP_3460,chr1,48443977,C,A,IL6,84.75
SMP_8798,chr16,198716843,C,G,VEGFA,65.81
SMP_9631,chr1,236158897,A,G,TP53,23.72
SMP_8541,chr17,181014826,A,G,MYC,56.7
SMP_6334,chr10,62833150,A,T,TP53,59.57
SMP_4749,chr21,194403363,T,C,MYC,73.14
SMP_1986,chr16,175965090,T,G,TNF,96.0
SMP_9440,chr3,80647546,C,T,MTHFR,29.3
SMP_8905,chrX,143055346,T,A,BRCA1,60.76
SMP_2901,chr7,7079854,A,C,BRCA1,94.96
SMP_1900,chr20,103545307,A,G,MYC,51.18
SMP_1507,chr21,159297245,T,A,BRCA1,97.26
SMP_8082,chr1,159232015,T,A,TP53,91.4
SMP_9683,chrX,128799697,T,C,EGFR,95.95
SMP_8868,chr10,124687458,G,A,TNF,53.21
SMP_6300,chr2,89053922,T,G,IL6,49.15
SMP_5167,chr22,69569796,C,T,MYC,25.54
SMP_5833,chr5,34214965,A,T,MTHFR,90.53
SMP_9500,chr16,107317941,C,G,EGFR,95.03
SMP_1301,chrX,163395679,A,T,BRCA1,21.14
SMP_7410,chr15,4508273,A,T,VEGFA,34.63
SMP_2926,chr17,69326016,A,C,MYC,49.57
SMP_2273,chr1,57243763,G,A,BRCA1,28.65
SMP_8657,chr16,185815862,A,G,APOE,71.53
SMP_5251,chr8,38130645,T,G,TP53,77.08
SMP_2777,chr1,1661018,T,A,IL6,43.32
SMP_2102,chrX,141878767,T,G,IL6,69.92
SMP_9776,chrY,230493721,G,A,MYC,36.66
SMP_5932,chr22,183557668,A,T,BRCA2,32.11
SMP_4564,chr21,62550401,T,G,MYC,85.24
SMP_7580,chr10,192991748,A,G,BRCA2,71.47
SMP_5192,chr17,234714113,C,T,MTHFR,27.27
SMP_1881,chr12,79377792,G,A,VEGFA,94.85
SMP_5360,chr14,98955212,C,A,APOE,38.08
SMP_8370,chr3,110580283,C,T,EGFR,48.5
SMP_4428,chr5,134555796,C,T,MYC,99.82
SMP_7450,chr10,200487719,C,T,BRCA1,99.27
SMP_3132,chr14,140727337,G,C,IL6,63.21
SMP_8012,chr3,10273588,C,A,TP53,92.45
SMP_3789,chr20,35539357,C,G,TP53,64.1
SMP_8610,chr21,13544468,T,G,APOE,22.08
SMP_6630,chr11,218660062,C,A,MTHFR,67.23
SMP_1615,chr21,22832134,T,C,MTHFR,78.6
SMP_7791,chr17,200060269,G,T,BRCA1,54.03
SMP_2966,chr13,210449080,C,G,IL6,88.69
SMP_8074,chr7,243346553,G,C,MTHFR,75.49
SMP_8242,chr2,85639243,G,A,BRCA1,82.48
SMP_3126,chr22,150349310,C,T,TP53,87.86
SMP_6071,chr20,152003591,C,A,TNF,83.95
SMP_6018,chr21,11653119,C,G,TNF,99.55
SMP_4862,chr17,58161306,T,G,VEGFA,87.79
SMP_2887,chr2,51917877,C,G,APOE,38.61
SMP_3459,chr20,8239184,A,G,MYC,52.32
SMP_6112,chr21,130367907,T,G,MYC,62.12
SMP_1937,chr8,139719769,T,A,MYC,96.51
SMP_5442,chr3,169539827,G,A,TNF,51.02
SMP_3014,chr9,69240633,T,A,VEGFA,76.58
SMP_3850,chr6,27195201,A,G,TP53,88.04
SMP_2502,chr19,129446453,T,C,MTHFR,42.44
SMP_5427,chr8,147869403,A,C,APOE,75.85
SMP_3437,chr6,104636651,G,T,TNF,69.81
SMP_3759,chr2,47772307,C,T,APOE,68.96
SMP_3704,chr1,104435517,C,G,TP53,95.04
SMP_4411,chrX,190505591,T,C,APOE,41.84
SMP_9091,chr22,111775821,A,C,EGFR,68.08
SMP_2388,chr16,106289720,G,T,MYC,93.07
SMP_5380,chr4,111239637,G,C,APOE,71.58
SMP_1002,chr19,207012376,C,G,APOE,77.35
SMP_3085,chr3,21295863,C,A,TNF,27.2
SMP_4304,chr16,15212046,C,G,MYC,94.01
SMP_4188,chr19,228524654,T,A,IL6,79.44
SMP_4906,chr22,21713306,G,T,TNF,93.76
SMP_9913,chr18,143368651,A,C,TNF,35.86
SMP_7181,chr11,158806817,C,A,BRCA2,78.32
SMP_6329,chr10,85490334,A,G,EGFR,95.92
SMP_5145,chr19,154934905,T,A,EGFR,45.28
SMP_4231,chr4,74720475,A,G,MTHFR,41.44
SMP_2924,chr19,128517413,A,G,VEGFA,84.48
SMP_3407,chr18,174705414,G,T,MTHFR,95.48
SMP_9672,chr19,60961728,T,C,BRCA1,95.41
SMP_6286,chr20,212143656,C,T,IL6,66.94
SMP_9893,chr8,213247355,G,T,MYC,94.12
SMP_3023,chr4,155268062,T,A,TP53,51.35
SMP_1462,chr7,207688465,G,T,MTHFR,64.92
SMP_8187,chr22,45506780,T,A,VEGFA,57.82
SMP_5556,chr13,69284332,G,T,MTHFR,26.41
SMP_5157,chr8,211099912,C,A,EGFR,87.73
SMP_9007,chr2,94235993,G,T,VEGFA,78.23
SMP_8898,chr17,8453567,A,T,TNF,41.9
SMP_5428,chr7,184752870,A,G,EGFR,89.24
SMP_8101,chr14,135710368,T,A,VEGFA,28.34
SMP_6187,chr12,126514368,A,T,MTHFR,20.36
SMP_8092,chr20,28990380,C,T,TP53,51.4
SMP_2930,chr1,111073666,G,C,BRCA1,84.97
SMP_5915,chr9,58056743,A,C,BRCA1,50.69
SMP_9626,chr3,81862044,T,A,TNF,86.95
SMP_6728,chr7,210345614,A,G,IL6,54.33
SMP_7888,chr14,5789549,G,A,MTHFR,43.73
SMP_2192,chr14,59505496,C,A,VEGFA,38.0
SMP_1026,chr5,249937519,G,A,TP53,94.6
SMP_8869,chr3,50883689,T,C,MTHFR,43.24
SMP_7338,chr11,203768028,A,T,BRCA2,41.98
SMP_6186,chrY,215082895,A,T,EGFR,77.94
SMP_5111,chr3,61615259,A,G,VEGFA,79.3
SMP_4917,chr5,196135278,T,G,MYC,39.27
SMP_6045,chr22,59378537,T,A,EGFR,40.25
SMP_4128,chr3,119057948,G,T,MTHFR,56.83
SMP_7406,chr7,99593495,A,T,MYC,36.35
SMP_8750,chr18,90128404,A,C,APOE,81.47
SMP_3945,chr9,183648296,G,A,BRCA1,45.92
SMP_6560,chr21,98383413,T,G,TP53,28.45
SMP_4321,chr13,157852410,A,C,VEGFA,47.8
SMP_7227,chr3,239527942,A,T,TP53,57.35
SMP_5809,chr20,76746622,T,C,VEGFA,41.48
SMP_5088,chr22,93451903,C,A,BRCA2,23.08
SMP_4618,chr18,178087962,A,C,BRCA2,84.69
SMP_4187,chr1,66103796,C,G,VEGFA,70.07
SMP_8843,chr10,103608842,C,G,IL6,70.4
SMP_3281,chr6,139919158,T,C,BRCA1,77.9
SMP_6560,chr16,159087716,T,C,BRCA2,60.25
SMP_9759,chrY,144271189,C,G,TNF,35.98
SMP_2373,chrX,225497763,C,A,BRCA1,23.69
SMP_7407,chr17,215413423,G,C,BRCA1,72.19
SMP_7556,chrX,200323678,A,T,MYC,77.03
SMP_5219,chr19,216343139,G,A,MYC,35.69
SMP_7207,chr8,215572407,A,C,TNF,85.15
SMP_3154,chr19,105337368,C,T,BRCA2,62.38
SMP_7207,chrX,18159688,A,T,BRCA1,56.47
SMP_2688,chr3,196208189,A,T,IL6,55.75
SMP_1951,chr12,81206908,A,C,EGFR,99.86
SMP_8440,chr16,78348680,G,T,BRCA1,78.43
SMP_6656,chr21,207572070,T,A,TNF,63.41
SMP_6127,chr3,1997671,A,T,MYC,28.4
SMP_6034,chr8,35709880,T,A,TNF,26.55
SMP_7029,chr8,166420869,G,T,IL6,94.24
SMP_5783,chr2,232719615,T,C,VEGFA,71.23
SMP_8325,chr12,11975876,A,G,EGFR,69.93
SMP_3571,chr11,43234778,C,G,MYC,38.72
SMP_6469,chr5,9011600,A,G,TNF,21.34
SMP_6442,chr8,216833222,C,T,BRCA1,65.72
SMP_1093,chr7,104571426,G,A,IL6,20.77
SMP_4554,chr9,114089174,A,G,VEGFA,22.38
SMP_7572,chr12,235894213,G,T,BRCA1,63.87
SMP_1376,chr10,156797195,G,A,VEGFA,28.06
SMP_1709,chr8,44029393,C,T,VEGFA,43.12
SMP_3459,chr13,111743688,C,T,MYC,77.23
SMP_6373,chr1,193420407,C,G,TP53,22.53
SMP_3370,chr22,226788918,A,T,VEGFA,98.19
SMP_6794,chr1,105436850,T,A,BRCA2,29.85
SMP_4985,chr10,117239614,A,C,BRCA2,32.05
SMP_9778,chr6,113414512,T,C,MYC,67.31
SMP_6186,chr13,105733715,A,G,MYC,53.97
SMP_7029,chr20,209317633,T,G,TP53,39.32
SMP_5729,chr6,4667544,A,T,BRCA2,22.81
SMP_7735,chr2,95078666,T,C,TNF,30.4
SMP_1794,chr17,44347855,A,G,MYC,33.36
SMP_1759,chr17,58087810,A,T,TP53,78.59
SMP_3137,chr1,113807778,A,G,EGFR,96.52
SMP_5781,chr12,240364188,G,C,TNF,57.71
SMP_7960,chr18,89136911,C,G,BRCA2,95.0
SMP_6011,chr11,107722081,T,C,IL6,65.41
SMP_7723,chr6,29146610,G,A,MTHFR,64.48
SMP_2250,chr1,75163980,G,T,VEGFA,60.54
SMP_5028,chr11,219578572,A,C,IL6,41.49
SMP_8777,chr16,214813282,C,T,BRCA1,80.24
SMP_5929,chrX,130874414,C,A,IL6,67.52
SMP_7364,chr16,201079370,A,C,EGFR,84.3
SMP_5607,chr10,106037738,C,T,BRCA2,76.35
SMP_5541,chr13,196241386,A,G,TNF,76.8
SMP_8190,chr11,249214825,A,T,BRCA2,79.98
SMP_5316,chr4,91182921,T,A,VEGFA,21.41
SMP_8977,chr5,32344951,T,G,MTHFR,54.23
SMP_1434,chr1,220293915,T,C,EGFR,96.33
SMP_1791,chr7,46900979,T,A,BRCA1,33.28
SMP_1785,chr15,8766902,T,G,MYC,97.44
SMP_3845,chr7,142867380,G,A,VEGFA,33.02
SMP_3032,chr12,74802926,A,C,BRCA1,74.9
SMP_9166,chr16,10392261,C,A,TNF,89.14
SMP_2502,chr11,58159574,T,G,EGFR,73.75
SMP_8438,chr17,244384577,A,T,MTHFR,29.25
SMP_3272,chr16,212164333,A,G,TNF,35.51
SMP_6764,chrX,71431092,A,T,VEGFA,94.28
SMP_5190,chr18,138764106,G,A,MTHFR,89.6
SMP_6469,chr6,172322699,A,T,EGFR,71.39
SMP_2201,chr14,82430797,A,C,VEGFA,82.35
SMP_5413,chr21,71101446,T,G,IL6,50.46
SMP_2432,chr12,38328797,T,G,APOE,80.55
SMP_5020,chr3,85473795,T,A,VEGFA,63.26
SMP_5114,chr9,153195747,T,C,BRCA1,44.44
SMP_3728,chr13,136175798,G,C,BRCA1,62.82
SMP_1985,chr13,187117023,A,G,TNF,97.52
SMP_6301,chr21,184390910,A,T,EGFR,54.87
SMP_3249,chr4,169548337,C,A,BRCA2,77.05
SMP_5244,chr5,10364121,G,A,IL6,69.05
SMP_4202,chr21,205135226,A,G,BRCA1,35.16
SMP_2365,chr7,44306780,G,T,TP53,66.95
SMP_8734,chr7,153055109,C,G,EGFR,29.82
SMP_6650,chr22,2977077,A,C,APOE,97.92
SMP_5114,chr12,87886321,T,G,VEGFA,78.17
SMP_2492,chr8,21389542,A,G,BRCA1,49.67
SMP_9767,chr19,220270272,C,G,EGFR,20.88
SMP_6746,chr13,17876101,G,C,BRCA1,29.13
SMP_7660,chr11,200427946,A,G,BRCA1,27.57
SMP_4229,chr14,60686092,G,C,EGFR,35.13
SMP_1190,chr20,144649742,A,T,APOE,46.83
SMP_8034,chr16,210778874,C,T,TP53,46.67
SMP_2073,chr11,45554856,T,C,BRCA2,56.29
SMP_7986,chr15,19405427,T,A,VEGFA,56.1
SMP_5943,chrX,52729472,C,T,MYC,38.1
SMP_3939,chr14,183953512,A,T,MTHFR,35.37
SMP_1053,chr19,101986538,T,A,TNF,59.57
SMP_1497,chr2,169041489,A,T,BRCA1,43.87
SMP_8779,chr17,62890987,A,C,TP53,63.03
SMP_3069,chr6,86631864,C,G,APOE,62.24
SMP_2710,chr4,176714483,G,T,APOE,89.66
SMP_9252,chr15,54122949,G,C,TNF,56.74
SMP_7575,chr13,32659063,A,T,APOE,57.27
SMP_6162,chr16,99473632,C,T,MYC,91.02
SMP_8654,chr8,150026992,A,C,EGFR,64.06
SMP_2769,chr20,161718779,T,C,TP53,77.79
SMP_6951,chr1,148174195,A,C,MYC,32.83
SMP_7703,chr13,102734478,A,C,APOE,96.99
SMP_5529,chr21,230184669,C,T,MYC,94.14
SMP_8527,chr11,57087766,T,A,MTHFR,95.18
SMP_8075,chr16,152645670,C,T,BRCA1,20.62
SMP_7714,chr21,123759171,A,G,VEGFA,62.04
SMP_8527,chr8,122175130,A,C,BRCA2,36.33
SMP_4673,chr3,112755681,T,A,TP53,70.56
SMP_1183,chr22,201281758,A,T,BRCA2,44.39
SMP_6248,chr8,233208523,C,T,IL6,43.43
SMP_3762,chr16,123691936,C,T,BRCA2,47.69
SMP_7278,chr22,19542619,A,C,MTHFR,38.8
SMP_5582,chr13,155694440,T,C,MYC,43.21
SMP_7400,chr22,32385441,G,C,TNF,91.62
SMP_4557,chr7,168905834,A,C,VEGFA,20.92
SMP_6955,chr11,217395344,A,C,APOE,93.99
SMP_9023,chr9,177531833,T,G,TP53,49.54
SMP_8211,chr5,128259428,G,T,TNF,50.57
SMP_8099,chr8,195899780,T,G,BRCA2,35.36
SMP_9210,chr4,219285023,C,A,MTHFR,63.81
SMP_3737,chr9,180906134,C,G,EGFR,61.06
SMP_8091,chr3,236852085,T,G,BRCA2,68.94
SMP_8977,chr2,6152862,T,G,TP53,99.6
SMP_9857,chr12,152110094,C,G,BRCA2,33.88
SMP_2891,chr7,96729385,T,C,VEGFA,93.48
SMP_2438,chr13,119881705,T,G,VEGFA,49.07
SMP_4784,chr1,230822821,A,C,BRCA2,69.76
SMP_6853,chr11,103774451,A,C,TNF,98.1
SMP_1443,chr14,211333433,C,A,BRCA1,94.23
SMP_2527,chr7,193614933,T,C,BRCA1,99.37
SMP_2427,chr13,133311809,T,C,APOE,21.47
SMP_7203,chr12,35553691,A,T,MYC,65.49
SMP_2102,chr20,117511257,T,C,TP53,25.23
SMP_1551,chr18,45998480,A,G,TP53,47.25
SMP_5386,chr16,33069432,A,G,IL6,67.86
SMP_2958,chr12,240524356,T,C,TP53,41.69
SMP_1482,chr8,64727779,C,G,VEGFA,23.58
SMP_1231,chr9,179332953,C,T,MYC,36.2
SMP_5508,chr7,275280,G,T,BRCA1,59.24
SMP_6352,chr21,185086020,C,T,MYC,76.76
SMP_8063,chr18,48872897,C,A,MTHFR,79.2
SMP_7684,chr16,157377942,G,T,VEGFA,34.14
SMP_3317,chr13,192358080,C,G,MTHFR,81.39
SMP_6638,chr12,183260622,A,T,VEGFA,96.36
SMP_5277,chr17,118441455,T,C,BRCA1,34.83
SMP_5732,chr13,170717183,G,C,EGFR,85.5
SMP_6476,chr21,49800796,T,G,MTHFR,47.4
SMP_3633,chr1,134723726,G,T,BRCA1,57.25
SMP_8847,chr2,189006328,G,C,MYC,97.79
SMP_3770,chr21,20524292,T,G,BRCA1,69.0
SMP_6595,chr14,153272951,G,A,MYC,58.4
SMP_8392,chr14,117339408,T,G,MTHFR,50.18
SMP_6874,chr2,19162408,G,C,BRCA1,71.4
SMP_6961,chr19,51401093,A,T,APOE,57.45
SMP_7741,chr9,39193118,G,A,BRCA1,33.04
SMP_6353,chr8,168759210,T,A,EGFR,67.79
SMP_3761,chr17,173683331,G,C,APOE,77.54
SMP_7015,chr16,161428102,A,G,TNF,40.56
SMP_8134,chr9,199937,G,C,MYC,87.01
SMP_9750,chrX,115857468,A,C,TNF,63.1
SMP_1373,chr21,99203471,A,T,TNF,87.52
SMP_2372,chr3,186086971,A,T,IL6,97.87
SMP_5197,chr17,83582250,G,C,APOE,69.34
SMP_9591,chr6,82108363,G,A,MYC,41.78
SMP_6222,chrY,156146684,G,T,TP53,53.16
SMP_7448,chr7,27674870,C,T,BRCA2,64.45
SMP_5233,chr20,153881681,T,G,EGFR,50.77
SMP_4404,chr18,38958444,T,G,TP53,80.25
SMP_8467,chr9,170254862,C,T,IL6,67.92
SMP_6972,chr8,79543184,T,G,TP53,47.07
SMP_5034,chr6,194587487,G,C,APOE,35.53
SMP_6238,chr5,175690751,T,C,EGFR,47.77
SMP_7454,chr13,11097523,C,T,TNF,81.96
SMP_2642,chr17,222152856,A,T,EGFR,35.9
SMP_2409,chr21,41197092,T,C,BRCA2,29.18
SMP_9520,chr19,120303612,A,G,TNF,87.75
SMP_6610,chr6,36356308,A,C,BRCA2,50.2
SMP_4686,chr15,158032575,T,A,TP53,70.97
SMP_4517,chr21,182259294,A,C,TP53,52.25
SMP_3485,chr12,15790216,C,A,EGFR,96.02
SMP_3817,chrX,158166271,C,G,TNF,76.35
SMP_8221,chr10,170934689,G,A,TNF,33.42
SMP_9074,chr16,36217532,A,G,MYC,68.48
SMP_1080,chr6,126487991,T,A,APOE,73.14
SMP_6762,chr15,222356759,G,A,MTHFR,38.14
SMP_5023,chr15,235930661,A,C,TNF,57.92
SMP_6151,chr17,79490515,T,G,VEGFA,83.75
SMP_8074,chr13,41813644,A,G,IL6,34.59
SMP_9596,chr7,135677585,G,T,APOE,52.89
SMP_5328,chr18,194460954,G,T,MTHFR,95.34
SMP_2723,chr11,98393965,T,A,VEGFA,52.35
SMP_1105,chr3,91301934,C,G,MYC,49.9
SMP_1442,chr6,80310989,A,T,TP53,54.62
SMP_8870,chr12,178092276,G,A,VEGFA,55.74
SMP_7732,chrY,166957648,T,G,MYC,97.26
SMP_5580,chr12,60995317,T,G,VEGFA,67.09
SMP_8555,chr5,133987567,C,T,BRCA1,38.77
SMP_1304,chr14,44562064,T,C,BRCA2,72.65
SMP_4430,chr6,141957144,C,A,MYC,97.21
SMP_1597,chr14,60679976,T,C,MYC,64.96
SMP_5534,chr17,161860802,A,G,APOE,36.17
SMP_5266,chr6,151922605,A,G,IL6,47.53
SMP_2949,chr17,248279941,T,C,EGFR,45.96
SMP_3610,chr14,45964869,T,A,BRCA1,26.42
SMP_9572,chr19,161226795,C,T,TNF,73.61
SMP_3850,chr7,201758434,G,C,MTHFR,51.5
SMP_1013,chr17,128587541,G,T,APOE,28.87
SMP_4722,chr16,202451690,G,T,BRCA2,71.73
SMP_3740,chr7,18917559,C,G,MYC,22.04
SMP_3228,chr3,158192102,C,T,TP53,26.12
SMP_5383,chr8,1014413,G,T,TNF,46.41
SMP_2796,chr21,108783732,C,G,TNF,67.7
SMP_6760,chr9,207767620,A,C,BRCA2,21.07
SMP_3166,chr4,244197224,G,C,EGFR,49.57
SMP_3923,chr16,246814502,G,T,BRCA1,64.91
SMP_5892,chr10,127022737,G,A,IL6,32.17
SMP_3601,chr20,22384030,A,C,BRCA2,46.2
SMP_5931,chr16,126382250,A,G,TP53,89.29
SMP_9026,chr20,147456470,T,G,BRCA2,97.16
SMP_3620,chr7,41407280,G,A,MYC,74.38
SMP_7397,chr5,5400758,C,T,APOE,24.82
SMP_2273,chr10,219612938,A,G,BRCA1,97.16
SMP_5056,chr17,245027116,C,A,VEGFA,99.12
SMP_2991,chrX,28369658,G,A,EGFR,91.17
SMP_3951,chr19,118352704,G,T,MTHFR,89.85
SMP_6365,chr14,121437131,G,A,TP53,89.45
SMP_9597,chr9,131918229,G,A,MYC,77.73
SMP_3207,chrX,226896369,C,T,MTHFR,53.59
SMP_6873,chr10,205364078,T,C,IL6,91.21
SMP_3049,chr21,64717863,C,A,EGFR,79.43
SMP_9542,chr6,223725399,G,C,APOE,70.73
SMP_8936,chr14,148698474,A,T,MTHFR,95.62
SMP_6930,chr14,34060694,C,A,VEGFA,46.79
SMP_8643,chr16,139445430,T,A,TNF,55.24
SMP_6728,chr20,4654128,T,A,TP53,59.56
SMP_9607,chr16,183601645,G,T,IL6,68.18
SMP_6598,chr7,238375406,T,C,APOE,34.17
SMP_6607,chr18,201964417,T,G,EGFR,32.82
SMP_4207,chr1,127632980,C,G,TP53,51.64
SMP_8367,chr1,72850647,G,T,TNF,95.9
SMP_2991,chrY,194199109,A,T,APOE,62.09
SMP_3188,chr4,47203502,T,G,MTHFR,31.88
SMP_7920,chr16,60806687,C,T,BRCA1,22.29
SMP_6687,chr3,230509606,C,T,MYC,30.62
SMP_6577,chrY,16213730,T,C,MYC,36.44
SMP_4564,chr1,182121047,C,A,EGFR,59.45
SMP_7101,chr18,6377875,T,A,TNF,95.27
SMP_6774,chr9,120597155,C,G,TP53,90.58
SMP_8436,chr22,183591271,C,T,TNF,22.63
SMP_4934,chr22,119370395,T,A,IL6,86.75
SMP_7743,chr3,12966719,T,A,VEGFA,95.12
SMP_5799,chr12,212806429,A,C,TNF,89.28
SMP_5149,chr15,106936543,G,C,VEGFA,23.68
SMP_3444,chr20,154411761,T,A,MYC,96.71
SMP_8283,chr21,172283335,G,C,IL6,27.61
SMP_3462,chr17,44329365,A,C,TNF,89.28
SMP_8749,chr12,96241263,A,T,APOE,84.2
SMP_6263,chr6,171517239,T,A,VEGFA,81.48
SMP_6844,chr1,111091473,G,A,VEGFA,40.78
SMP_2460,chr8,55993440,T,C,BRCA2,94.96
SMP_6597,chrY,40900717,C,T,EGFR,75.62
SMP_5250,chr7,101302711,T,G,EGFR,27.39
SMP_5377,chr19,93186556,G,T,TNF,28.92
SMP_9269,chr14,18539488,A,T,IL6,69.71
SMP_3255,chr3,127058498,G,T,IL6,95.28
SMP_9472,chr18,39378827,C,G,BRCA2,79.32
SMP_2225,chr1,248609209,A,G,MYC,49.39
SMP_7748,chr1,140046763,C,G,BRCA1,59.0
SMP_6654,chr13,198727796,G,T,TP53,26.3
SMP_5946,chr18,166145719,T,G,EGFR,68.4
SMP_6196,chr17,134131353,G,T,MYC,28.05
SMP_4767,chr8,23406932,A,G,TP53,91.91
SMP_4017,chr13,223619836,C,A,IL6,56.02
SMP_9455,chr12,156432218,T,G,IL6,97.77
SMP_1613,chr7,217472065,A,T,EGFR,41.8
SMP_9842,chr4,50846558,G,A,VEGFA,63.93
SMP_7520,chr4,174794956,G,C,TNF,52.9
SMP_4787,chr9,232391279,G,C,BRCA1,70.44
SMP_2050,chr1,174270750,T,A,MTHFR,65.71
SMP_2652,chr9,126126798,C,A,TNF,41.31
SMP_4751,chr20,150629694,C,A,IL6,75.59
SMP_7254,chr10,234124516,A,C,EGFR,60.31
SMP_5846,chr19,156704342,C,T,VEGFA,97.55
SMP_7735,chr22,187453580,C,T,EGFR,90.98
SMP_3865,chr16,185702736,A,G,MTHFR,98.43
SMP_9302,chr9,167095588,A,G,TNF,39.07
SMP_3032,chr12,208263838,A,T,MYC,38.43
SMP_2587,chrY,173689803,C,A,VEGFA,46.59
SMP_4717,chr11,66909285,A,C,VEGFA,41.43
SMP_4091,chr14,231872287,T,C,IL6,33.62
SMP_7699,chr15,34873581,C,G,APOE,22.05
SMP_6711,chr15,59125191,A,T,MYC,55.34
SMP_3729,chr2,13208129,T,A,EGFR,89.46
SMP_7788,chr1,53949372,A,C,VEGFA,24.24
SMP_9177,chr17,239449065,T,C,EGFR,72.45
SMP_2706,chr18,143076799,G,C,BRCA1,85.84
SMP_6179,chr19,83652365,G,C,EGFR,88.32
SMP_9728,chr16,212008568,T,C,TP53,39.32
SMP_3749,chr6,216823838,T,G,BRCA1,42.22
SMP_9304,chr22,93532369,T,C,MTHFR,66.52
SMP_7239,chr17,157207745,T,C,APOE,45.89
SMP_1802,chr11,186776411,G,A,MTHFR,24.73
SMP_3718,chr22,112507810,T,G,EGFR,28.9
SMP_2242,chr16,144676741,T,C,VEGFA,58.25
SMP_1059,chr7,51628562,A,T,APOE,74.57
SMP_3170,chr15,18540479,G,T,EGFR,83.97
SMP_9077,chr21,231235363,T,C,EGFR,26.66
SMP_4519,chr14,171020669,G,A,BRCA1,53.29
SMP_2603,chr11,103238017,T,A,TP53,75.74
SMP_5563,chr12,140687241,A,C,APOE,87.87
SMP_9237,chr3,166391887,A,C,MYC,94.3
SMP_4937,chr8,139009506,C,T,TNF,78.58
SMP_3971,chr12,144418328,C,G,EGFR,38.85
SMP_1232,chr5,29679050,C,G,VEGFA,30.66
SMP_4432,chr12,65823562,A,C,TP53,60.45
SMP_4648,chr13,37350729,T,G,MYC,27.32
SMP_8316,chr6,71120520,C,G,BRCA2,26.26
SMP_8727,chr15,202288078,C,T,TNF,88.24
SMP_6481,chr1,168141949,G,A,TNF,82.79
SMP_7558,chrX,59303255,A,G,APOE,30.11
SMP_6908,chr19,10404576,C,T,IL6,22.33
SMP_2035,chr19,238900565,A,G,MYC,95.19
SMP_1580,chr18,120741628,C,A,MTHFR,48.29
SMP_4073,chr21,127007504,G,T,APOE,22.11
SMP_1589,chr5,225343777,G,T,MYC,41.46
SMP_8241,chr1,243032165,A,G,BRCA1,90.67
SMP_9590,chr10,104551017,G,A,MTHFR,55.52
SMP_5221,chr14,187168485,A,T,EGFR,35.91
SMP_7856,chr7,102845520,C,T,IL6,24.9
SMP_8435,chr5,204299283,G,T,APOE,25.64
SMP_3955,chr9,35314037,A,T,TP53,93.42
SMP_9188,chr18,14590620,C,G,EGFR,52.1
SMP_7018,chr4,167185994,G,C,TP53,71.35
SMP_8246,chr2,11977823,A,T,EGFR,81.76
SMP_7852,chr11,10651994,T,C,MYC,95.99
SMP_5220,chr19,226095697,G,A,VEGFA,95.25
SMP_6716,chr15,94301368,T,G,MYC,82.89
SMP_1210,chr22,179688796,G,T,APOE,75.38
SMP_9343,chr20,1218377,G,A,BRCA1,68.02
SMP_1623,chr22,164259927,G,T,BRCA2,54.12
SMP_9578,chr1,158051391,A,G,MYC,52.51
SMP_7006,chr13,34973746,C,G,VEGFA,61.81
SMP_4097,chr8,76138749,A,T,IL6,66.82
SMP_4210,chr7,16332169,G,T,TNF,23.88
SMP_3272,chr3,87301221,A,C,MTHFR,91.74
SMP_4510,chr5,226355447,T,G,IL6,71.14
SMP_7316,chrY,186121116,T,G,TNF,29.44
SMP_4612,chr19,137282897,G,A,EGFR,75.04
SMP_4536,chr3,92807531,A,C,BRCA2,24.93
SMP_1446,chr11,57770483,T,A,IL6,34.01
SMP_3535,chr18,77510804,G,A,APOE,70.11
SMP_4430,chr15,191012953,G,A,MYC,23.62
SMP_8949,chr4,246525295,G,A,BRCA2,98.29
SMP_4999,chr22,78690090,C,T,BRCA1,90.92
SMP_8173,chr22,16771216,G,C,BRCA1,77.91
SMP_4873,chr9,67007635,A,T,TNF,88.41
SMP_7146,chr6,223200612,A,G,TP53,29.4
SMP_9203,chrY,2638694,T,G,BRCA1,56.26
SMP_5991,chr6,234381083,T,A,IL6,27.4
SMP_4383,chr15,124452605,A,T,APOE,39.04
SMP_9522,chr16,231043674,G,A,IL6,93.11
SMP_7629,chr8,18714728,G,T,TP53,21.7
SMP_3792,chr10,61690821,A,T,EGFR,89.66
SMP_7061,chr14,119755366,G,A,MYC,50.5
SMP_2275,chr2,237719220,T,C,IL6,47.84
SMP_6984,chr12,178067708,T,A,TP53,51.75
SMP_2123,chr7,197897711,G,A,BRCA1,36.12
SMP_6623,chr9,123334229,T,G,VEGFA,98.12
SMP_9125,chr18,123534694,A,C,APOE,79.24
SMP_7321,chr17,49114519,T,G,VEGFA,35.66
SMP_1582,chr13,36375565,A,G,VEGFA,49.74
SMP_7295,chr11,92096320,C,A,APOE,86.96
SMP_4445,chr10,189247353,C,A,BRCA1,92.88
SMP_7420,chr16,244064057,T,C,APOE,58.85
SMP_3216,chr14,7418093,T,C,IL6,93.7
SMP_6150,chr2,205925094,A,T,TNF,25.19
SMP_7832,chr1,217451036,T,A,APOE,87.09
SMP_3171,chr18,208936900,A,G,TP53,54.64
SMP_7638,chr17,100141494,G,T,MTHFR,99.83
SMP_4819,chr17,55412878,T,C,MTHFR,86.04
SMP_8901,chr13,211481862,T,A,EGFR,59.53
SMP_3000,chr12,191821475,C,A,TNF,82.29
SMP_2287,chr8,74494391,A,C,EGFR,24.92
SMP_9081,chr5,22429697,A,G,BRCA1,33.29
SMP_3424,chr10,176649132,C,T,IL6,34.23
SMP_1200,chr9,10228883,A,T,MTHFR,49.85
SMP_9808,chr16,188791556,T,A,BRCA2,65.4
SMP_3483,chr18,3388605,A,T,IL6,99.08
SMP_5559,chr7,43404297,C,G,BRCA2,62.58
SMP_5398,chr15,96329184,C,G,IL6,56.54
SMP_8558,chr14,62731746,G,T,MYC,62.82
SMP_3855,chr1,227079738,C,T,VEGFA,32.34
SMP_4059,chr6,75355932,A,T,VEGFA,34.12
SMP_4961,chr10,187202742,T,G,BRCA1,92.36
SMP_4510,chr4,34882522,A,T,BRCA1,65.45
SMP_8938,chr7,239766028,T,A,BRCA1,30.24
SMP_6217,chr3,75599413,T,C,EGFR,25.39
SMP_2928,chr11,37471373,T,C,BRCA1,24.04
SMP_6100,chr7,127420587,T,A,MYC,57.19
SMP_4527,chrX,219356230,T,A,BRCA1,47.09
SMP_1762,chr16,153364796,A,C,BRCA1,37.68
SMP_2030,chr10,10773118,A,C,TNF,28.58
SMP_2219,chr5,174513657,G,T,BRCA1,29.71
SMP_4583,chr22,181903395,T,C,MTHFR,60.73
SMP_2842,chr6,216880454,C,G,MTHFR,43.33
SMP_7272,chr6,183149193,C,T,VEGFA,96.91
SMP_2828,chr15,139629287,A,G,APOE,24.07
SMP_7654,chr18,98790308,A,T,VEGFA,42.73
SMP_7328,chr11,87636486,C,A,TP53,70.57
SMP_7904,chr15,85820308,T,C,MYC,35.01
SMP_5414,chr5,152942910,T,G,BRCA1,60.72
SMP_9075,chr7,27925055,G,C,MYC,39.39
SMP_2959,chr12,25278303,A,G,BRCA1,29.47
SMP_4007,chr7,89445043,T,G,IL6,84.58
SMP_1069,chr21,70193512,C,T,MTHFR,24.06
SMP_7448,chr3,71531255,A,T,TNF,33.6
SMP_4550,chr1,32089092,A,C,MYC,74.21
SMP_5653,chr14,123840918,T,A,BRCA2,65.71
SMP_9704,chr17,233564647,C,T,EGFR,87.88
SMP_2526,chr17,67559450,C,T,TNF,67.93
SMP_7285,chr1,45828504,A,T,IL6,50.81
SMP_6890,chr4,45902959,C,G,MYC,24.99
SMP_4431,chr11,214622914,G,A,MYC,32.01
SMP_3294,chr16,192741314,A,G,MTHFR,87.59
SMP_9035,chr12,39181085,G,C,TNF,21.81
SMP_6869,chr2,1920979,A,C,EGFR,49.4
SMP_6419,chr21,192406846,A,T,IL6,71.4
SMP_5439,chr12,144316413,A,G,VEGFA,66.92
SMP_6854,chr7,227517109,A,T,MTHFR,38.0
SMP_2993,chr19,249385110,A,C,VEGFA,72.81
SMP_3983,chr6,125302101,C,A,MYC,29.41
SMP_6892,chr4,218905234,A,T,MYC,68.59
SMP_9180,chr11,205870381,G,C,BRCA2,29.61
SMP_5306,chr9,213464632,G,T,APOE,33.26
SMP_6801,chr6,168891349,G,C,MTHFR,35.67
SMP_2323,chr1,160515931,T,A,APOE,61.16
SMP_3640,chr1,235516663,A,T,EGFR,91.52
SMP_8421,chr20,5869736,T,C,TP53,27.11
SMP_7084,chr1,13463400,A,T,VEGFA,44.11
SMP_2468,chr3,178456725,T,A,MTHFR,45.75
SMP_7412,chr12,98180731,A,G,BRCA2,73.24
SMP_7359,chr22,49862664,A,C,EGFR,38.16
SMP_9215,chr13,163679301,C,T,BRCA2,30.88
SMP_4335,chr15,48366506,G,T,MYC,91.34
SMP_5306,chr18,198998890,G,A,VEGFA,53.68
SMP_9385,chr21,240263336,T,A,MTHFR,88.68
SMP_3995,chr9,169687481,A,C,EGFR,24.77
SMP_8928,chr1,5966597,G,A,MTHFR,64.83
SMP_9067,chr21,207519717,T,G,IL6,54.2
SMP_3153,chr5,201612992,A,T,EGFR,26.96
SMP_1444,chr22,47796297,A,C,APOE,86.37
SMP_8722,chr8,72231904,C,A,EGFR,98.01
SMP_7579,chr19,235743341,T,A,IL6,25.9
SMP_9238,chr1,119120849,G,C,EGFR,85.18
SMP_6883,chr17,68596832,A,G,TNF,62.99
SMP_5933,chr2,174413592,T,A,MTHFR,75.47
SMP_4594,chr5,45857583,A,T,BRCA1,23.19
SMP_5132,chrX,160687021,T,G,BRCA1,92.83
SMP_5415,chr3,113123915,T,C,EGFR,33.44
SMP_1530,chr14,212000678,C,G,TP53,99.43
SMP_2062,chr22,200961839,G,C,TP53,96.88
SMP_2562,chr13,59194268,T,C,MYC,94.05
SMP_9246,chr18,206444844,G,T,TNF,38.11
SMP_4916,chr17,226142984,G,A,TNF,88.45
SMP_8774,chr8,62948733,C,G,TP53,60.47
SMP_2142,chr12,203317513,A,T,TNF,24.05
SMP_6003,chr1,50873936,G,T,VEGFA,42.63
SMP_8109,chr10,175043032,T,A,TNF,36.54
SMP_7600,chr22,21005193,A,C,BRCA2,51.06
SMP_3418,chr5,197204229,T,A,MYC,90.72
SMP_9077,chr21,81778898,G,A,BRCA1,51.63
SMP_7488,chr16,151878716,C,G,BRCA1,25.84
SMP_9243,chr20,63802599,C,G,MYC,83.74
SMP_4313,chr17,148486267,T,A,BRCA1,75.18
SMP_8923,chr1,155756702,C,T,BRCA2,56.87
SMP_8577,chr1,21728755,G,T,BRCA2,73.44
SMP_4811,chr14,100047796,T,A,BRCA2,88.22
SMP_7856,chrX,47973483,C,G,MYC,24.44
SMP_5331,chr2,139908171,A,G,MTHFR,41.18
SMP_2122,chr15,25109094,A,C,EGFR,65.2
SMP_2384,chr12,205656854,A,G,TNF,25.3
SMP_2971,chr7,197375397,T,G,MYC,80.32
SMP_6634,chr6,74443931,G,A,BRCA1,67.71
SMP_5049,chr9,48756865,G,T,TP53,99.82
SMP_1592,chr22,20498178,T,A,TNF,99.38
SMP_7775,chr2,147510446,T,G,BRCA1,82.68
SMP_2941,chr12,234354451,A,G,BRCA1,73.76
SMP_5870,chr16,110035489,G,C,EGFR,38.97
SMP_8638,chr1,23717372,G,T,VEGFA,86.89
SMP_7197,chr19,177711021,A,G,TNF,28.53
SMP_9463,chr10,22730734,T,A,IL6,42.25
SMP_2548,chrY,193185976,C,G,BRCA2,86.87
