sample_id,chromosome,position,ref_allele,alt_allele,gene,quality
SMP_4276,chr6,182486965,C,A,MYC,23.53
SMP_1810,chr14,152086299,G,C,APOE,55.35
SMP_8878,chr12,137872095,T,G,VEGFA,79.93
SMP_1654,chr13,116084679,A,C,EGFR,97.73
SMP_8824,chr9,210477357,G,C,BRCA2,67.34
SMP_9796,chr4,186694821,G,A,MYC,56.99
SMP_4254,chr21,112829902,G,C,EGFR,50.02
SMP_4146,chr19,219059216,C,T,EGFR,92.01
SMP_6154,chr18,93663219,A,T,TNF,34.73
SMP_7090,chr18,168893727,G,C,APOE,69.22
SMP_3941,chr4,152431404,C,T,TP53,74.95
SMP_7208,chr14,98563941,C,T,EGFR,70.37
SMP_8248,chr18,136493147,C,T,MYC,59.17
SMP_4253,chr11,152852705,A,T,VEGFA,84.04
SMP_4791,chr10,112095801,A,C,BRCA2,80.83
SMP_2839,chr14,150678888,T,C,BRCA2,87.75
SMP_7870,chr14,122438195,A,T,BRCA1,29.69
SMP_3849,chr6,154843123,C,A,IL6,25.39
SMP_1545,chr13,94471406,C,T,BRCA2,35.1
SMP_2213,chr13,171465390,T,G,BRCA2,68.6
SMP_7999,chr2,73445020,T,A,TP53,25.85
SMP_1870,chr19,238502082,C,A,MTHFR,22.01
SMP_4804,chr4,6111774,A,G,EGFR,41.72
SMP_2795,chr10,154890211,G,T,IL6,68.7
SMP_9096,chr21,26427678,A,T,BRCA2,87.0
SMP_2486,chr18,132071001,G,A,VEGFA,70.76
SMP_6260,chr12,34619524,C,T,MTHFR,99.66
SMP_7949,chr18,60258164,G,A,TNF,83.23
SMP_5078,chr10,43292074,C,T,TNF,66.77
SMP_6763,chr1,67154131,T,A,IL6,70.13
SMP_4637,chr7,124092777,A,G,EGFR,52.55
SMP_8250,chr2,215472838,T,A,VEGFA,78.67
SMP_8728,chr5,198364028,A,G,BRCA1,80.54
SMP_7091,chr15,51367819,C,A,BRCA2,71.89
SMP_8032,chr21,214559422,T,C,TNF,81.09
SMP_3037,chr16,100210507,C,G,TP53,89.07
SMP_5165,chr10,27059194,A,G,BRCA1,68.66
SMP_8299,chr10,38579577,G,T,IL6,31.39
SMP_2441,chr4,12370087,A,G,TNF,59.61
SMP_5083,chr19,135753193,A,C,MYC,31.36
SMP_8377,chr17,120112272,T,A,MTHFR,45.94
SMP_2266,chr5,248448718,G,A,IL6,66.82
SMP_7918,chr5,173562368,G,C,TP53,93.26
SMP_1565,chr22,177258483,T,G,EGFR,49.46
SMP_9445,chr7,224267620,C,A,BRCA1,97.81
SMP_3972,chr18,4427256,A,T,TNF,25.48
SMP_3033,chr17,60560125,T,G,BRCA2,34.79
SMP_6709,chr16,227840868,C,T,TNF,52.77
SMP_6906,chr20,60480071,G,T,BRCA1,63.49
SMP_5884,chr6,71512840,C,A,BRCA2,68.28
SMP_5991,chr15,228345462,C,T,IL6,56.38
SMP_7686,chr21,233191538,G,C,MYC,30.73
SMP_4621,chr6,55685688,A,G,BRCA1,58.74
SMP_3510,chrX,61937096,C,A,MYC,24.67
SMP_9897,chr14,40426592,G,T,BRCA1,48.66
SMP_1628,chrX,87069433,T,A,EGFR,90.82
SMP_8413,chr3,100819350,T,A,BRCA2,61.68
SMP_1602,chr20,51979149,T,G,VEGFA,22.68
SMP_5782,chr20,70200874,G,A,TP53,49.8
SMP_1690,chr20,71506021,T,C,APOE,64.36
SMP_1941,chr21,12698280,A,C,VEGFA,84.36
SMP_6991,chr22,114623924,G,A,BRCA1,81.12
SMP_6872,chr16,129064259,A,G,MYC,77.23
SMP_2732,chrX,77795329,G,T,MTHFR,51.86
SMP_9632,chr14,39106057,T,A,APOE,51.88
SMP_6129,chr16,199125926,A,G,TNF,28.82
SMP_9600,chr3,102560191,T,G,EGFR,58.7
SMP_1631,chr13,149364966,A,C,TP53,22.83
SMP_3797,chr3,107178212,A,T,TNF,60.69
SMP_6566,chr16,211227908,C,G,BRCA1,81.33
SMP_6918,chr5,169390118,A,T,BRCA1,32.98
SMP_9878,chr7,66621536,C,G,TNF,32.64
SMP_9661,chr20,215371194,A,C,MYC,87.35
SMP_5136,chr16,84497298,A,G,TP53,83.24
SMP_9840,chr1,43126620,C,A,BRCA2,89.2
SMP_5097,chr22,245074550,A,C,EGFR,70.26
SMP_2800,chr8,39174481,T,C,TNF,61.0
SMP_5519,chr5,63939296,T,A,MYC,61.05
SMP_7868,chr11,30584409,C,G,BRCA2,88.09
SMP_8533,chr19,128675271,T,C,TP53,46.77
SMP_9878,chr11,21913054,C,T,IL6,96.6
SMP_1698,chr7,50387403,C,A,MTHFR,45.38
SMP_9878,chrX,46047585,G,C,MYC,38.24
SMP_8296,chr7,220341772,C,G,TNF,54.78
SMP_1785,chr6,192312419,G,C,EGFR,24.77
SMP_7625,chr12,164780670,A,T,EGFR,68.16
SMP_5494,chr2,109061951,T,C,BRCA2,70.85
SMP_7190,chr12,113905037,C,A,MYC,94.77
SMP_7183,chrX,216972180,G,C,BRCA2,71.64
SMP_8989,chr14,225966541,T,C,BRCA1,63.78
SMP_7984,chr5,154001329,A,G,APOE,84.24
SMP_1120,chr1,74350333,A,T,TP53,21.92
SMP_8382,chr22,241706623,A,C,MYC,54.9
SMP_6035,chr4,14410580,T,C,MYC,53.77
SMP_2726,chr8,81096257,G,C,VEGFA,26.64
SMP_3857,chr12,70454837,G,T,MYC,32.68
SMP_9162,chr17,69200350,C,T,BRCA1,64.8
SMP_2230,chr1,162274487,T,C,MTHFR,57.39
SMP_1311,chr2,52580154,G,T,TNF,43.63
SMP_6763,chr18,241205321,C,T,BRCA1,72.29
SMP_7376,chr16,1143970,C,A,IL6,41.07
SMP_4248,chr12,91887063,T,C,BRCA2,71.08
SMP_2574,chr5,202450485,T,A,BRCA1,73.08
SMP_8790,chr17,967033,T,C,BRCA1,84.33
SMP_2998,chr20,131719214,C,G,EGFR,32.33
SMP_2856,chr10,88974075,G,T,IL6,54.76
SMP_8467,chr9,180906873,C,G,TP53,33.71
SMP_6870,chr1,183208159,T,C,VEGFA,35.54
SMP_1039,chr14,89339878,T,G,VEGFA,63.94
SMP_2289,chr8,234630165,A,G,EGFR,23.46
SMP_5460,chr5,155757483,T,A,IL6,78.61
SMP_2312,chr3,148578735,G,A,BRCA2,69.01
SMP_9159,chr18,89447828,T,G,BRCA2,34.04
SMP_9251,chr15,45150951,G,A,BRCA1,95.62
SMP_5884,chr2,132105243,A,G,EGFR,77.46
SMP_3486,chr2,130152972,G,A,EGFR,90.89
SMP_9168,chr21,209965257,A,G,TP53,51.62
SMP_8651,chr5,63001267,T,G,BRCA2,53.96
SMP_1264,chr22,87049146,T,C,TNF,71.21
SMP_6322,chr9,155659697,C,G,MYC,33.55
SMP_5774,chr6,136273176,G,A,APOE,85.93
SMP_3407,chr4,75832121,G,C,TNF,69.2
SMP_3732,chr20,118140451,C,G,MTHFR,35.65
SMP_4042,chr8,175226529,A,G,MYC,75.19
SMP_9737,chr1,61979128,G,T,EGFR,92.05
SMP_6196,chr20,143202039,C,A,TNF,70.53
SMP_5092,chr15,53716203,A,T,TNF,55.24
SMP_1316,chr1,39742982,G,C,TP53,31.33
SMP_4668,chr21,223509252,G,A,VEGFA,76.17
SMP_8206,chr19,29265048,G,C,TP53,98.98
SMP_5636,chr4,60043597,C,G,EGFR,97.38
SMP_9693,chr19,234814036,A,C,TNF,51.73
SMP_8888,chr21,219775369,T,A,APOE,97.19
SMP_4939,chr9,156375891,C,G,MTHFR,79.02
SMP_4391,chr21,173950436,C,T,VEGFA,62.07
SMP_3095,chr18,98050486,G,C,MYC,29.58
SMP_9093,chrY,60378855,A,T,APOE,93.57
SMP_7598,chr18,176820087,T,A,BRCA2,29.67
SMP_7851,chr3,196310366,T,A,TNF,68.48
SMP_9139,chr14,96220967,C,G,BRCA1,39.87
SMP_7063,chr1,175020632,G,A,MTHFR,59.9
SMP_6573,chr16,242816030,T,C,BRCA1,60.49
SMP_2154,chr15,189064998,C,G,TP53,32.09
SMP_7274,chr11,165478557,A,G,EGFR,86.32
SMP_9260,chr2,233701432,G,A,VEGFA,24.98
SMP_7853,chr8,42652059,T,C,EGFR,54.26
SMP_2160,chr7,56624109,G,T,MYC,95.18
SMP_7445,chr5,79236941,G,C,TNF,37.88
SMP_5865,chr22,84702881,C,A,BRCA1,81.22
SMP_9248,chr14,182712737,T,G,EGFR,72.04
SMP_6135,chr22,222876253,T,A,TP53,24.62
SMP_5602,chr6,103231560,A,C,APOE,69.84
SMP_8468,chr14,27472714,T,G,IL6,84.4
SMP_2774,chr11,213426315,A,C,BRCA1,98.84
SMP_6183,chr14,65631114,G,C,APOE,20.95
SMP_5310,chr2,97444736,A,G,TP53,20.01
SMP_8296,chr20,4487516,T,A,BRCA2,45.05
SMP_7517,chr8,242728499,A,C,VEGFA,93.8
SMP_5885,chr7,231652424,C,G,BRCA2,87.54
SMP_5872,chr9,244114119,G,A,APOE,58.74
SMP_1138,chrY,74628266,A,T,TNF,27.94
SMP_9959,chr12,23639883,C,G,EGFR,80.86
SMP_9387,chr13,87382698,G,C,IL6,22.31
SMP_1579,chr19,8385916,G,T,BRCA1,32.99
SMP_3205,chr6,45466898,T,C,IL6,96.68
SMP_7772,chr10,116399696,C,T,MYC,22.37
SMP_5885,chr11,63147690,C,T,TNF,69.64
SMP_7834,chr11,204749263,T,C,BRCA1,90.54
SMP_4775,chr9,154502721,G,A,MTHFR,85.78
SMP_3352,chr15,34715593,A,G,BRCA1,25.1
SMP_6897,chr9,199313392,C,A,BRCA1,76.95
SMP_2180,chr2,91254403,C,A,MTHFR,38.01
SMP_4358,chr1,251329,T,C,MTHFR,39.18
SMP_5263,chr6,63206336,G,C,EGFR,30.61
SMP_8519,chr7,68481152,C,G,EGFR,37.55
SMP_3786,chr6,99133904,G,C,TNF,57.83
SMP_1635,chr17,184752527,A,T,EGFR,49.78
SMP_5991,chr3,157303177,C,A,MYC,44.74
SMP_2782,chr9,200486488,A,C,TP53,34.22
SMP_4618,chr9,21479832,G,C,BRCA1,51.63
SMP_5230,chr9,214305863,A,G,IL6,71.93
SMP_1193,chr14,31481743,G,C,TP53,27.28
SMP_2559,chr2,239778459,C,T,TP53,30.77
SMP_2832,chr8,142447260,G,T,MYC,59.79
SMP_9761,chr9,114604662,C,A,MTHFR,30.57
SMP_3130,chr20,9682216,T,C,VEGFA,97.65
SMP_4300,chr20,11041190,C,T,APOE,39.49
SMP_9058,chr11,10506063,G,C,BRCA2,71.0
SMP_7206,chr14,127962127,A,T,TP53,89.78
SMP_8464,chr15,227972858,A,T,BRCA1,34.25
SMP_3532,chr21,138627989,G,A,IL6,73.75
SMP_8853,chr19,94955479,A,G,BRCA2,88.23
SMP_1904,chr14,140106560,G,A,IL6,29.98
SMP_8970,chrY,111256493,C,T,APOE,77.02
SMP_4954,chr8,219635811,A,C,MTHFR,56.19
SMP_6359,chr18,108450685,A,G,TNF,53.57
SMP_7787,chr6,136196931,T,A,BRCA2,41.03
SMP_1739,chr3,203139078,T,C,BRCA1,49.12
SMP_3155,chr6,59281364,A,G,VEGFA,28.88
SMP_5446,chr9,161540139,A,C,IL6,38.87
SMP_4126,chr9,27059278,G,C,IL6,63.03
SMP_8506,chr16,174239669,T,G,MYC,42.65
SMP_8107,chr4,170475623,T,A,BRCA2,97.88
SMP_3786,chr10,172989691,G,C,APOE,74.83
SMP_3787,chr19,26845374,G,A,MYC,45.53
SMP_1538,chr9,61603355,T,G,BRCA1,98.12
SMP_4603,chr17,239005744,C,G,APOE,88.03
SMP_3980,chrY,192489155,G,C,MYC,71.67
SMP_1955,chrY,14905309,C,G,TP53,46.53
SMP_3422,chr14,161971595,T,G,BRCA1,79.69
SMP_3856,chr11,232916811,C,T,APOE,98.02
SMP_1796,chrY,20638568,A,C,MYC,56.15
SMP_5625,chr3,114546235,G,T,VEGFA,52.34
SMP_1654,chr12,86999018,T,A,MYC,86.89
SMP_1952,chr17,228852782,A,T,BRCA2,26.98
SMP_9345,chr13,247296902,C,T,MYC,62.44
SMP_9466,chr3,88064529,A,T,BRCA1,83.91
SMP_3260,chr1,155114170,T,A,TP53,20.42
SMP_4922,chr22,187505594,A,C,BRCA1,37.86
SMP_7616,chr12,51741569,T,A,APOE,72.98
SMP_9324,chr20,28504317,A,T,BRCA1,20.25
SMP_3921,chr15,188893737,G,C,IL6,78.15
SMP_4144,chr4,12476403,G,A,VEGFA,94.13
SMP_6634,chr1,248370255,G,A,BRCA1,44.9
SMP_9502,chr5,236474884,C,G,MYC,98.1
SMP_5228,chr14,96429978,A,T,BRCA2,27.08
SMP_2156,chr15,134993972,A,G,EGFR,68.17
SMP_9329,chr14,151270998,T,A,IL6,31.65
SMP_1934,chrY,199176435,C,A,TP53,58.61
SMP_7701,chr16,154120696,T,G,TNF,47.34
SMP_8679,chr3,212749443,T,G,BRCA2,76.74
SMP_4228,chr3,214744785,G,C,EGFR,65.02
SMP_5829,chr21,102435415,C,T,MTHFR,54.46
SMP_6319,chr18,9358306,G,A,BRCA2,96.51
SMP_1789,chr21,100828468,G,T,EGFR,94.76
SMP_5280,chr11,183363267,C,G,VEGFA,31.39
SMP_6353,chr13,246948989,C,T,APOE,57.08
SMP_8190,chr1,4008471,C,A,MTHFR,51.91
SMP_9117,chr10,87512318,G,T,MTHFR,67.48
SMP_1190,chr14,147996343,A,T,EGFR,97.1
SMP_4301,chr9,2194611,C,G,BRCA2,43.51
SMP_7695,chr17,141791485,A,C,TNF,39.42
SMP_1546,chr6,130586287,A,G,IL6,59.5
SMP_7759,chr9,20268906,C,G,MTHFR,32.73
SMP_1600,chr11,8693828,C,A,EGFR,68.24
SMP_1377,chr14,56229342,G,C,TP53,97.87
SMP_6482,chr4,211557453,T,C,APOE,34.74
SMP_6964,chr1,9720331,C,T,VEGFA,67.66
SMP_8299,chr19,22449550,A,G,MTHFR,30.13
SMP_1882,chr12,209074439,T,C,VEGFA,34.58
SMP_1672,chrY,142103014,G,T,IL6,54.92
SMP_5069,chr21,41041569,G,A,BRCA2,37.96
SMP_1307,chr4,84414706,T,G,VEGFA,74.28
SMP_7485,chr21,90537931,A,G,MYC,64.96
SMP_4773,chr2,118141438,A,T,EGFR,25.54
SMP_4925,chr20,120279846,A,C,TNF,60.38
SMP_5756,chr19,71598888,T,G,APOE,34.16
SMP_4936,chr7,63367388,G,A,BRCA1,91.68
SMP_1216,chr1,64527904,A,G,BRCA1,57.68
SMP_5747,chr6,9346441,T,C,MTHFR,62.5
SMP_9882,chr5,12390320,T,C,MYC,28.36
SMP_9039,chr22,241182642,A,T,MTHFR,92.93
SMP_4538,chr16,204387896,A,T,MTHFR,28.91
SMP_2208,chr11,159056226,T,C,EGFR,46.59
SMP_2151,chr6,188168979,C,T,MYC,53.4
SMP_7919,chrX,143718623,G,C,MYC,49.68
SMP_6052,chr8,490168,A,G,EGFR,74.07
SMP_4392,chr18,59695735,C,G,IL6,46.65
SMP_2093,chr19,249073687,A,G,IL6,58.13
SMP_9288,chr6,5382025,T,C,MYC,43.65
SMP_4212,chr3,44244218,C,G,MYC,56.14
SMP_3844,chr12,95200029,G,T,TP53,27.76
SMP_5966,chr4,161285425,T,A,MTHFR,44.73
SMP_5303,chr19,195145860,G,C,VEGFA,96.5
SMP_5402,chr13,49227508,C,G,MYC,34.65
SMP_6681,chr8,77871685,T,C,TNF,89.05
SMP_5320,chr13,203539113,A,G,EGFR,92.45
SMP_1899,chr9,116989743,A,G,TP53,30.72
SMP_8996,chr7,120493363,G,A,BRCA1,81.2
SMP_5796,chr6,40432242,C,A,TNF,69.16
SMP_2567,chr20,175547271,T,G,TP53,64.93
SMP_6480,chr9,59408841,C,A,TP53,98.1
SMP_7915,chr20,224213441,A,G,BRCA1,92.39
SMP_3909,chr13,221991408,G,C,BRCA2,67.77
SMP_3071,chr19,2592741,T,G,APOE,80.74
SMP_4907,chrY,195726797,A,T,IL6,62.22
SMP_8735,chr18,41195075,A,G,MTHFR,59.16
SMP_7997,chr2,177946075,T,G,TP53,70.44
SMP_4441,chr14,121754094,C,T,VEGFA,79.46
SMP_3853,chr11,81233974,A,T,VEGFA,64.54
SMP_1714,chr8,226606924,C,A,VEGFA,28.01
SMP_9323,chr19,147461588,C,G,BRCA1,75.36
SMP_4874,chr4,133409856,A,T,MYC,48.56
SMP_2491,chr2,35422677,A,G,VEGFA,65.84
SMP_1656,chr21,153068850,T,A,BRCA1,35.14
SMP_2340,chr4,7830669,C,T,TNF,83.59
SMP_4087,chr17,203174281,G,T,APOE,35.11
SMP_9973,chr6,175164650,C,T,MYC,72.77
SMP_8024,chr10,5127593,C,G,TNF,53.59
SMP_1575,chr8,166424867,G,A,VEGFA,90.67
SMP_1430,chr15,72661517,A,G,APOE,63.74
SMP_5515,chr8,72076253,G,C,TP53,73.64
SMP_8978,chr9,50791583,G,C,APOE,67.47
SMP_4124,chr2,8025849,G,C,BRCA2,50.34
SMP_2545,chr21,58804451,T,A,MTHFR,79.63
SMP_3434,chr12,67380919,G,T,BRCA1,37.9
SMP_8132,chr22,172092248,C,A,TNF,99.03
SMP_2151,chr22,112840361,A,C,BRCA1,66.36
SMP_7139,chr16,183792662,C,G,BRCA1,64.14
SMP_9356,chr6,42667027,T,C,EGFR,67.99
SMP_1246,chr2,49138665,C,G,APOE,95.49
SMP_9904,chr11,121239689,T,C,TNF,77.82
SMP_2397,chr22,57417140,C,T,IL6,73.5
SMP_4169,chr2,78937369,T,A,MTHFR,46.2
SMP_7962,chr18,192173952,A,T,IL6,84.08
SMP_8592,chr13,5649299,A,G,TP53,96.07
SMP_1274,chr11,78919724,T,G,BRCA1,59.03
SMP_9121,chr17,21208798,C,A,BRCA2,99.2
SMP_7106,chr3,29309545,A,G,TP53,37.45
SMP_6107,chr3,235079183,C,T,BRCA2,53.91
SMP_6243,chr4,223309659,G,C,APOE,22.59
SMP_4692,chr11,81528570,C,A,MYC,93.01
SMP_9771,chr1,42053378,A,G,VEGFA,20.87
SMP_1298,chr9,181546732,T,C,IL6,58.91
SMP_7623,chr13,198096023,T,C,APOE,24.25
SMP_8527,chr5,178239621,G,C,TNF,44.91
SMP_1107,chr9,173224454,A,G,APOE,22.32
SMP_1715,chr15,29032131,G,C,MYC,78.14
SMP_8125,chr15,179602571,C,G,EGFR,78.94
SMP_4261,chr20,442127,A,C,EGFR,27.71
SMP_5803,chr6,60115974,C,A,TP53,69.46
SMP_2267,chr7,12918512,A,G,VEGFA,92.87
SMP_2547,chr3,46419932,T,A,TP53,72.85
SMP_3338,chr11,208137530,A,C,TNF,89.83
SMP_1033,chr10,120254575,C,A,IL6,99.43
SMP_4379,chr17,184741279,G,A,BRCA1,99.02
SMP_4367,chr9,35245662,G,A,TNF,91.34
SMP_8518,chr1,71090761,G,A,EGFR,20.02
SMP_4237,chr6,25281804,T,G,BRCA1,51.5
SMP_2680,chr21,209219413,A,G,EGFR,24.17
SMP_1942,chr19,196895535,A,C,TP53,55.95
SMP_9092,chr5,198098610,C,A,APOE,36.68
SMP_1822,chr2,121508249,G,A,APOE,34.73
SMP_3461,chr7,132570651,G,T,BRCA2,94.52
SMP_3486,chr21,28182349,C,T,EGFR,41.56
SMP_2118,chr22,74020343,A,C,APOE,71.16
SMP_3822,chr17,174360952,A,T,TNF,82.26
SMP_8247,chrY,206630461,T,G,VEGFA,58.26
SMP_9419,chr8,79682365,G,T,TP53,47.26
SMP_4472,chr17,197166228,T,A,MYC,78.21
SMP_3101,chr11,68504406,C,A,VEGFA,25.78
SMP_2085,chr4,41145529,C,G,MTHFR,56.39
SMP_6322,chr10,129681939,C,T,APOE,65.21
SMP_6972,chr10,224509978,C,A,APOE,46.4
SMP_6098,chr10,197090576,C,T,BRCA1,39.64
SMP_4704,chr22,35531536,A,G,BRCA2,61.58
SMP_5267,chr5,37479838,T,C,BRCA2,64.33
SMP_6431,chr13,178623278,G,A,APOE,56.17
SMP_1902,chr8,223443024,A,G,APOE,75.17
SMP_6778,chr19,243578786,A,T,APOE,38.5
SMP_8199,chrY,73947111,A,C,EGFR,62.95
SMP_6296,chr6,181000774,A,T,TNF,95.12
SMP_6417,chr17,112664449,T,G,MTHFR,51.9
SMP_6374,chr21,4096143,G,T,MTHFR,94.43
SMP_7560,chr18,191991205,A,T,EGFR,22.69
SMP_6990,chr21,229221348,G,C,VEGFA,72.89
SMP_4434,chr1,200045792,G,A,APOE,88.75
SMP_3406,chr10,95266124,G,C,VEGFA,96.03
SMP_2724,chr1,2989253,G,A,EGFR,76.9
SMP_3256,chr1,248196201,T,C,EGFR,32.55
SMP_1077,chr2,11445060,G,T,APOE,26.92
SMP_8116,chr10,9308547,C,G,VEGFA,82.01
SMP_9949,chr15,107648524,G,C,TNF,44.44
SMP_7478,chr12,206750984,G,C,MYC,94.28
SMP_8328,chr18,219909296,T,A,TP53,58.45
SMP_8023,chr18,219932031,G,A,IL6,41.45
SMP_5016,chr5,61320067,A,C,MYC,32.31
SMP_4460,chr1,138287081,G,C,MYC,76.49
SMP_1890,chr13,213645491,T,C,VEGFA,58.63
SMP_6456,chr4,156995436,G,C,BRCA1,92.76
SMP_6241,chr7,83830370,T,C,TNF,96.05
SMP_5652,chr14,200312260,A,C,VEGFA,40.39
SMP_5223,chr2,146981505,C,G,IL6,30.36
SMP_2090,chr14,84049974,T,A,MTHFR,47.34
SMP_7237,chrY,143172000,G,C,EGFR,37.86
SMP_9516,chr14,124941882,G,C,BRCA1,54.58
SMP_9778,chr13,231022881,T,C,MTHFR,32.25
SMP_6052,chr1,237130311,T,C,MYC,85.29
SMP_9115,chr3,187359059,A,T,BRCA1,26.94
SMP_7421,chr5,89659951,T,G,MTHFR,86.88
SMP_1975,chr19,82276436,G,T,APOE,78.01
SMP_7378,chr20,177571057,A,T,IL6,69.4
SMP_5970,chr17,117856639,C,G,VEGFA,67.06
SMP_7593,chr22,167961661,C,A,MYC,24.87
SMP_8558,chr3,231877248,G,C,VEGFA,73.58
SMP_9672,chr19,231912220,C,T,BRCA2,24.66
SMP_7602,chr19,239569056,A,T,VEGFA,66.8
SMP_8833,chr20,184564859,T,G,BRCA2,44.26
SMP_5205,chr3,128165843,C,A,MYC,34.39
SMP_7726,chr8,196580399,T,A,MTHFR,87.48
SMP_1532,chr11,177994746,A,C,IL6,46.6
SMP_3107,chrX,115493040,T,G,VEGFA,47.15
SMP_2145,chr9,149638700,A,T,APOE,89.2
SMP_4871,chr3,85452572,C,A,APOE,93.6
SMP_5441,chr16,197741767,C,T,APOE,90.23
SMP_2744,chr19,66708887,C,G,VEGFA,23.54
SMP_9793,chr3,159601030,T,C,VEGFA,24.08
SMP_7455,chr20,73246885,A,G,TP53,57.3
SMP_7386,chr16,141989860,A,G,MYC,77.28
SMP_9157,chr1,74250756,T,G,BRCA1,77.26
SMP_1715,chr13,226223392,T,C,VEGFA,40.74
SMP_8256,chr10,197802172,A,G,BRCA1,51.17
SMP_4097,chr11,128712800,C,A,MYC,51.56
SMP_6035,chr15,221742670,T,C,BRCA2,22.66
SMP_6987,chr17,112160000,T,G,MTHFR,39.67
SMP_1876,chr11,133801013,T,A,IL6,55.59
SMP_7733,chr2,15504943,C,A,BRCA1,59.66
SMP_4965,chr12,169113662,A,G,VEGFA,39.6
SMP_1403,chr17,93177087,C,A,MYC,98.52
SMP_4543,chr6,14581813,A,C,BRCA2,29.78
SMP_6987,chr11,155475152,A,C,MYC,71.87
SMP_5674,chr12,185466971,G,A,TNF,86.3
SMP_2903,chrY,24694531,C,T,BRCA1,27.87
SMP_3567,chr17,82325385,T,C,IL6,83.02
SMP_8112,chr4,181286379,G,T,VEGFA,54.21
SMP_9416,chr22,143303044,G,A,APOE,64.11
SMP_8063,chr20,237015123,T,A,BRCA1,64.33
SMP_9941,chr13,135574623,A,T,MTHFR,94.12
SMP_3979,chr14,61547035,A,C,BRCA2,31.31
SMP_1843,chr11,29830999,G,C,IL6,71.23
SMP_5871,chr4,42118010,T,A,EGFR,75.06
SMP_4631,chr5,12634397,T,C,APOE,59.58
SMP_8497,chr7,113761439,T,C,IL6,90.64
SMP_9530,chr1,82089547,T,G,VEGFA,23.58
SMP_5759,chr21,65115526,G,C,TP53,73.17
SMP_2138,chr14,14326364,G,T,EGFR,73.54
SMP_3640,chr15,37538860,T,A,EGFR,73.64
SMP_6010,chr4,66479425,A,C,APOE,75.62
SMP_8817,chr11,184494178,C,T,APOE,85.84
SMP_1264,chr11,145077263,C,T,VEGFA,89.02
SMP_1297,chr13,189762755,A,T,BRCA1,94.45
SMP_1224,chr6,221497180,T,A,BRCA2,25.79
SMP_8359,chr8,195747076,T,G,MYC,45.49
SMP_9954,chr16,88478677,T,A,TNF,66.62
SMP_9330,chr19,183909432,A,C,MYC,54.18
SMP_3080,chr15,154357557,G,A,IL6,93.63
SMP_6780,chr20,125800320,T,C,EGFR,59.83
SMP_9508,chrX,183110483,T,G,TP53,80.88
SMP_2226,chr10,102582002,G,A,EGFR,38.68
SMP_1825,chr3,12728425,C,A,EGFR,39.6
SMP_3641,chr10,54317903,G,A,TP53,82.34
SMP_1182,chr11,68142130,A,C,BRCA1,57.53
SMP_9355,chr12,96779258,A,T,BRCA1,25.76
SMP_5665,chr17,181954700,G,C,APOE,52.2
SMP_6887,chr6,151009743,T,A,BRCA1,79.94
SMP_2038,chr11,38388046,T,A,TP53,31.85
SMP_3025,chrY,138762930,T,A,BRCA2,39.15
SMP_3178,chr3,187045634,G,A,MTHFR,84.8
SMP_2611,chr5,51434170,C,G,TP53,80.54
SMP_3070,chr18,179588783,A,T,TP53,99.24
SMP_4525,chr20,67078351,T,A,APOE,56.85
SMP_3909,chr11,116081267,A,T,APOE,74.09
SMP_1490,chr20,87998447,A,T,EGFR,65.62
SMP_4321,chr17,206771318,T,C,BRCA2,52.3
SMP_2174,chr20,87107263,C,T,BRCA2,87.15
SMP_7397,chr8,91456913,A,C,IL6,53.09
SMP_2237,chr2,100101708,A,G,BRCA1,24.13
SMP_3146,chr7,129861983,T,C,VEGFA,22.26
SMP_8276,chr12,55792842,A,C,MYC,84.73
SMP_5757,chr3,222723165,A,T,TP53,31.51
SMP_1376,chr20,207440994,T,C,BRCA2,33.91
SMP_2895,chr13,184425457,T,C,BRCA2,88.16
SMP_3395,chr4,39388489,G,C,VEGFA,53.27
SMP_4695,chr20,60695234,G,C,EGFR,62.69
SMP_3067,chr14,105926469,G,A,BRCA1,46.8
SMP_5211,chr22,222340569,A,T,MTHFR,77.55
SMP_9148,chr20,3854195,A,C,BRCA2,22.87
SMP_4259,chr13,223258183,A,T,BRCA1,52.1
SMP_2800,chr13,153255630,G,T,EGFR,34.56
SMP_5933,chr13,212466768,A,T,APOE,58.62
SMP_9869,chrX,117772675,C,G,VEGFA,30.84
SMP_9203,chr16,205922915,C,T,IL6,28.62
SMP_6660,chr19,241300511,C,G,TP53,62.04
SMP_1482,chr6,147338413,T,C,APOE,82.35
SMP_8743,chr8,104138111,C,G,APOE,59.1
SMP_7745,chr12,6006003,G,A,MYC,24.34
SMP_6430,chr17,99385950,C,G,MTHFR,93.5
SMP_4645,chr22,172637119,A,C,IL6,57.06
SMP_4815,chr11,241868507,G,T,TP53,64.88
SMP_8515,chr6,72000949,G,T,IL6,84.56
SMP_8624,chr8,180302301,A,G,APOE,71.86
SMP_8756,chr14,175624661,G,T,EGFR,88.52
SMP_4984,chr13,56863739,C,G,APOE,90.25
SMP_9872,chr18,184978488,C,T,APOE,23.82
SMP_6918,chr17,83854042,C,A,MYC,89.45
SMP_4228,chr12,188780398,C,G,VEGFA,69.26
SMP_5580,chr21,210984347,A,G,MYC,38.73
SMP_8480,chr7,27417867,T,C,MYC,89.42
SMP_5756,chr15,226440257,G,C,VEGFA,34.63
SMP_6877,chr9,32866879,C,A,EGFR,66.02
SMP_6208,chrX,194993020,A,C,TP53,92.95
SMP_3220,chr1,186828060,T,C,BRCA1,77.77
SMP_6338,chr7,57261007,G,T,TP53,79.09
SMP_1700,chr17,88086401,G,T,TNF,47.88
SMP_6711,chr12,101935652,T,C,MYC,99.17
SMP_1584,chr11,101065356,G,A,BRCA2,48.89
SMP_6366,chr13,228754318,G,C,VEGFA,38.24
SMP_5916,chr9,172115283,G,A,BRCA2,22.55
SMP_1090,chr19,158564125,A,G,EGFR,64.62
SMP_9240,chr7,224153978,C,T,MYC,79.5
SMP_4969,chr11,158452487,C,T,APOE,97.65
SMP_7769,chr20,183684303,G,T,MTHFR,76.95
SMP_3515,chr11,82593947,G,T,IL6,65.98
SMP_4897,chrY,160618331,A,T,TNF,36.81
SMP_3580,chr1,175470065,A,G,VEGFA,30.18
SMP_6973,chr2,28790397,C,G,BRCA1,23.99
SMP_9066,chr22,145822219,C,A,APOE,24.33
SMP_9402,chr21,73805300,C,A,IL6,85.9
SMP_6310,chr1,111105034,A,T,EGFR,85.87
SMP_7392,chr2,194559513,C,G,MTHFR,84.96
SMP_2295,chr1,217135749,C,T,EGFR,58.08
SMP_1473,chr13,174553223,G,T,EGFR,23.11
SMP_4997,chr16,37107532,A,T,TP53,57.79
SMP_8470,chr18,79611994,T,C,BRCA2,68.37
SMP_6892,chr9,216549293,T,G,VEGFA,88.85
SMP_2165,chr14,93383850,T,C,TP53,30.92
SMP_1618,chr7,249847960,A,G,MYC,33.19
SMP_1617,chr4,200137233,C,A,APOE,83.44
SMP_8865,chr6,75760646,G,A,MYC,54.99
SMP_5516,chr9,202213862,G,A,IL6,52.79
SMP_7152,chr7,81341056,T,A,TNF,44.32
SMP_8637,chr9,166253059,T,G,MYC,95.16
SMP_3521,chr12,28561061,G,A,MTHFR,61.2
SMP_3211,chr6,120797299,G,A,VEGFA,86.89
SMP_8180,chr14,100665529,G,C,IL6,69.55
SMP_8530,chr12,30657763,T,C,VEGFA,30.09
SMP_8260,chr22,215621186,G,C,MYC,59.0
SMP_9086,chrX,38767599,C,T,BRCA1,29.91
SMP_3201,chr8,180188382,G,T,TNF,40.22
SMP_7094,chr18,133535132,A,T,VEGFA,66.68
SMP_6399,chr7,121281034,C,T,IL6,20.48
SMP_6919,chr15,90416733,C,T,EGFR,62.61
SMP_3347,chr12,168496843,C,G,MTHFR,76.05
SMP_5873,chr4,102853967,G,A,MYC,51.99
SMP_4712,chr14,33312328,A,C,BRCA2,34.52
SMP_7865,chr17,171440141,G,A,TP53,61.29
SMP_5198,chr1,217485049,T,A,APOE,46.61
SMP_7537,chrY,134756654,A,T,APOE,67.45
SMP_5740,chr21,40252219,A,C,VEGFA,30.61
SMP_6265,chr17,13015480,C,T,IL6,50.46
SMP_4390,chr3,187347765,C,T,EGFR,60.63
SMP_6007,chr10,204029374,T,A,BRCA2,92.25
SMP_3306,chr22,129654901,G,C,BRCA1,54.71
SMP_8798,chr5,182645469,G,C,VEGFA,96.62
SMP_7889,chr20,156426512,G,C,TP53,86.14
SMP_9988,chr3,136325965,T,C,IL6,55.69
SMP_1735,chr22,246616047,C,G,MTHFR,33.1
SMP_3570,chr11,181740146,G,C,TP53,28.06
SMP_9572,chr16,186631841,G,A,TNF,83.08
SMP_4365,chr7,56169912,G,T,MTHFR,71.04
SMP_8190,chr12,193817327,A,T,TP53,20.49
SMP_2008,chr15,97418485,T,C,APOE,61.55
SMP_8525,chr8,185523798,C,T,APOE,65.31
SMP_6227,chr16,222636975,A,T,BRCA2,65.86
SMP_5398,chr20,237839015,C,G,BRCA1,89.82
SMP_8193,chr17,59873748,G,A,TNF,71.81
SMP_1202,chr3,55483785,T,G,VEGFA,57.28
SMP_4984,chr8,32256721,G,C,VEGFA,62.76
SMP_6817,chr20,109660446,C,T,EGFR,28.22
SMP_8945,chr12,171259696,T,C,BRCA1,72.64
SMP_3073,chr17,213976615,C,T,MYC,66.39
SMP_2390,chr7,21011232,G,T,EGFR,35.39
SMP_4164,chr7,125665546,A,G,BRCA1,31.9
SMP_9470,chr3,214133078,T,A,VEGFA,93.64
SMP_1265,chr20,8920050,C,A,MYC,56.67
SMP_1860,chr12,114482881,T,A,BRCA1,69.08
SMP_8509,chr11,179100175,C,T,VEGFA,25.07
SMP_2474,chr17,138648963,G,T,TP53,43.28
SMP_6181,chr9,97727501,C,T,EGFR,36.02
SMP_8764,chr3,122400375,T,G,BRCA2,82.77
SMP_3619,chr11,30934220,G,C,TNF,89.26
SMP_7494,chr10,238618681,G,T,IL6,31.29
SMP_1599,chr17,155149832,A,T,APOE,68.14
SMP_1704,chr22,245215705,C,T,BRCA1,83.32
SMP_7453,chr9,194596379,C,G,VEGFA,82.67
SMP_2142,chr8,40811533,G,C,MYC,99.22
SMP_7922,chr4,20882787,G,A,TP53,94.34
SMP_6427,chr14,42820144,T,C,MYC,53.64
SMP_2538,chr4,134849970,C,T,VEGFA,75.81
SMP_6363,chrY,232482776,A,C,MTHFR,59.63
SMP_7644,chr8,69088422,A,T,EGFR,25.56
SMP_9922,chr14,88967966,G,C,MTHFR,66.44
SMP_7908,chr11,45609337,A,G,MYC,41.31
SMP_6884,chrX,67043921,T,A,TNF,27.07
SMP_1778,chr17,220028947,C,A,BRCA2,39.42
SMP_1217,chr21,114879661,C,T,MYC,29.66
SMP_7521,chr15,37805445,T,A,MTHFR,72.94
SMP_3663,chr19,235254523,A,T,BRCA2,51.18
SMP_2148,chr10,190688077,T,C,VEGFA,56.98
SMP_5011,chr2,100497891,A,G,BRCA1,41.72
SMP_2045,chr8,231743235,G,A,MYC,59.38
SMP_2153,chr16,55318052,G,T,APOE,50.33
SMP_7218,chr14,161762845,A,G,IL6,76.34
SMP_2029,chr17,19453795,T,A,VEGFA,51.71
SMP_7862,chr17,156311068,C,T,BRCA2,96.19
SMP_4550,chr21,89520150,G,C,BRCA2,39.6
SMP_1776,chr14,216370166,A,G,IL6,84.62
SMP_6382,chr10,157046481,T,A,TNF,79.38
SMP_3296,chr16,21189666,G,T,APOE,83.91
SMP_2051,chr22,225570351,T,A,TNF,66.28
SMP_8743,chr20,92900100,C,A,VEGFA,38.2
SMP_9744,chr20,7761869,A,T,IL6,99.35
SMP_8842,chr14,3341819,T,A,TNF,49.0
SMP_7769,chr13,157071352,T,G,TP53,62.7
SMP_1122,chr22,11615565,T,C,EGFR,21.89
SMP_6009,chr14,77484681,A,G,BRCA1,20.31
SMP_4002,chr19,152442857,G,T,VEGFA,47.49
SMP_7369,chr14,23462113,C,T,MTHFR,80.05
SMP_9512,chr21,23636296,A,G,MTHFR,59.44
SMP_6730,chr3,89733477,G,C,EGFR,44.51
SMP_2436,chr7,236935764,G,T,APOE,58.75
SMP_7921,chr6,179667055,C,A,IL6,96.0
SMP_5321,chr2,94683157,A,T,TP53,28.02
SMP_8749,chrX,244244570,T,C,TP53,24.17
SMP_2542,chr11,244043620,C,G,VEGFA,93.74
SMP_3063,chr22,221888415,G,A,TP53,32.91
SMP_2366,chr15,110019879,T,A,TP53,78.04
SMP_9682,chr15,35017530,A,C,APOE,92.18
SMP_6485,chr8,123442094,G,A,BRCA1,97.25
SMP_1645,chr2,5147209,G,A,APOE,94.62
SMP_8469,chr14,125713454,T,A,VEGFA,70.27
SMP_3887,chr12,42229373,A,C,MTHFR,88.34
SMP_9915,chr3,174779795,C,T,MTHFR,37.02
SMP_2455,chr13,236800531,G,T,VEGFA,21.76
SMP_2479,chr6,33344966,T,G,BRCA1,95.13
SMP_9277,chr6,248211440,G,A,TP53,91.69
SMP_6668,chr13,123387302,C,G,VEGFA,96.67
SMP_3282,chr19,58551894,C,T,VEGFA,25.12
SMP_5757,chr14,51589395,G,T,EGFR,29.4
SMP_6367,chr5,5147706,G,A,TNF,95.23
SMP_6234,chr11,135792832,C,T,IL6,38.74
SMP_4851,chr22,44337684,T,C,BRCA2,99.64
SMP_3961,chr7,164132925,C,G,MTHFR,75.74
SMP_3733,chr6,136691250,A,T,IL6,97.09
SMP_7569,chr20,78084327,A,C,MTHFR,20.23
SMP_2932,chr9,195932762,G,T,VEGFA,75.39
SMP_8584,chr7,31522725,C,A,BRCA2,32.49
SMP_5384,chr13,166034687,C,T,BRCA1,93.29
SMP_7349,chr2,82756156,C,G,MTHFR,45.7
SMP_5557,chr13,46757632,T,A,MTHFR,50.23
SMP_2333,chr1,110485846,G,A,APOE,30.26
SMP_3582,chr19,151265351,T,A,EGFR,88.65
SMP_3717,chr11,103167439,T,G,MTHFR,37.97
SMP_9240,chr7,130264499,A,G,VEGFA,53.4
SMP_2986,chr5,94858779,C,T,MTHFR,34.69
SMP_2302,chr14,92608521,A,G,IL6,58.65
SMP_2127,chr21,136234500,C,T,MTHFR,72.32
SMP_6289,chr10,92240589,C,G,BRCA1,95.03
SMP_5515,chr2,204554277,G,C,MTHFR,67.89
SMP_3085,chr2,126279751,G,A,MTHFR,54.9
SMP_8479,chr20,213340673,T,G,APOE,56.5
SMP_5500,chr11,55923454,C,T,EGFR,55.2
SMP_1924,chr16,135391122,G,T,APOE,73.2
SMP_6647,chrY,137073978,A,T,EGFR,39.44
SMP_3843,chr9,201101380,A,T,TNF,83.55
SMP_5476,chr10,174328254,T,C,TNF,45.53
SMP_3459,chr18,5956925,G,A,MYC,85.16
SMP_1631,chr17,231909147,T,G,VEGFA,34.59
SMP_4526,chr9,210069570,A,G,TP53,32.62
SMP_5829,chr10,202435332,A,C,MYC,93.05
SMP_9048,chr14,139923735,C,T,APOE,66.43
SMP_6307,chr9,44319399,C,G,BRCA1,94.06
SMP_2298,chr17,61713448,C,T,TP53,42.2
SMP_7772,chr6,147489620,A,C,MTHFR,77.28
SMP_6933,chr7,236016945,C,A,VEGFA,75.91
SMP_7390,chr5,41869528,C,T,MTHFR,49.69
SMP_2178,chr10,243943849,T,G,APOE,87.7
SMP_8763,chr22,3267375,A,T,EGFR,45.03
SMP_3005,chr4,215694931,G,A,APOE,72.82
SMP_4595,chr4,3987829,C,T,BRCA2,62.07
SMP_3849,chr1,82785372,T,G,IL6,54.36
SMP_9798,chr11,247522003,G,A,MTHFR,55.4
SMP_9227,chr11,132519963,C,T,TP53,74.25
SMP_5527,chr15,7999069,T,G,IL6,41.87
SMP_5380,chr3,71525956,C,A,VEGFA,58.15
SMP_6218,chr22,29696920,C,G,TNF,44.43
SMP_9402,chrX,141036175,G,C,VEGFA,64.08
SMP_6255,chr5,99476541,T,A,TP53,67.43
SMP_3715,chr6,42768089,G,A,VEGFA,36.63
SMP_1618,chr22,173254909,G,C,MYC,64.47
SMP_1416,chr14,203175379,G,T,APOE,24.4
SMP_9816,chr21,69240930,T,G,BRCA1,59.79
SMP_4666,chr20,36485688,A,C,IL6,27.52
SMP_5445,chr11,137624353,T,C,TP53,39.38
SMP_2713,chr9,123874166,C,G,BRCA1,24.2
SMP_2390,chr21,168967020,C,T,IL6,36.46
SMP_6527,chrY,37596763,G,T,IL6,22.52
SMP_7419,chr13,115543370,G,T,IL6,91.4
SMP_9012,chr8,61607343,A,C,MTHFR,47.16
SMP_8525,chr11,62364977,A,C,IL6,77.07
SMP_1465,chr11,127800016,T,A,EGFR,46.16
SMP_1064,chr11,112760229,T,A,IL6,50.6
SMP_2345,chr22,175674571,T,C,VEGFA,87.26
SMP_2014,chr22,111942716,A,C,BRCA2,39.07
SMP_8753,chr2,230103081,C,A,VEGFA,96.36
SMP_4990,chr5,118823664,T,G,IL6,26.4
SMP_4560,chr8,115247649,C,G,TP53,44.22
SMP_8655,chr11,154133850,A,G,MTHFR,23.13
SMP_6886,chr1,152707485,T,C,TNF,38.39
SMP_6630,chr19,5994057,A,C,TP53,77.89
SMP_8487,chr8,32743070,G,A,TP53,70.08
SMP_4583,chr3,132023675,A,C,MYC,61.32
SMP_6075,chr5,51085654,C,T,BRCA2,85.83
SMP_5528,chr17,40524991,G,T,VEGFA,50.18
SMP_3491,chr13,71645877,A,T,BRCA2,82.73
SMP_8669,chr11,121228104,A,T,TP53,51.35
SMP_4266,chr12,188106515,G,T,BRCA1,78.8
SMP_3742,chr9,75544506,T,C,MTHFR,96.0
SMP_2066,chr17,157025803,A,G,BRCA1,23.59
SMP_5151,chr3,109623277,G,A,VEGFA,60.95
SMP_6146,chr2,14380719,G,A,BRCA2,26.27
SMP_1908,chr2,22434045,G,C,TNF,60.58
SMP_7950,chr3,203942470,A,T,IL6,63.37
SMP_5123,chr7,178756320,C,T,BRCA1,98.68
SMP_5983,chr7,10345545,T,C,IL6,75.26
SMP_3872,chr9,200285007,A,C,MTHFR,69.06
SMP_3427,chr13,220501093,A,C,VEGFA,54.35
SMP_6870,chr13,39639821,C,A,EGFR,40.86
SMP_6581,chr22,242520415,C,T,TNF,88.74
SMP_5193,chr8,137071218,A,T,TNF,88.78
SMP_3519,chr11,107359554,A,T,VEGFA,65.19
SMP_2673,chrY,136674204,A,T,VEGFA,56.97
SMP_2425,chr18,243063544,C,A,VEGFA,59.83
SMP_2980,chr8,242980438,G,T,TP53,91.03
SMP_3264,chr16,204044599,A,T,TNF,86.22
SMP_4498,chr6,94941464,A,T,TNF,61.69
SMP_2393,chr19,131806877,A,G,EGFR,29.7
SMP_8719,chr15,86965750,A,T,IL6,59.46
SMP_3975,chr22,58442181,C,A,BRCA2,36.15
SMP_9707,chr17,248404319,G,T,EGFR,94.27
SMP_7935,chr11,59287289,G,T,EGFR,41.7
SMP_7000,chr4,150770066,C,T,TP53,45.89
SMP_5305,chr11,230386162,C,A,BRCA1,69.56
SMP_6728,chr20,200617899,C,T,MTHFR,78.26
SMP_6256,chr11,106770169,T,G,BRCA1,27.07
SMP_8148,chr10,132165598,T,A,MYC,74.64
SMP_9379,chr9,231862645,G,T,BRCA2,20.03
SMP_1417,chr8,85745357,G,T,EGFR,60.08
SMP_1920,chr19,163015237,A,G,BRCA1,81.85
SMP_3438,chr3,148165552,A,T,BRCA1,77.94
SMP_9170,chr12,210739156,G,T,IL6,81.04
SMP_7456,chr8,21362630,G,C,IL6,55.6
SMP_7724,chr2,4037703,T,A,TP53,84.95
SMP_1900,chr18,127570897,A,T,MYC,89.65
SMP_3329,chr8,112769996,G,T,TNF,60.87
SMP_8431,chr20,188040263,A,G,BRCA1,67.77
SMP_3328,chr20,106783961,T,C,IL6,52.71
SMP_7072,chr17,458098,T,C,EGFR,50.34
SMP_4448,chr18,2391304,T,A,VEGFA,30.37
SMP_5741,chr16,62408101,A,T,MTHFR,43.9
SMP_6028,chr14,118846983,T,A,APOE,96.43
SMP_3874,chr9,235907514,G,T,BRCA1,31.93
SMP_9481,chr18,234886701,G,A,VEGFA,46.32
SMP_4750,chr9,106199214,T,A,TP53,97.78
SMP_8624,chr7,193947871,A,T,MTHFR,89.98
SMP_9160,chr1,142213481,T,A,TNF,66.33
SMP_2664,chr4,207397716,G,T,BRCA2,76.98
SMP_3547,chr13,187965096,C,G,IL6,21.22
SMP_7033,chr20,125529305,T,C,IL6,70.46
SMP_7897,chr22,31767832,A,C,IL6,77.5
SMP_2625,chr14,119606884,A,T,MTHFR,31.77
SMP_1311,chr17,160318113,T,A,MYC,61.99
SMP_4867,chr20,217992749,A,C,TP53,76.36
SMP_3245,chr17,78740675,C,A,BRCA2,76.73
SMP_6512,chr22,33655118,C,A,BRCA1,42.2
SMP_6502,chr4,47228758,C,G,TNF,51.8
SMP_2650,chrY,2085619,T,A,APOE,65.74
SMP_6898,chr14,171679222,T,G,BRCA2,43.36
SMP_7806,chr7,31692137,G,A,EGFR,58.15
SMP_5351,chr8,234262755,G,A,APOE,86.32
SMP_8270,chr17,160667670,A,T,IL6,75.03
SMP_1290,chr3,35776185,T,G,IL6,24.36
SMP_9180,chr12,197471879,T,A,VEGFA,47.65
SMP_8336,chrY,163158318,A,G,EGFR,33.54
SMP_8786,chr9,117700666,T,A,VEGFA,93.44
SMP_7397,chr2,162885380,A,T,MYC,80.65
SMP_4203,chr20,192562081,A,T,TP53,73.21
SMP_8702,chr10,146242415,G,C,TNF,67.68
SMP_9601,chr6,238519871,C,G,MTHFR,41.83
SMP_7972,chr16,201645387,C,A,IL6,88.91
SMP_4830,chr20,188489101,C,A,BRCA2,22.62
SMP_1019,chr2,110799842,C,A,TNF,65.24
SMP_1756,chr17,69044228,A,C,TP53,22.78
SMP_7056,chr6,111324025,A,G,TNF,71.81
SMP_3688,chr15,132052700,A,T,TP53,34.35
SMP_8668,chr2,91582362,A,G,MYC,74.56
SMP_7570,chr1,28312853,C,A,TP53,50.14
SMP_8659,chr4,6404577,G,C,IL6,98.37
SMP_4249,chr3,243123950,T,G,VEGFA,47.57
SMP_2163,chr2,212963560,T,A,BRCA2,53.81
SMP_1838,chr20,128538623,A,C,TNF,63.71
SMP_8476,chr8,211482606,A,G,EGFR,86.93
SMP_1555,chr7,35186000,T,G,BRCA2,20.96
SMP_8595,chr4,182472611,G,C,VEGFA,24.54
SMP_7047,chr16,69310870,C,G,IL6,21.56
SMP_9020,chr18,149277350,G,T,TP53,70.14
SMP_8578,chr22,180305091,T,A,IL6,67.81
SMP_2594,chr6,71476180,G,C,MYC,43.75
SMP_2324,chrX,29271067,T,G,BRCA2,35.03
SMP_7041,chr21,69216581,T,C,MTHFR,62.23
SMP_9624,chr9,42829615,T,A,TNF,79.81
SMP_7789,chr13,179181692,G,T,TNF,97.14
SMP_4056,chr19,65291784,A,G,VEGFA,48.03
SMP_7385,chr7,123822962,C,A,EGFR,34.54
SMP_7765,chr3,6972905,G,A,APOE,81.03
SMP_9273,chr22,117443508,C,G,TP53,57.17
SMP_4551,chrX,236489705,G,C,MYC,87.75
SMP_7407,chr5,112352398,G,C,MTHFR,66.18
SMP_8253,chr21,204683139,T,G,BRCA2,36.12
SMP_8549,chr9,111620639,T,C,MYC,37.27
SMP_5605,chr10,78711273,A,C,IL6,95.16
SMP_3676,chr11,231291094,T,C,TNF,96.88
SMP_1040,chr16,55517550,C,G,TP53,61.82
SMP_2874,chr7,159987471,A,C,APOE,99.72
SMP_5200,chr8,98506692,A,C,VEGFA,72.84
SMP_8189,chr11,21737363,C,T,TP53,70.65
SMP_4922,chr20,881190,T,G,BRCA2,79.57
SMP_5456,chr17,65643588,G,T,IL6,37.5
SMP_7612,chr9,203799455,T,C,APOE,27.57
SMP_8149,chr15,113803733,T,C,TP53,98.06
SMP_7052,chr18,131511660,A,C,MTHFR,65.81
SMP_5644,chr12,148097786,A,G,IL6,89.68
SMP_5685,chr11,54977445,C,T,MTHFR,73.12
SMP_5943,chr21,54505513,A,T,VEGFA,79.56
SMP_3413,chr21,31601500,C,T,TNF,89.15
SMP_9099,chr19,13522741,A,C,IL6,57.04
SMP_1758,chrY,21338046,C,G,BRCA2,63.79
SMP_5237,chr8,106542624,T,G,TNF,36.59
SMP_8103,chr17,170603223,A,G,EGFR,89.97
SMP_2244,chr17,125252425,A,T,VEGFA,56.9
SMP_6746,chr1,159029603,A,C,BRCA1,44.18
SMP_7203,chr3,203191300,G,C,IL6,35.67
SMP_4169,chr11,118918756,T,A,BRCA1,39.69
SMP_7015,chr6,75645203,C,A,VEGFA,91.18
SMP_3656,chr17,91677375,T,A,BRCA1,66.54
SMP_4194,chr10,152197657,A,C,BRCA1,22.48
SMP_1006,chr21,112333556,G,A,BRCA2,53.46
SMP_4457,chr9,208545308,C,T,MTHFR,39.17
SMP_4092,chr17,245828902,T,A,TNF,54.8
SMP_3896,chr16,201856241,A,T,IL6,93.1
SMP_9735,chr2,112766662,G,A,VEGFA,68.33
SMP_5048,chr22,98900667,A,T,BRCA2,95.89
SMP_3729,chr13,8876447,T,C,BRCA2,98.26
SMP_9215,chr6,148618466,G,A,EGFR,84.53
SMP_2313,chr4,231469524,A,C,MYC,28.82
SMP_4391,chrX,138075690,T,C,MYC,94.61
SMP_3367,chr7,219977996,C,G,MYC,46.86
SMP_8278,chr22,241595087,T,C,MYC,50.01
SMP_8734,chr5,114134948,C,T,EGFR,42.81
SMP_2868,chr1,7244539,C,A,MTHFR,81.19
SMP_1457,chr21,194192409,G,A,BRCA1,98.0
SMP_7439,chr2,166622271,T,G,MYC,60.54
SMP_6300,chr22,36525531,G,C,VEGFA,34.97
SMP_5330,chr12,223465295,C,A,APOE,66.21
SMP_8456,chrX,43748529,T,C,APOE,87.39
SMP_8900,chr14,104542194,T,A,VEGFA,21.68
SMP_1937,chr6,57706407,C,T,BRCA2,59.6
SMP_6463,chrY,69329252,C,G,BRCA2,72.78
SMP_7460,chr19,2893359,T,C,VEGFA,47.08
SMP_7681,chrY,62771002,C,T,MTHFR,47.98
SMP_9195,chr17,172136201,C,G,BRCA2,81.09
SMP_4286,chr1,115475441,T,C,BRCA2,27.87
SMP_7597,chr8,56672160,G,C,MYC,24.13
SMP_6174,chr12,6667258,T,C,BRCA1,66.98
SMP_6852,chr17,128701120,A,T,MYC,38.22
SMP_5515,chr2,101381414,C,T,MTHFR,43.44
SMP_6459,chr18,157008513,C,T,APOE,71.26
SMP_2505,chr21,43559531,G,T,MYC,66.6
SMP_1495,chr21,74750757,T,A,BRCA2,97.05
SMP_8035,chr14,146348492,T,A,MTHFR,40.23
SMP_9947,chr5,197057237,C,T,TNF,27.89
SMP_1426,chr22,29288884,C,G,APOE,84.22
SMP_7337,chr3,126891450,G,C,MYC,65.04
SMP_9515,chr3,100126944,T,G,VEGFA,29.75
SMP_9673,chr2,9277928,C,T,APOE,60.93
SMP_6876,chr4,138594651,G,T,BRCA2,85.65
SMP_9265,chr13,181457740,T,A,BRCA1,74.97
SMP_4385,chrX,135897442,C,G,BRCA1,78.84
SMP_2130,chr17,167587088,T,A,BRCA2,79.32
SMP_6626,chr16,218750925,T,A,APOE,69.87
SMP_7811,chr3,94233644,G,T,MYC,39.04
SMP_6632,chr3,141351656,T,G,EGFR,39.69
SMP_8308,chr18,79757412,A,T,BRCA2,53.31
SMP_1001,chr10,133282440,C,A,APOE,66.95
SMP_4002,chr22,111328614,G,T,TP53,45.39
SMP_8686,chr19,86988102,A,C,MYC,60.55
SMP_2576,chr19,42891722,C,T,BRCA1,65.66
SMP_3062,chr1,119405867,T,C,EGFR,75.35
SMP_5137,chr14,76063971,T,A,BRCA1,63.64
SMP_8758,chr22,128201182,T,C,APOE,78.72
SMP_4157,chr11,171519542,C,T,TP53,91.38
SMP_3442,chr19,177510320,T,G,BRCA2,72.74
SMP_6926,chr19,88018593,A,C,TNF,72.21
SMP_1650,chr3,108555138,C,T,MYC,46.41
SMP_3319,chr11,49899780,C,T,TNF,91.52
SMP_6175,chr6,6087836,A,C,EGFR,34.83
SMP_1457,chr22,151375136,G,T,TP53,85.05
SMP_5094,chr17,108342514,A,G,TP53,62.77
SMP_2626,chr20,185155791,A,C,IL6,57.55
SMP_3766,chr14,155564879,T,C,TP53,89.66
SMP_6085,chr13,118026716,A,T,IL6,31.88
SMP_6343,chr17,111693650,G,T,IL6,39.97
SMP_5432,chr17,92906623,A,G,VEGFA,33.45
SMP_4789,chr1,27365258,G,T,APOE,80.63
SMP_7114,chr20,180682226,T,A,APOE,64.29
SMP_7787,chr5,174764044,C,T,MTHFR,77.68
SMP_5523,chr9,71056688,G,C,BRCA2,67.8
SMP_6205,chr18,193017412,C,A,APOE,85.95
SMP_5396,chr4,128639171,G,T,TP53,84.8
SMP_4520,chr14,207494619,A,C,MYC,97.1
SMP_3817,chr12,64866964,T,G,VEGFA,25.64
SMP_2496,chrY,141993998,T,A,TNF,53.35
SMP_2474,chrX,117257913,A,T,IL6,33.21
SMP_1743,chr22,187653694,G,A,IL6,58.11
SMP_6710,chr11,197952603,A,G,MTHFR,72.83
SMP_3470,chr1,99502188,G,C,TNF,43.12
SMP_8505,chr15,10865060,G,T,BRCA2,86.02
SMP_6779,chr3,60526661,A,G,MYC,63.94
SMP_6284,chr2,138978784,T,A,TP53,74.23
SMP_4975,chr3,102355600,C,G,MYC,57.74
SMP_6499,chr5,178708626,G,T,MYC,54.3
SMP_3722,chr8,24038383,A,T,MYC,79.91
SMP_4366,chrY,87539036,T,C,APOE,29.97
SMP_7848,chr6,173311763,A,C,TP53,55.83
SMP_9589,chr17,55457892,T,C,BRCA2,98.83
SMP_7321,chr1,104019015,T,G,MTHFR,40.09
SMP_7286,chr17,106018806,G,T,TP53,70.9
SMP_4769,chr5,189960977,G,T,VEGFA,46.37
SMP_3391,chr17,207870318,A,G,APOE,46.72
SMP_9127,chr1,224475437,G,A,TNF,25.24
SMP_2679,chr12,110063198,C,T,VEGFA,61.36
SMP_6556,chr3,110276072,A,T,TNF,49.26
SMP_7879,chr16,116339506,A,G,BRCA2,43.2
SMP_5535,chr8,228520336,C,G,APOE,75.94
SMP_5453,chr2,69817125,C,A,TNF,40.01
SMP_2502,chr22,99324175,C,G,TNF,45.27
SMP_4743,chr5,91609574,T,A,IL6,37.22
SMP_8158,chr5,117016937,G,C,MYC,96.85
SMP_4965,chr7,23425426,G,A,BRCA1,70.29
SMP_3445,chr19,243342757,G,T,VEGFA,43.73
SMP_7439,chr20,176884548,T,G,VEGFA,90.05
SMP_1264,chr6,144038728,A,C,VEGFA,27.07
SMP_8961,chr21,52137332,A,C,EGFR,65.35
SMP_3575,chr3,130682816,T,C,TNF,35.38
SMP_6742,chrY,140014447,G,T,MTHFR,37.65
SMP_3075,chr7,31431222,C,T,TP53,75.65
SMP_4015,chr10,165326305,T,C,TP53,34.74
SMP_1714,chr16,241736899,G,A,BRCA1,60.7
SMP_7260,chr7,72096504,G,C,IL6,91.61
SMP_9876,chr1,144885247,A,T,BRCA1,55.28
SMP_1236,chr20,90170417,T,G,APOE,39.52
SMP_8946,chr2,30580537,G,T,VEGFA,94.17
SMP_6543,chr6,142914283,A,T,BRCA1,73.87
SMP_1319,chr18,155278614,C,A,VEGFA,57.24
SMP_3216,chr8,116409149,G,T,MTHFR,39.6
SMP_2304,chr3,76029661,T,G,MTHFR,62.43
SMP_9069,chr10,166820830,G,C,EGFR,20.71
SMP_9233,chr17,200567188,C,A,MYC,82.39
SMP_7949,chr22,143523882,A,T,TNF,31.77
SMP_9078,chr11,223858620,G,A,BRCA1,77.62
SMP_2340,chr17,33624275,A,G,TNF,94.18
SMP_9061,chr4,244844281,C,T,EGFR,32.52
SMP_8185,chr20,179290615,C,G,TNF,43.26
SMP_3781,chr12,19565599,T,C,TNF,96.02
SMP_3262,chr9,48054734,T,C,IL6,23.12
SMP_5500,chr20,56672371,T,C,BRCA2,95.72
SMP_3015,chr10,166498575,A,T,MYC,89.93
SMP_2173,chr1,145043208,T,C,TP53,63.08
SMP_9966,chr5,78239797,A,C,BRCA2,88.34
SMP_7905,chr7,1016404,A,T,BRCA2,83.99
SMP_2924,chr11,155674236,A,C,BRCA2,21.19
SMP_1286,chr22,239798867,C,A,VEGFA,53.78
SMP_4033,chr1,56543778,C,A,APOE,96.52
SMP_5311,chrX,86835165,C,T,BRCA1,27.65
SMP_4193,chr5,2987216,G,C,TNF,52.98
SMP_5995,chr21,91555731,A,G,EGFR,46.51
SMP_6219,chr17,225223281,A,T,TNF,81.48
SMP_4329,chr20,98390687,A,C,APOE,25.17
SMP_8779,chr6,56286411,G,A,EGFR,56.73
SMP_8411,chr10,152202716,G,T,TNF,20.46
SMP_3752,chr19,2995414,T,C,BRCA2,21.7
SMP_2617,chr22,198570356,T,C,MYC,87.41
SMP_1209,chr14,29418665,T,G,BRCA1,76.06
SMP_9291,chrY,154919535,T,A,VEGFA,86.06
SMP_5298,chr7,125983871,A,T,TNF,29.24
SMP_5785,chr4,240572991,G,T,IL6,54.72
SMP_2421,chr6,180105815,A,C,TNF,69.04
SMP_8254,chr13,20157433,G,C,VEGFA,30.8
SMP_8290,chr21,7072017,C,A,IL6,78.26
SMP_6535,chr16,182522359,T,A,BRCA2,93.96
SMP_4487,chr22,168663041,C,T,TNF,32.01
SMP_8597,chr7,189064898,G,C,BRCA2,79.95
SMP_6824,chr2,30052820,C,G,TP53,90.4
SMP_8150,chr19,185422312,G,C,TNF,33.11
SMP_3855,chr1,198422864,A,C,IL6,98.78
SMP_4364,chr16,1550880,C,G,TP53,50.58
SMP_6560,chr1,247925563,A,C,APOE,65.0
SMP_6637,chr5,215507522,T,A,MYC,81.21
SMP_6161,chr4,135881550,A,G,BRCA1,59.07
SMP_8813,chr4,224537335,A,G,BRCA1,77.28
SMP_3738,chr6,231726984,G,A,TP53,85.7
SMP_9541,chr18,6908073,T,G,EGFR,54.14
SMP_3222,chr16,13568755,G,T,MYC,86.26
SMP_4911,chr21,10677772,G,C,BRCA1,39.75
SMP_7952,chr14,31267595,T,G,TNF,33.21
SMP_4401,chr2,111810548,G,C,IL6,31.45
SMP_5664,chr21,137439329,G,C,VEGFA,74.32
SMP_5812,chr21,84679164,G,A,APOE,95.15
SMP_7045,chr8,139517221,T,A,TP53,84.69
SMP_9503,chr7,46565702,C,T,EGFR,72.82
SMP_8456,chr3,134518273,G,T,MTHFR,96.78
SMP_6552,chr3,53853992,G,T,EGFR,85.43
SMP_6764,chrX,101920853,A,T,IL6,97.77
SMP_3338,chr22,180723325,G,C,BRCA1,51.78
SMP_8988,chr8,238781745,T,C,EGFR,68.76
SMP_5963,chr4,50605628,T,G,VEGFA,45.13
SMP_9503,chr3,152697906,C,A,APOE,79.58
SMP_1077,chr16,84681541,A,T,MTHFR,20.92
SMP_8221,chr8,88606545,T,A,EGFR,31.09
SMP_1545,chr5,86807827,G,C,TP53,47.27
SMP_7702,chrX,164868796,T,A,BRCA1,89.68
SMP_1682,chr16,198170627,T,C,BRCA2,85.35
SMP_5904,chr4,197684740,A,G,MYC,62.22
SMP_4028,chr19,32123963,G,T,MYC,24.66
SMP_9700,chr8,209296687,G,T,BRCA1,52.91
SMP_7333,chr14,244946719,G,C,MYC,31.43
SMP_5084,chr13,163949800,A,G,TNF,69.47
SMP_4525,chr11,192647970,T,A,EGFR,62.76
SMP_3071,chr20,222422999,C,A,BRCA2,20.89
SMP_9279,chr7,24189075,A,C,BRCA1,76.05
SMP_4609,chr16,53173131,T,A,MTHFR,20.84
SMP_3184,chr18,227372662,C,A,MTHFR,64.66
SMP_3122,chrY,145210032,T,G,VEGFA,50.86
SMP_8414,chr18,5965653,G,C,TNF,88.04
SMP_7747,chr5,76396427,C,G,APOE,35.52
SMP_3067,chr18,13667037,C,T,BRCA2,91.84
SMP_4129,chr5,192409328,A,G,BRCA2,96.21
SMP_2293,chr2,113797533,T,G,APOE,70.38
SMP_7469,chr13,232771562,C,A,TP53,23.15
SMP_9570,chr20,21161814,A,T,VEGFA,35.41
SMP_1073,chr13,247367911,C,T,EGFR,60.97
SMP_8142,chr19,147228773,T,C,IL6,33.79
SMP_3213,chr17,119962272,A,G,VEGFA,31.89
SMP_8347,chr18,122349561,C,G,VEGFA,25.09
SMP_5297,chr21,239094743,C,A,MTHFR,47.9
SMP_7616,chr10,162658926,G,T,MYC,39.67
SMP_9689,chr10,138623787,T,A,VEGFA,80.75
SMP_1619,chr11,19466937,T,C,MYC,64.6
SMP_7910,chr8,185112522,T,A,BRCA1,83.18
SMP_7166,chr22,186177913,T,A,VEGFA,38.19
SMP_1834,chr19,11660710,T,C,TNF,43.23
SMP_4953,chr20,72799485,A,C,MTHFR,21.68
SMP_5601,chr18,235179150,G,A,EGFR,31.82
SMP_5609,chr13,168004785,C,T,MYC,82.16
SMP_4180,chr8,244494539,G,A,BRCA1,77.22
SMP_8724,chr1,180379421,C,G,BRCA2,23.83
SMP_8932,chr10,72379592,T,C,APOE,21.97
SMP_7761,chr9,76775611,T,G,TP53,41.19
SMP_4656,chr6,96645032,A,G,VEGFA,27.86
SMP_8688,chr8,245912014,A,T,MYC,49.33
SMP_9589,chrX,164625252,G,A,MYC,32.86
SMP_6264,chr2,137576158,G,C,TP53,46.56
SMP_1377,chr11,175855367,A,G,TNF,74.26
SMP_5077,chrX,91700300,A,G,MYC,30.96
SMP_1049,chr14,207056128,T,G,IL6,57.08
SMP_4336,chr4,208380838,T,C,IL6,49.09
SMP_3727,chr1,26115732,T,A,MTHFR,83.07
SMP_8950,chr18,140129630,A,C,VEGFA,73.16
SMP_6753,chr22,27919883,T,G,MYC,65.63
SMP_7481,chr2,90053716,G,T,IL6,54.87
SMP_8237,chr10,51064626,C,T,TP53,91.87
SMP_7385,chr8,81621539,G,T,APOE,30.45
SMP_5905,chr16,10453786,C,T,TP53,68.41
SMP_3411,chr10,231940494,C,G,BRCA2,47.75
SMP_3577,chr20,201919088,G,C,BRCA1,72.15
SMP_3999,chr9,234598818,T,C,APOE,69.8
SMP_4037,chr11,211770994,T,C,VEGFA,69.95
SMP_1160,chr10,211516171,A,C,MTHFR,86.93
SMP_9208,chr16,89524471,T,G,EGFR,90.35
SMP_3022,chr13,128363371,C,A,MYC,98.96
SMP_6281,chr1,140409765,T,C,EGFR,36.5
SMP_6403,chr16,110834541,G,T,TP53,40.7
SMP_7430,chr18,105000640,C,G,TNF,46.84
SMP_2089,chr7,238720426,A,T,EGFR,57.67
SMP_1786,chr21,233657253,A,T,EGFR,23.79
SMP_4906,chr20,119857689,T,A,EGFR,99.03
SMP_6614,chr1,189980391,A,T,MYC,26.01
SMP_8383,chrY,194005068,C,G,MTHFR,39.86
SMP_6307,chr3,248208011,T,A,BRCA2,84.91
SMP_7522,chr3,193218592,T,C,IL6,43.48
SMP_9766,chr21,86992425,C,A,MTHFR,98.55
SMP_6206,chr2,56574159,A,T,BRCA2,27.54
SMP_4938,chr13,59245564,C,T,EGFR,97.93
SMP_9551,chr20,67021374,T,C,MTHFR,85.41
SMP_3148,chr15,196589690,T,G,IL6,80.28
SMP_8961,chr8,30131518,T,C,VEGFA,43.42
SMP_2719,chr6,228120743,G,T,APOE,74.35
SMP_1082,chr3,30187157,T,G,APOE,38.69
SMP_1657,chr20,174463151,A,C,VEGFA,34.37
SMP_9855,chr11,237056217,C,A,EGFR,96.26
SMP_5133,chr14,5322061,T,C,MYC,90.53
SMP_6218,chr20,151800474,T,C,IL6,66.17
SMP_2580,chr12,237906694,T,C,EGFR,87.75
SMP_7853,chr4,188066089,A,T,BRCA2,75.62
SMP_5576,chr1,139435791,C,A,EGFR,33.25
SMP_8052,chr13,26677350,T,C,VEGFA,99.44
SMP_3655,chr4,247793651,G,A,VEGFA,45.64
SMP_5227,chr9,30834021,T,G,APOE,94.45
SMP_1865,chr3,181811301,A,T,TNF,61.73
SMP_5153,chrY,113754641,C,T,MTHFR,31.21
SMP_4178,chr10,35045140,C,T,BRCA1,60.15
SMP_1202,chr19,131669639,T,A,IL6,83.35
SMP_3598,chr6,84641769,G,A,IL6,86.1
SMP_3437,chr2,214384277,T,G,BRCA1,95.39
SMP_2317,chr21,101757781,C,A,IL6,29.29
SMP_4613,chr17,218969784,T,C,BRCA2,72.07
SMP_3991,chr21,194757414,C,G,VEGFA,73.38
SMP_3065,chr18,123327595,G,C,MYC,87.07
SMP_9791,chr6,32567231,G,T,TNF,75.14
SMP_6215,chr16,59381692,G,T,MTHFR,45.72
SMP_8286,chr14,65167607,T,C,TNF,62.51
SMP_3031,chr11,71426901,C,A,MTHFR,85.27
SMP_9637,chr9,174511818,T,A,TNF,42.42
SMP_3421,chr20,62953564,C,G,VEGFA,62.95
SMP_9501,chr10,73865458,C,G,IL6,89.67
SMP_9211,chr20,162532822,A,C,MYC,29.46
SMP_2245,chr5,90887547,G,T,BRCA2,84.03
SMP_4774,chr16,99098648,C,A,EGFR,24.47
SMP_6278,chr4,29937926,A,C,BRCA1,85.06
SMP_8828,chr19,11924295,A,T,TNF,78.52
SMP_2093,chr16,132830618,G,C,MYC,26.45
SMP_1296,chr20,223580759,A,C,EGFR,28.66
SMP_8458,chr19,50767988,C,T,BRCA1,75.7
SMP_5465,chrY,87673130,A,G,BRCA1,22.08
SMP_9355,chr15,8466018,G,T,MTHFR,46.93
SMP_2917,chr15,138368245,A,C,APOE,93.92
SMP_3299,chr8,244425663,T,G,MYC,29.4
SMP_5955,chr10,205362355,T,G,TNF,51.7
SMP_9557,chr4,6525292,A,C,APOE,38.03
SMP_8244,chr17,5645198,G,T,TP53,86.32
SMP_6108,chr18,58514101,T,A,TP53,95.04
SMP_2667,chr13,100329531,T,A,BRCA2,53.89
SMP_5059,chr20,128749082,C,T,MTHFR,66.65
SMP_4707,chr15,73772428,G,C,IL6,29.79
SMP_2261,chr21,245039956,G,C,BRCA2,63.31
SMP_8766,chr13,73626469,C,T,EGFR,87.01
SMP_6746,chr6,106047219,A,C,VEGFA,98.11
SMP_2587,chr1,98712697,T,G,MTHFR,23.37
SMP_6044,chr2,7767517,C,T,APOE,45.65
SMP_8685,chr16,78200088,A,C,EGFR,61.3
SMP_9198,chr11,187188486,G,C,TP53,61.61
SMP_5305,chr6,181910962,G,A,MYC,47.38
SMP_9998,chr19,150453883,G,A,BRCA2,70.64
SMP_5140,chr9,178924957,C,T,EGFR,91.66
SMP_3892,chr22,13350444,A,T,IL6,66.52
SMP_9012,chrX,45395092,T,G,TP53,53.3
SMP_6115,chr6,79632366,C,A,MYC,50.65
SMP_5337,chr17,32111515,C,G,EGFR,96.45
SMP_1363,chr21,151872119,A,G,TNF,41.24
SMP_1608,chr6,66051419,T,A,VEGFA,43.31
SMP_7189,chr3,185169763,A,C,EGFR,80.43
SMP_9661,chr6,26448732,C,T,TNF,25.21
SMP_7419,chr17,95034141,C,A,TNF,70.65
SMP_5908,chr6,31428204,C,T,MYC,24.87
SMP_4018,chr2,213785932,A,G,VEGFA,34.95
SMP_2987,chr16,9194849,T,G,MYC,62.35
SMP_9490,chr11,65264677,G,C,BRCA2,34.88
SMP_5451,chr18,123318156,A,G,VEGFA,49.71
SMP_6881,chr10,142200271,A,T,TP53,79.79
SMP_2665,chr20,17631085,A,G,EGFR,68.86
SMP_4997,chr13,236491608,A,G,BRCA1,87.76
SMP_4463,chr1,146759178,T,A,IL6,43.01
SMP_1932,chr14,133049058,C,T,VEGFA,45.7
SMP_9477,chr18,249738725,G,A,BRCA1,42.46
SMP_8147,chr10,2285724,T,C,TNF,43.51
SMP_7298,chr1,59668820,C,A,TNF,58.64
SMP_4396,chr7,161128747,A,C,MTHFR,85.87
SMP_9745,chr14,7768528,C,A,APOE,78.11
SMP_6497,chr5,87647801,G,A,EGFR,86.56
SMP_1061,chr2,131270405,C,T,IL6,36.29
SMP_6927,chr7,67447495,C,T,BRCA1,48.09
SMP_3315,chr18,155084965,G,A,EGFR,38.47
SMP_7237,chr17,5305967,A,T,APOE,76.57
SMP_5924,chr7,9641700,C,T,IL6,76.77
SMP_8959,chr10,15462346,A,C,EGFR,45.72
SMP_1799,chr19,74496574,C,A,MTHFR,86.82
SMP_3446,chr2,9122719,G,T,MTHFR,74.06
SMP_2708,chr1,166539320,G,A,MTHFR,37.42
SMP_5654,chr7,30447857,T,C,BRCA1,41.91
SMP_5654,chr11,180652881,G,T,APOE,89.61
SMP_3004,chr1,52769770,T,G,TP53,37.42
SMP_7652,chr21,3811929,G,A,BRCA1,76.4
SMP_9248,chr17,204024018,T,C,TNF,48.94
SMP_4486,chr1,161881423,G,T,BRCA2,75.72
SMP_4984,chr1,32250531,A,G,BRCA2,70.75
SMP_5782,chr17,119945996,T,C,TP53,92.95
SMP_3173,chr12,47093669,T,C,TP53,77.09
SMP_1684,chr6,144295314,C,A,BRCA1,38.5
SMP_4283,chr2,87076863,A,C,VEGFA,32.85
SMP_6016,chrY,244793290,T,A,APOE,46.43
SMP_9068,chr5,11943620,T,C,BRCA2,71.28
SMP_9259,chr8,95307635,G,A,EGFR,56.23
SMP_7334,chr20,66997327,G,A,EGFR,23.23
SMP_8971,chr12,146285412,A,T,MYC,34.53
SMP_9628,chrX,176567418,T,G,IL6,72.01
SMP_1368,chr20,121356036,T,G,APOE,79.62
SMP_8600,chr7,197209197,A,G,MYC,87.73
SMP_2737,chr11,119197389,A,T,APOE,31.35
SMP_4856,chr20,59771472,G,C,BRCA1,53.38
SMP_6062,chr17,218517954,C,T,EGFR,21.56
SMP_6375,chr15,93231430,A,G,EGFR,30.01
SMP_8090,chr8,98526429,A,G,VEGFA,43.18
SMP_8369,chr4,240135280,T,C,EGFR,70.1
SMP_4926,chr21,162861539,T,C,EGFR,70.91
SMP_4025,chr12,4271886,T,C,MYC,50.82
SMP_4325,chr8,220117376,G,A,BRCA2,40.8
SMP_6094,chr17,148537939,C,T,TNF,20.77
SMP_2602,chr7,172516513,G,A,VEGFA,88.15
SMP_6575,chr11,18240750,C,A,EGFR,32.26
SMP_3028,chr16,178169111,T,A,TP53,77.91
SMP_6281,chr13,141615957,A,G,MTHFR,88.63
SMP_9949,chr18,120421779,A,G,IL6,24.75
SMP_3862,chr9,229914286,G,C,MYC,28.99
SMP_6648,chr1,139986016,C,T,TP53,59.43
SMP_9977,chr21,54505238,T,G,MTHFR,58.62
SMP_3530,chr5,23177777,T,G,MTHFR,84.66
SMP_9369,chr10,5652443,T,A,MTHFR,83.08
SMP_2993,chr8,189252826,T,C,VEGFA,61.36
SMP_6170,chr21,239836836,G,C,APOE,91.98
SMP_2610,chr2,203907188,A,G,EGFR,24.26
SMP_3131,chr3,175323873,G,T,TNF,61.55
SMP_5500,chr12,145484305,A,C,TP53,53.42
SMP_1161,chr14,221716220,A,T,IL6,98.34
SMP_8480,chr17,49089917,T,G,VEGFA,45.82
SMP_8941,chr16,232712087,G,T,EGFR,45.59
SMP_1741,chr5,29881003,C,A,IL6,29.95
SMP_3804,chr8,245180094,A,G,MYC,60.95
SMP_4927,chr15,79000206,C,A,VEGFA,51.18
SMP_2752,chr2,214526370,G,T,MTHFR,26.95
SMP_2576,chr11,87919214,C,A,EGFR,24.34
SMP_2420,chr16,212751131,T,G,EGFR,84.32
SMP_3497,chr14,65725098,T,A,MYC,65.76
SMP_8065,chr1,204030057,T,C,MYC,87.03
SMP_5867,chrX,135728738,T,G,TNF,72.36
SMP_6625,chr7,92270614,A,T,IL6,20.99
SMP_2498,chr2,212196065,C,G,VEGFA,98.05
SMP_9873,chr3,49834258,A,T,BRCA2,48.67
SMP_2072,chr1,39574175,G,C,TP53,48.9
SMP_7194,chrX,180703968,C,A,IL6,92.43
SMP_1735,chr6,215236860,G,T,IL6,80.98
SMP_2066,chr10,113571635,T,G,IL6,31.87
SMP_1842,chr3,71039238,C,A,VEGFA,92.22
SMP_1508,chr10,248891117,G,A,BRCA1,74.29
SMP_9049,chr19,142076977,G,A,MTHFR,87.96
SMP_9613,chr21,165227493,A,G,TP53,73.93
SMP_9795,chr15,190030713,A,C,IL6,94.49
SMP_6942,chr19,195104960,A,G,MYC,89.58
SMP_8407,chr4,131140135,C,A,MYC,75.27
SMP_5286,chr1,78771390,G,A,APOE,58.03
SMP_6296,chr2,222710915,T,C,TP53,49.99
SMP_4729,chr11,30125614,A,C,MTHFR,69.84
SMP_4564,chr9,21366437,T,C,TNF,54.35
SMP_8763,chr3,168412014,C,G,MYC,82.54
SMP_1517,chr13,112668354,A,G,APOE,97.27
SMP_8447,chr13,156525416,T,C,IL6,81.48
SMP_6541,chr6,104869105,G,C,VEGFA,54.44
SMP_7315,chr20,43512179,C,T,TNF,64.77
SMP_2799,chr3,42127428,C,G,APOE,52.96
SMP_4926,chr14,99687591,T,A,APOE,50.96
SMP_7754,chr14,7877842,G,C,EGFR,67.45
SMP_8861,chr12,43717735,A,C,IL6,77.73
SMP_6673,chr11,131352045,T,G,TNF,40.25
SMP_2479,chr1,192041718,A,C,MYC,38.82
SMP_7168,chr13,235427760,T,G,VEGFA,51.48
SMP_5110,chr4,83387091,C,T,TNF,25.28
SMP_6238,chr18,125435688,G,A,IL6,50.36
SMP_4081,chr17,92832018,A,T,TP53,90.92
SMP_6415,chr12,72444017,T,C,BRCA1,20.94
SMP_4617,chr2,209218588,C,T,BRCA2,20.03
SMP_1093,chr14,123943672,G,T,VEGFA,24.84
SMP_2334,chr19,127629560,A,G,TNF,87.94
SMP_5503,chr1,135630383,A,G,APOE,73.21
SMP_5132,chr21,1353455,C,A,TP53,25.22
SMP_4144,chr3,85003322,A,C,BRCA1,24.71
SMP_8616,chr11,161308900,T,C,MTHFR,71.11
SMP_9001,chr8,133938383,C,A,MTHFR,78.41
SMP_2745,chr19,144721600,C,A,MTHFR,78.51
SMP_1979,chr5,54452196,T,C,EGFR,82.08
SMP_2131,chr3,39637049,T,C,IL6,83.35
SMP_5929,chr7,199625621,T,G,TNF,44.62
SMP_4376,chr11,30012774,G,A,BRCA2,59.15
SMP_1113,chr22,101061335,C,A,APOE,32.23
SMP_4422,chr22,23700889,G,T,TNF,32.19
SMP_7508,chr13,154364184,T,A,BRCA2,38.9
SMP_5812,chr14,89216637,C,T,EGFR,91.26
SMP_4944,chr14,193276755,A,T,TP53,52.02
SMP_6013,chr21,177882727,C,T,BRCA1,24.85
SMP_6246,chr8,133341053,T,C,EGFR,29.1
SMP_2666,chr12,51890254,G,T,EGFR,87.61
SMP_9092,chr8,11065010,G,A,VEGFA,23.96
SMP_5872,chr6,105433711,A,C,MTHFR,39.15
SMP_5275,chr14,174476446,G,A,MTHFR,85.38
SMP_5349,chr12,206124523,A,C,MTHFR,99.5
SMP_5612,chr16,230614463,A,T,MTHFR,22.86
SMP_2306,chr17,81909577,A,G,BRCA1,50.92
SMP_4900,chr16,72593137,T,G,BRCA1,32.12
SMP_9444,chr14,84862514,A,T,MYC,31.48
SMP_4019,chr11,212099216,A,C,APOE,89.65
SMP_2974,chr8,90909804,G,A,BRCA2,24.84
SMP_1265,chr16,49728907,A,T,BRCA2,53.87
SMP_7761,chr9,106325171,A,G,EGFR,68.31
SMP_8953,chr7,60859073,C,T,TNF,33.98
SMP_5668,chr21,218081760,C,G,IL6,98.03
SMP_7520,chr9,59933304,C,G,MTHFR,52.17
SMP_8690,chr7,100699109,G,A,MYC,46.28
SMP_1076,chr22,165669370,G,C,EGFR,80.74
SMP_5690,chr11,208356831,A,G,BRCA1,23.95
SMP_7808,chr13,141902200,C,T,IL6,80.29
SMP_1175,chr7,178211929,T,A,APOE,70.62
SMP_9728,chr20,22631720,C,A,EGFR,88.77
SMP_8277,chrX,170247797,A,T,BRCA1,30.79
SMP_3676,chr22,194893381,T,C,IL6,99.52
SMP_4615,chr20,180621599,T,A,VEGFA,96.21
SMP_5054,chr7,192012829,A,C,TP53,83.49
SMP_2756,chr7,92447821,A,T,APOE,27.82
SMP_4927,chr14,179318613,A,T,VEGFA,52.07
SMP_8867,chr8,55979068,A,G,VEGFA,67.13
SMP_5533,chr20,184584919,T,C,MTHFR,66.83
SMP_3151,chr2,79200016,C,G,EGFR,35.27
SMP_8797,chr1,131981655,T,A,BRCA2,50.78
SMP_2255,chr3,96823249,T,C,EGFR,56.42
SMP_5079,chr1,57544275,T,C,APOE,74.77
SMP_4109,chr10,126711428,C,T,VEGFA,94.28
SMP_7330,chr7,117109796,G,C,IL6,35.98
SMP_3360,chr12,165966821,A,G,MYC,63.3
SMP_3157,chr3,205728890,A,G,BRCA2,34.12
SMP_1022,chr1,130529502,A,C,MYC,49.71
SMP_2343,chr7,179844055,C,A,TNF,48.3
SMP_8572,chr4,60220122,G,A,BRCA1,91.59
SMP_5087,chr14,44361611,A,T,VEGFA,45.0
SMP_4491,chr15,97142078,T,G,VEGFA,30.5
SMP_7248,chrY,2696585,G,C,IL6,96.65
SMP_7722,chr16,131216851,A,T,TP53,33.21
SMP_3344,chr12,244550889,A,C,BRCA1,54.15
SMP_9119,chr15,39409165,T,G,BRCA1,65.48
SMP_1864,chr12,141872018,T,A,MTHFR,76.56
SMP_8673,chr20,45203697,G,C,TNF,30.68
SMP_6173,chr3,231721413,C,A,EGFR,92.79
SMP_7125,chr10,199606059,A,C,BRCA1,36.44
SMP_8162,chr10,150396557,A,G,VEGFA,29.27
SMP_7862,chr15,10150106,C,T,EGFR,74.32
SMP_3400,chr19,125372884,T,A,APOE,69.97
SMP_6335,chr11,111451362,A,C,APOE,36.69
SMP_9794,chr14,116129431,C,T,IL6,23.43
SMP_4656,chr22,126539308,A,G,APOE,99.55
SMP_6502,chr19,204826260,G,A,BRCA1,84.6
SMP_4540,chr19,214004730,C,T,BRCA2,29.91
SMP_1515,chr13,125261460,G,C,MYC,56.95
SMP_5958,chr16,199722669,C,A,APOE,54.71
SMP_2783,chr14,86172395,T,G,MTHFR,65.77
SMP_9812,chr19,14390495,C,A,TNF,77.62
SMP_8800,chr14,140295227,C,T,MTHFR,34.64
SMP_4610,chr2,53590036,G,A,IL6,87.62
SMP_1146,chr19,56535349,A,T,MTHFR,21.87
SMP_5402,chrX,9743690,G,A,BRCA1,29.08
SMP_9985,chr2,119638140,G,A,EGFR,32.15
SMP_5852,chr6,83616155,T,A,TNF,75.66
SMP_2180,chr13,193918561,A,T,TNF,35.82
SMP_4470,chr2,207204612,A,G,EGFR,53.08
SMP_2789,chr2,96813722,C,T,VEGFA,85.75
SMP_6329,chr3,10397940,T,A,VEGFA,64.74
SMP_2317,chr8,181407019,G,A,TP53,87.0
SMP_8156,chr14,194176195,T,G,TP53,34.98
SMP_9779,chr19,204896264,A,T,VEGFA,25.18
SMP_6193,chr10,38569968,T,A,TNF,74.4
SMP_8598,chr17,189980650,G,C,IL6,81.3
SMP_7043,chr17,15769731,A,G,BRCA1,90.15
SMP_3757,chr1,221153667,G,C,MTHFR,28.5
SMP_3387,chr14,243739345,A,G,IL6,59.33
SMP_5822,chr19,106472338,A,G,MTHFR,90.44
SMP_6579,chr11,218560951,G,A,IL6,43.18
SMP_5856,chr9,142142623,T,A,BRCA2,67.84
SMP_5726,chr11,167729734,G,T,IL6,43.51
SMP_2759,chr22,152568299,A,G,MTHFR,31.51
SMP_8279,chr20,128076247,G,A,MTHFR,70.8
SMP_8492,chr21,37157657,G,C,MTHFR,32.04
SMP_5798,chr15,171342257,T,A,TP53,33.15
SMP_3663,chr18,54986353,A,G,TP53,48.68
SMP_5061,chr9,220611364,C,G,EGFR,75.41
SMP_7272,chr17,208312111,T,C,IL6,70.2
SMP_4888,chr20,59192695,C,G,TP53,72.34
SMP_6025,chr7,76978984,T,A,MYC,53.64
SMP_8309,chr21,118530049,G,A,VEGFA,53.58
SMP_4575,chr18,27683119,G,C,IL6,23.25
SMP_3283,chr15,177859931,G,T,BRCA2,54.19
SMP_5605,chr10,29156069,A,T,APOE,62.92
SMP_9834,chr17,22454600,C,G,APOE,57.21
SMP_5996,chr4,130373741,C,G,APOE,32.64
SMP_9581,chr21,5204386,C,G,BRCA1,88.12
SMP_9221,chr6,46939641,A,C,EGFR,63.31
SMP_3153,chr22,51966705,G,T,TP53,36.55
SMP_4326,chr20,149224124,A,G,TNF,79.03
SMP_9129,chr3,118199544,A,C,VEGFA,68.46
SMP_5447,chr6,8912019,G,A,MYC,33.98
SMP_3511,chr6,111652540,G,A,EGFR,50.96
SMP_9340,chr7,133459813,C,T,TP53,31.41
SMP_4012,chr1,100494921,A,T,EGFR,33.01
SMP_2536,chr5,24261573,C,A,TP53,96.21
SMP_8442,chr12,63946902,G,T,APOE,45.0
SMP_7719,chr6,239124326,C,T,BRCA2,46.97
SMP_8875,chr9,79847132,C,A,EGFR,48.38
SMP_7630,chr1,131626442,T,C,BRCA1,88.51
SMP_6973,chr10,115506796,G,C,MYC,66.28
SMP_2596,chr12,46688595,T,C,TP53,45.85
SMP_5408,chr16,155935951,C,A,BRCA1,86.59
SMP_4993,chr15,182015749,A,G,EGFR,90.74
SMP_8357,chr9,148946310,G,T,BRCA2,43.48
SMP_6738,chr14,189591514,A,T,EGFR,49.74
SMP_8066,chr7,6901385,G,T,TP53,80.18
SMP_3225,chr5,204145783,A,T,BRCA2,37.73
SMP_3636,chr6,111355219,G,A,BRCA1,97.1
SMP_3396,chr2,181482833,A,T,BRCA1,41.72
SMP_8291,chr5,88528733,A,G,VEGFA,88.2
SMP_2484,chr7,179162772,A,T,MYC,57.42
SMP_2398,chr9,29047310,T,A,BRCA1,93.76
SMP_5814,chr14,1811393,A,T,VEGFA,93.46
SMP_5926,chr2,143987560,A,C,IL6,74.04
SMP_5753,chr9,218987358,G,C,EGFR,93.92
SMP_7963,chr6,133488333,G,A,BRCA2,22.46
SMP_3583,chr21,136623908,A,C,BRCA2,95.74
SMP_2071,chr1,172348923,A,C,MTHFR,52.92
SMP_3112,chr20,111509629,C,T,VEGFA,52.15
SMP_1180,chr8,23777319,T,A,APOE,59.54
SMP_2919,chr18,45832944,T,A,VEGFA,69.49
SMP_8942,chr2,39916851,A,G,EGFR,46.12
SMP_4529,chr1,58878497,G,A,EGFR,54.78
SMP_6326,chr5,141463442,T,A,VEGFA,82.06
SMP_3616,chr3,32057342,A,G,EGFR,77.23
SMP_7459,chr20,133216366,G,A,EGFR,85.61
SMP_1587,chr17,138078173,C,A,APOE,63.29
SMP_2965,chr1,173374915,G,T,BRCA1,69.44
SMP_4254,chr1,119568104,T,C,TNF,27.44
SMP_9659,chr8,131655397,A,C,MYC,27.06
SMP_2241,chr22,121201447,G,T,EGFR,58.71
SMP_5632,chr13,189367411,C,G,TP53,45.47
SMP_4414,chrX,83863529,C,G,TNF,47.45
SMP_8882,chr4,66877043,C,T,BRCA2,79.85
SMP_6386,chr15,168088747,C,T,VEGFA,51.16
SMP_2901,chr13,84228266,C,G,BRCA2,96.15
SMP_8935,chr21,143120398,A,G,IL6,23.63
SMP_5490,chrY,243287337,A,C,BRCA1,70.04
SMP_9007,chr19,10162847,T,A,MTHFR,48.29
SMP_3262,chr10,104857948,T,A,TNF,50.49
SMP_1901,chr11,62322621,G,T,TNF,66.15
SMP_6151,chr11,67952165,A,C,IL6,84.66
SMP_5067,chr19,155924071,C,A,MYC,27.5
SMP_2631,chr12,181863371,G,A,BRCA2,97.36
SMP_7461,chr14,32133467,A,C,MYC,32.7
SMP_5661,chr17,232855512,A,C,MYC,30.74
SMP_4201,chr11,183582151,T,G,IL6,66.23
SMP_8252,chr18,55034820,G,T,TNF,83.31
SMP_8412,chr18,111151014,G,C,EGFR,93.67
SMP_7060,chr13,54419141,T,A,EGFR,68.04
SMP_7484,chr12,25622042,A,G,TP53,74.43
SMP_6926,chr17,221358449,T,A,APOE,54.51
SMP_5076,chr14,17744574,T,C,TNF,20.61
SMP_4618,chr22,240832500,T,A,EGFR,21.71
SMP_7257,chrY,198198806,T,C,EGFR,93.5
SMP_5291,chr18,89462003,T,C,BRCA1,90.26
SMP_1111,chr8,114786031,T,G,TNF,74.25
SMP_4063,chr12,209799817,T,A,VEGFA,71.06
SMP_9683,chrX,59440546,T,A,IL6,62.26
SMP_2162,chr2,127898761,T,A,TNF,57.74
SMP_4479,chr11,231026253,C,G,APOE,52.24
SMP_3589,chr12,245444342,G,A,EGFR,72.67
SMP_4323,chr7,45682566,T,A,BRCA1,65.9
SMP_5884,chr9,175471048,A,C,APOE,62.74
SMP_1896,chr10,72981978,C,T,MYC,41.62
SMP_9955,chr17,131566753,T,G,BRCA1,52.62
SMP_6226,chr6,151635855,A,G,BRCA2,45.63
SMP_5609,chrX,168966683,C,A,IL6,95.59
SMP_3040,chr19,204069152,T,C,VEGFA,26.41
SMP_2698,chr15,114842257,C,A,BRCA2,47.24
SMP_8415,chr9,106745132,C,A,EGFR,52.04
SMP_3463,chr8,162001265,A,C,APOE,77.82
SMP_4022,chrY,236535724,G,T,IL6,57.37
SMP_1888,chr16,18519046,G,A,MTHFR,72.42
SMP_5552,chr11,8681816,G,C,BRCA2,57.91
SMP_1075,chr18,101527554,C,A,EGFR,62.34
SMP_9588,chr2,224552204,T,A,APOE,65.41
SMP_5281,chr2,20127751,A,G,MTHFR,85.76
SMP_5699,chr13,119689075,T,C,BRCA1,48.61
SMP_1603,chr1,156193367,A,T,MTHFR,33.24
SMP_3013,chr6,226233009,A,C,BRCA2,32.45
SMP_3027,chr7,181944852,C,G,IL6,66.9
SMP_7712,chr6,24514663,C,T,APOE,49.86
SMP_6291,chr16,40113250,A,C,APOE,22.2
SMP_9944,chr8,119950151,T,C,TP53,70.71
SMP_9418,chr4,209970502,T,C,BRCA2,69.15
SMP_1538,chr7,137542044,C,G,TNF,59.03
SMP_4573,chr10,187369641,T,G,MTHFR,76.63
SMP_9895,chr3,171203451,A,G,APOE,98.13
SMP_5810,chr15,183087276,C,A,BRCA2,69.23
SMP_3109,chr13,58126861,A,T,TP53,99.73
SMP_6808,chr20,91335097,A,C,TNF,61.17
SMP_3390,chr6,112616415,A,C,EGFR,72.36
SMP_7863,chr13,204595364,G,A,BRCA1,87.63
SMP_7359,chr8,156342082,G,C,IL6,31.44
SMP_5034,chr2,28722435,G,A,BRCA1,85.79
SMP_9914,chr22,134778917,G,A,BRCA2,78.36
SMP_3603,chr12,67547858,C,T,VEGFA,46.67
SMP_6859,chr20,169674049,G,C,VEGFA,97.7
SMP_6068,chr16,222838518,A,G,BRCA1,74.73
SMP_7775,chr11,25983569,G,T,BRCA1,80.91
SMP_1910,chr9,229115705,C,G,TP53,71.81
SMP_9257,chr1,226519918,T,C,TNF,86.67
SMP_4301,chr8,147373962,G,T,BRCA1,93.6
SMP_4099,chr1,94401395,C,A,BRCA1,73.18
SMP_9541,chr21,28468883,G,A,BRCA2,36.4
SMP_5959,chr8,81348368,C,A,BRCA2,79.28
SMP_3275,chrY,195486475,C,A,EGFR,88.09
SMP_2612,chr4,198400196,A,C,VEGFA,81.83
SMP_9892,chr12,28320048,C,G,TP53,76.84
SMP_6790,chr15,162021795,T,G,VEGFA,36.49
SMP_7650,chr14,130580231,T,A,IL6,93.61
SMP_5676,chr20,179986094,A,G,BRCA2,32.69
SMP_4871,chr7,103668064,G,T,BRCA2,92.99
SMP_2804,chr8,58027678,C,G,BRCA1,43.66
SMP_5936,chr13,239850621,T,A,IL6,97.24
SMP_7490,chr20,132344044,G,C,EGFR,88.03
SMP_6159,chr17,147044597,A,C,APOE,28.6
SMP_1606,chr17,108172090,T,C,MYC,59.06
SMP_1761,chrX,219164817,G,A,TNF,39.94
SMP_2040,chr2,147514231,G,A,TNF,22.64
SMP_8506,chr17,152417767,T,A,TNF,31.55
SMP_2417,chr12,184035814,A,G,MTHFR,32.34
SMP_2247,chr10,248316592,C,T,BRCA2,32.05
SMP_1439,chr14,58028360,T,C,BRCA2,26.54
SMP_8027,chr6,204928446,C,T,MTHFR,66.36
SMP_4640,chr17,234099161,T,G,BRCA1,36.56
SMP_6180,chr10,167437523,T,A,MYC,41.5
SMP_5992,chr11,76965660,G,T,BRCA1,39.74
SMP_5266,chr8,229652063,A,T,TP53,28.93
SMP_1653,chr19,235325450,T,A,APOE,39.46
SMP_1022,chr4,54370019,C,T,BRCA1,82.96
SMP_7728,chr8,165279073,C,A,MTHFR,64.0
SMP_4268,chr15,47572958,G,A,TP53,42.86
SMP_2640,chr16,38836859,T,C,BRCA1,62.24
SMP_7339,chr19,178371992,A,T,TP53,84.79
SMP_7750,chr19,115547237,T,A,MTHFR,43.74
SMP_8171,chr20,67586710,A,G,MYC,52.3
SMP_6562,chr20,56089711,A,T,IL6,40.35
SMP_9629,chr12,170670088,C,A,BRCA1,86.15
SMP_1006,chr10,245957065,C,G,IL6,44.31
SMP_3371,chr10,108822221,T,C,MYC,59.49
SMP_5141,chr15,130072697,A,T,VEGFA,92.58
SMP_2130,chr9,136216745,C,A,TNF,66.9
SMP_7331,chr19,82550608,G,A,VEGFA,82.92
SMP_6026,chr20,116894467,G,C,BRCA2,44.14
SMP_5783,chr4,2799300,G,A,MTHFR,95.28
SMP_4674,chr21,58239925,G,T,IL6,37.91
SMP_9713,chrX,3022101,G,A,TNF,98.38
SMP_8119,chr12,67603413,C,G,VEGFA,82.29
SMP_3912,chr5,117205310,C,A,MTHFR,56.55
SMP_8166,chr6,18748861,A,T,VEGFA,57.36
SMP_5818,chr22,299669,T,C,VEGFA,34.89
SMP_3667,chr16,40307653,A,C,TNF,35.82
SMP_2603,chr17,195829948,C,G,BRCA2,87.25
SMP_6834,chr11,139717106,C,A,EGFR,27.95
SMP_3009,chr11,96942994,A,C,BRCA2,69.6
SMP_1494,chr19,229771213,A,T,APOE,54.8
SMP_7272,chr3,140367840,G,T,MYC,26.92
SMP_7076,chr10,192122266,T,C,APOE,87.15
SMP_8294,chr21,165447471,A,C,IL6,21.47
SMP_5990,chr15,124022729,G,T,TNF,40.07
SMP_3150,chr5,37458703,C,G,APOE,70.79
SMP_3437,chr17,32894128,A,T,TNF,97.04
SMP_4064,chr20,204714695,G,T,TNF,94.1
SMP_5310,chr21,122639282,G,A,EGFR,73.57
SMP_5393,chr15,115940212,G,C,APOE,96.3
SMP_2060,chr13,109543,C,T,BRCA1,86.35
SMP_2132,chr19,42522347,A,G,BRCA1,68.49
SMP_8429,chr14,168112382,A,C,BRCA1,35.66
SMP_7024,chr5,1979337,A,G,MTHFR,48.47
SMP_1138,chr8,109670312,G,A,TP53,78.66
SMP_4837,chr11,76843907,T,C,TNF,65.76
SMP_7769,chr8,210127261,T,C,APOE,56.78
SMP_1511,chr21,233724940,T,G,TNF,39.41
SMP_9618,chr3,100023188,T,C,IL6,74.77
SMP_7082,chr15,168066118,C,T,MTHFR,76.11
SMP_8709,chr22,12124024,G,C,APOE,85.99
SMP_8737,chr10,127449838,C,A,VEGFA,33.62
SMP_9789,chr16,68144940,T,A,TNF,23.46
SMP_9770,chr17,122927197,T,A,APOE,47.0
SMP_7386,chr2,180364210,C,G,BRCA2,60.22
SMP_2820,chr16,212768532,T,A,VEGFA,27.98
SMP_2205,chr4,150634605,A,G,APOE,59.36
SMP_7366,chr3,156244278,G,C,BRCA1,99.14
SMP_5031,chr6,53831622,A,T,EGFR,50.63
SMP_6413,chrX,136604988,A,G,VEGFA,79.64
SMP_4159,chr15,50782882,A,T,APOE,40.95
SMP_5506,chr19,100393682,G,C,IL6,77.48
SMP_8325,chr17,135012191,G,T,VEGFA,28.54
SMP_2733,chr9,40551960,G,C,IL6,59.22
SMP_4245,chr19,34225858,C,G,TP53,48.06
SMP_5950,chr1,216674250,A,T,MTHFR,79.96
SMP_2631,chr15,125439717,A,G,TP53,38.84
SMP_5736,chr21,114022514,G,C,VEGFA,90.23
SMP_5870,chr17,207474511,C,A,MTHFR,28.31
SMP_9536,chr3,89511132,C,A,IL6,89.38
SMP_4840,chr5,195902830,G,T,TP53,81.79
SMP_2916,chr4,114624191,T,A,TP53,79.82
SMP_4496,chr4,194968500,G,C,APOE,98.02
SMP_2500,chr22,230390214,G,C,VEGFA,82.79
SMP_8367,chrY,198066043,C,T,TNF,68.56
SMP_2131,chr13,210187755,A,G,MTHFR,93.24
SMP_7453,chrY,39151018,C,G,VEGFA,43.93
SMP_2824,chr19,101691721,A,T,TP53,87.11
SMP_6659,chr14,212598690,C,G,TNF,30.93
SMP_6360,chr17,248936901,A,G,EGFR,70.51
SMP_4479,chr12,83086935,C,T,APOE,40.81
SMP_8348,chr1,199716812,T,G,IL6,68.18
SMP_5820,chr2,34683807,G,T,BRCA1,85.1
SMP_3307,chr22,210989532,G,A,MYC,82.23
SMP_2417,chr19,129437005,T,A,VEGFA,90.69
SMP_1780,chr11,197909947,A,G,TP53,26.94
SMP_1817,chr9,34411301,C,T,IL6,42.47
SMP_9193,chr21,16790984,C,A,MTHFR,53.96
SMP_3441,chr2,203804795,A,T,IL6,36.54
SMP_2550,chr8,181451858,G,C,APOE,54.67
SMP_2499,chr6,195389775,G,T,BRCA1,79.46
SMP_6205,chr3,72525057,T,C,MYC,45.26
SMP_4834,chr22,99806694,T,A,EGFR,96.55
SMP_8671,chr5,162863064,G,C,APOE,90.44
SMP_2713,chr3,81799903,C,G,TP53,24.86
SMP_4625,chr6,124647846,C,A,IL6,56.81
SMP_1088,chr21,1310851,C,G,BRCA2,55.41
SMP_6952,chr6,27669272,T,A,IL6,29.97
SMP_5086,chr21,35389676,C,G,TP53,55.72
SMP_6836,chr6,238850566,A,G,TP53,57.69
SMP_3638,chr6,85422130,C,T,MTHFR,22.04
SMP_7923,chr10,11229548,A,C,BRCA1,53.84
SMP_5367,chr3,146852723,C,T,TP53,35.35
SMP_2057,chr3,218476730,C,G,MTHFR,41.59
SMP_1543,chr18,242062650,A,C,BRCA2,50.73
SMP_3093,chr2,120866312,G,A,BRCA1,58.25
SMP_6266,chr6,10912906,A,C,BRCA2,77.08
SMP_7662,chr7,168623815,A,G,TNF,25.0
SMP_4795,chr15,12954161,A,T,MTHFR,83.37
SMP_2535,chr20,32119094,A,G,IL6,69.73
SMP_2631,chrX,17875964,C,A,MTHFR,89.26
SMP_3673,chr13,49037932,G,T,BRCA1,63.15
SMP_9684,chr5,64389357,C,G,APOE,58.19
SMP_2663,chr4,181934524,G,C,IL6,79.69
SMP_3577,chr14,51455342,T,A,TP53,70.89
SMP_8957,chr4,98163676,T,G,TP53,47.15
SMP_2807,chr14,220024558,A,G,MTHFR,88.49
SMP_9462,chr14,214935070,G,A,BRCA1,93.02
SMP_6100,chrX,188253793,G,C,MTHFR,93.24
SMP_4731,chr20,218697593,A,C,BRCA1,69.9
SMP_9806,chr21,35343454,T,G,MTHFR,27.2
SMP_3908,chr9,126737229,G,A,MYC,22.54
SMP_6781,chr10,102383499,C,T,BRCA2,53.3
SMP_2025,chr18,192290769,A,T,BRCA1,73.84
SMP_2035,chr22,193317967,T,A,EGFR,77.67
SMP_7523,chr13,54417732,T,A,IL6,83.79
SMP_8046,chr9,42455976,A,T,APOE,55.3
SMP_4396,chr17,189032371,C,T,VEGFA,46.76
SMP_3062,chr8,40785781,A,G,IL6,23.98
SMP_2716,chr4,241685974,A,T,MYC,58.0
SMP_7792,chr16,120158299,G,T,MTHFR,46.3
SMP_6354,chrX,20095056,T,A,VEGFA,30.84
SMP_1379,chr11,33039256,C,G,MTHFR,28.75
SMP_6355,chr12,230505410,T,A,IL6,62.44
SMP_7856,chr22,218398240,A,C,BRCA2,95.78
SMP_6945,chr20,196736759,C,A,EGFR,65.08
SMP_5310,chr1,205362802,C,A,APOE,50.64
SMP_8123,chr9,39317394,A,T,MYC,42.71
SMP_6075,chr3,239024827,A,T,VEGFA,98.86
SMP_1067,chr15,118703702,A,T,EGFR,49.29
SMP_9830,chrX,15262142,G,T,IL6,27.8
SMP_9944,chr4,174664864,A,T,VEGFA,25.85
SMP_5841,chr21,67589505,C,T,BRCA1,65.82
SMP_7678,chr12,68368775,C,G,MTHFR,44.07
SMP_9397,chr15,90574250,T,G,MTHFR,60.22
SMP_5599,chr2,178189396,C,G,VEGFA,59.67
SMP_1314,chr12,54906426,T,C,MYC,79.12
SMP_5140,chr17,117315724,A,T,EGFR,47.33
SMP_8540,chr5,240436263,T,C,MYC,28.97
SMP_6844,chr10,11736175,G,A,BRCA2,90.54
SMP_8687,chr16,178745530,G,C,BRCA1,35.81
SMP_1420,chr16,217036094,T,A,IL6,51.16
SMP_4657,chrY,154847047,C,A,BRCA1,67.87
SMP_4986,chr18,16617005,T,C,TP53,35.98
SMP_2620,chr6,779554,A,G,BRCA2,58.03
SMP_4610,chr9,111562045,A,G,IL6,71.17
SMP_8137,chr8,43680214,T,C,TNF,64.42
SMP_2490,chr3,31245294,C,T,EGFR,46.65
SMP_3259,chr6,93333158,C,G,IL6,70.42
SMP_3445,chr9,156031246,T,C,BRCA1,43.15
SMP_8231,chrY,46531807,A,T,BRCA1,88.48
SMP_5272,chr4,10590419,A,T,MYC,93.86
SMP_8223,chr19,176968986,T,C,BRCA1,88.67
SMP_9054,chr22,2229518,G,A,VEGFA,26.12
SMP_3496,chr15,32972630,C,G,BRCA1,75.09
SMP_8464,chr8,78602641,G,C,VEGFA,50.53
SMP_9457,chr10,25683863,T,G,MTHFR,29.07
SMP_5220,chr9,248019791,A,C,IL6,83.5
SMP_1210,chr7,208251403,T,C,IL6,59.07
SMP_8557,chr8,217649321,C,T,APOE,54.87
SMP_3057,chr7,176354605,C,G,TP53,75.23
SMP_8500,chr2,864748,A,T,MYC,36.41
SMP_7296,chr5,157036537,C,T,MTHFR,69.8
SMP_6487,chrY,196259568,T,G,MTHFR,68.04
SMP_7564,chr20,218938526,T,A,BRCA2,89.0
SMP_3418,chr21,161443801,A,T,TNF,31.61
SMP_9158,chr19,103249598,A,T,IL6,75.99
SMP_1668,chr11,137721679,A,G,MTHFR,44.8
SMP_6759,chr22,57510020,A,C,IL6,41.59
SMP_9575,chr22,181197371,T,C,VEGFA,33.13
SMP_9703,chr7,155389472,A,C,BRCA1,24.71
SMP_5930,chr13,29403194,G,T,TP53,29.63
SMP_8416,chr19,85952140,A,T,IL6,50.74
SMP_7015,chr16,90238180,T,C,MTHFR,56.8
SMP_6205,chr3,15910594,G,A,TNF,33.19
SMP_4498,chr6,145960744,T,A,EGFR,49.37
SMP_5537,chr21,146477208,A,G,EGFR,77.8
SMP_2662,chr10,74536186,T,A,MYC,28.51
SMP_4199,chr20,77269711,A,G,TNF,51.05
SMP_8909,chr7,48635772,A,G,BRCA2,34.85
SMP_6309,chr18,104147139,C,G,MYC,30.41
SMP_9724,chr8,148778748,G,A,BRCA1,30.52
SMP_3706,chr21,133381281,G,A,BRCA2,67.76
SMP_1275,chr5,142400982,G,C,VEGFA,40.52
SMP_6695,chr19,211206391,A,T,VEGFA,46.1
SMP_6715,chr22,241346846,T,A,VEGFA,32.39
SMP_1870,chr11,18773570,G,A,MYC,39.46
SMP_5501,chr3,231607329,A,C,EGFR,68.46
SMP_9010,chr14,35768279,T,A,BRCA1,22.35
SMP_2730,chr11,104092952,G,A,VEGFA,48.05
SMP_5563,chr18,4124987,A,T,TP53,31.49
SMP_6626,chr1,244777409,G,A,MYC,61.82
SMP_3703,chr5,128128866,G,T,IL6,43.61
SMP_2101,chr22,241007364,G,T,TNF,43.34
SMP_9466,chr17,70085539,G,T,TNF,96.81
SMP_1717,chr16,60663730,T,C,TP53,34.88
SMP_5460,chr2,245519835,A,T,IL6,72.45
SMP_1683,chr12,838513,C,T,EGFR,69.19
SMP_6943,chr20,164930417,A,T,APOE,37.58
SMP_3561,chr3,171430753,G,C,EGFR,33.85
SMP_7222,chr16,76705101,C,A,IL6,34.65
SMP_4832,chr10,146677890,C,A,APOE,90.67
SMP_2993,chr11,14574429,A,G,MTHFR,55.05
SMP_7147,chr21,187983173,G,T,EGFR,41.53
SMP_2746,chr5,15917741,T,C,MTHFR,35.07
SMP_5873,chr18,224734355,A,C,BRCA1,51.89
SMP_8919,chr10,29628566,T,C,MTHFR,78.95
SMP_1470,chr7,157507427,T,C,APOE,66.12
SMP_5651,chr16,16822965,A,C,TNF,69.1
SMP_6948,chr5,221843706,A,C,APOE,90.44
SMP_2124,chr13,89554023,C,A,IL6,94.15
SMP_6895,chr5,104514266,A,G,MYC,30.56
SMP_2989,chr13,66655725,A,C,EGFR,71.68
SMP_8086,chr10,95796803,C,G,MTHFR,46.13
SMP_9781,chr5,110861255,A,C,MYC,30.46
SMP_2462,chr4,201166471,T,C,TP53,33.59
SMP_8473,chr14,28338808,C,G,TP53,54.7
SMP_2250,chr7,9992038,C,A,MTHFR,28.26
SMP_5416,chr4,54105526,G,C,VEGFA,87.98
SMP_7622,chr16,160619555,C,A,EGFR,90.45
SMP_4611,chr20,88182889,C,G,MYC,29.95
SMP_9169,chr4,67702672,C,T,TP53,43.18
SMP_5833,chrX,163134519,C,G,EGFR,68.37
SMP_2704,chr9,242858460,A,C,TNF,56.34
SMP_6072,chr2,167112860,G,A,VEGFA,84.86
SMP_4309,chr17,233619708,G,C,IL6,38.84
SMP_5954,chrY,188971721,G,T,VEGFA,93.16
SMP_1248,chr9,114200154,T,C,BRCA1,35.85
SMP_8040,chr10,102409268,C,A,TNF,98.42
SMP_5407,chr19,50804895,T,G,VEGFA,74.53
SMP_1872,chr18,243536160,C,A,MTHFR,97.2
SMP_3521,chr22,188024633,G,T,BRCA2,81.13
SMP_4403,chr5,109619122,A,G,TNF,73.97
SMP_4734,chr17,72979197,G,A,VEGFA,72.97
SMP_2145,chr6,170621212,C,T,TNF,50.64
SMP_3614,chr8,222445481,G,C,BRCA1,73.44
SMP_9820,chr18,24938627,G,C,MYC,74.92
SMP_2819,chr10,172077781,A,T,MYC,96.21
SMP_6391,chr17,113512099,T,A,MTHFR,79.63
SMP_2386,chr22,77189619,C,T,TP53,39.54
SMP_9509,chr16,152325089,G,A,TNF,88.2
SMP_8561,chr8,199338804,A,T,BRCA1,70.82
SMP_7805,chr2,722881,G,A,EGFR,23.79
SMP_8906,chr7,187471697,G,C,VEGFA,91.98
SMP_2791,chr21,191776259,C,G,MTHFR,94.72
SMP_8346,chr20,245140583,T,A,APOE,55.4
SMP_2529,chrX,80304080,C,T,EGFR,34.69
SMP_7883,chr21,76022693,C,T,APOE,45.59
SMP_3710,chr12,178458669,A,C,TP53,96.83
SMP_1610,chr3,121978455,A,C,MYC,96.53
SMP_3151,chr5,144091158,C,T,BRCA1,56.26
SMP_4072,chr5,117076326,T,A,MTHFR,90.74
SMP_9867,chr19,242245260,A,G,MTHFR,98.18
SMP_4701,chr13,4399319,C,A,TNF,91.0
SMP_8383,chr19,104167043,G,C,VEGFA,82.98
SMP_5235,chr1,32877657,A,T,VEGFA,53.56
SMP_6963,chr5,143131436,T,C,MTHFR,64.63
SMP_6018,chr11,139587203,G,T,MTHFR,56.73
SMP_8434,chr4,102088237,C,A,MTHFR,95.79
SMP_2720,chr18,189789152,C,G,TNF,85.78
SMP_3754,chr8,101814415,C,T,APOE,57.44
SMP_6723,chr12,117501482,G,C,TP53,35.0
SMP_9450,chr6,11927281,G,T,MTHFR,21.5
SMP_3536,chr2,129614689,T,G,TNF,40.21
SMP_8363,chr8,98744800,G,T,IL6,42.43
SMP_7272,chr14,90651778,T,G,TP53,61.22
SMP_6166,chrY,228458088,G,T,IL6,95.61
SMP_8241,chr10,240679351,A,G,BRCA1,84.0
SMP_2452,chr9,184517619,A,G,APOE,20.53
SMP_6055,chr12,152758499,T,G,IL6,85.14
SMP_7357,chr7,162214971,C,G,MYC,49.2
SMP_1764,chr19,106368545,C,T,EGFR,96.89
SMP_5644,chr2,226282241,T,C,BRCA2,44.39
SMP_8329,chr19,204190123,A,C,APOE,24.52
SMP_1655,chr19,222005886,C,T,VEGFA,79.73
SMP_9366,chr2,208076177,C,G,EGFR,27.92
SMP_9120,chrX,201336211,G,T,EGFR,43.11
SMP_8835,chr14,75439801,A,G,BRCA1,22.57
SMP_1701,chr7,2236056,G,C,BRCA1,65.95
SMP_3747,chr19,146740771,A,T,IL6,84.0
SMP_4252,chr7,91875230,C,T,MYC,80.66
SMP_1937,chr19,85346676,G,C,APOE,64.72
SMP_1097,chr9,220511538,A,C,MTHFR,59.57
SMP_5270,chr19,97840839,T,A,MTHFR,53.02
SMP_5182,chr15,172464156,T,G,IL6,56.7
SMP_9574,chr9,215470155,A,C,APOE,28.12
SMP_4219,chr5,53473093,T,A,APOE,29.79
SMP_6953,chr21,191288175,C,A,BRCA2,55.87
SMP_3003,chr19,244008184,A,G,VEGFA,97.25
SMP_7338,chr9,199846392,T,C,TP53,91.61
SMP_9111,chr7,43328878,T,A,TP53,32.12
SMP_2226,chr3,217740487,G,T,BRCA2,56.24
SMP_5834,chr5,46038161,A,T,MYC,84.78
SMP_6189,chr10,43108504,C,A,APOE,76.73
SMP_2778,chr16,135818657,T,A,TNF,36.41
SMP_3247,chr13,234724571,A,G,APOE,65.64
SMP_4448,chr15,99009514,T,G,TNF,96.24
SMP_5558,chr20,26147205,G,T,EGFR,43.28
SMP_7619,chr20,18420910,T,G,MTHFR,40.07
SMP_3805,chr14,48134701,C,T,TNF,35.12
SMP_1746,chr5,160686593,A,T,BRCA1,44.45
SMP_2674,chr14,151289705,A,G,VEGFA,32.2
SMP_3591,chr21,19060888,G,T,IL6,38.32
SMP_4249,chr13,119967910,G,T,BRCA2,63.94
SMP_3467,chr6,98322028,A,C,TP53,83.46
SMP_4632,chr13,76244391,A,C,VEGFA,46.51
SMP_5607,chr5,232840789,A,T,TP53,94.75
SMP_4749,chr3,59931610,C,A,VEGFA,37.41
SMP_7323,chr11,92208711,T,G,BRCA1,71.54
SMP_6867,chr10,166512399,G,A,APOE,88.3
SMP_4523,chr6,155393089,A,T,MYC,44.53
SMP_9058,chr13,215329941,C,G,BRCA1,33.2
SMP_7917,chr10,110769236,C,A,BRCA2,78.28
SMP_3687,chr2,55741520,G,C,TP53,63.05
SMP_1141,chr7,119279484,T,G,TNF,48.4
SMP_1418,chr7,216710929,C,G,TNF,76.91
SMP_1349,chr5,229312850,C,A,IL6,32.66
SMP_3344,chr16,40987843,C,A,IL6,90.4
SMP_4450,chr6,148672119,C,T,TP53,48.49
SMP_9333,chr18,51080370,C,A,BRCA1,76.67
SMP_8964,chr15,96642745,G,A,IL6,61.11
SMP_1146,chr8,75160283,T,G,IL6,65.0
SMP_6545,chr1,138033417,G,T,TP53,21.08
SMP_1058,chrX,225088312,A,C,BRCA2,94.32
SMP_1723,chr10,122889860,T,A,MTHFR,82.96
SMP_3487,chr12,109453132,A,T,EGFR,91.7
SMP_6247,chr14,102104372,G,T,MYC,51.57
SMP_6153,chr11,426368,C,T,MYC,67.37
SMP_9989,chr6,83206257,G,T,VEGFA,32.6
SMP_2930,chr6,221113243,T,C,EGFR,85.48
SMP_8988,chr6,119991775,T,C,BRCA2,27.45
SMP_1445,chr10,24068098,G,A,TP53,37.11
SMP_9045,chr2,211802539,T,A,MTHFR,67.87
SMP_6247,chr7,244999161,G,T,EGFR,66.24
SMP_3198,chr18,76624526,C,G,APOE,85.28
SMP_7528,chr16,87470573,T,A,EGFR,43.17
SMP_9492,chr4,246167546,A,G,TP53,79.71
SMP_2724,chr10,247496136,T,G,MTHFR,51.99
SMP_2459,chr3,41387541,G,C,IL6,94.57
SMP_4532,chr20,70892610,G,T,TP53,88.8
SMP_8638,chr9,83017561,C,T,VEGFA,95.18
SMP_4731,chr14,146322865,G,T,TP53,92.14
SMP_1056,chr5,153978212,A,C,VEGFA,55.67
SMP_3852,chr10,13357573,T,C,EGFR,74.13
SMP_2743,chr3,74252124,A,G,TNF,34.47
SMP_7916,chr13,142123230,A,C,BRCA2,99.85
SMP_7088,chr5,199937216,T,C,VEGFA,20.1
SMP_9607,chr9,3233857,T,G,IL6,73.39
SMP_8675,chr22,72683213,A,C,VEGFA,46.49
SMP_7194,chr18,234731976,A,T,MYC,42.16
SMP_3810,chr10,212890231,C,G,MYC,73.8
SMP_2998,chr19,86368701,T,C,TP53,93.93
SMP_1936,chr11,146614385,A,G,BRCA1,76.72
SMP_5679,chr17,160560287,C,G,BRCA1,64.15
SMP_2312,chr18,232514670,C,A,VEGFA,73.39
SMP_5167,chr20,156660448,G,C,IL6,81.36
SMP_3985,chr17,173421134,T,C,APOE,87.1
SMP_1240,chr21,127422362,A,G,EGFR,27.38
SMP_3037,chr19,156393001,T,A,VEGFA,81.25
SMP_4009,chr22,223475757,C,A,IL6,83.39
SMP_7977,chr19,204276054,G,T,BRCA2,43.49
SMP_2109,chr12,15758641,G,A,IL6,64.76
SMP_7535,chr4,236535573,A,C,MYC,80.26
SMP_6176,chr5,234103719,C,A,APOE,96.13
SMP_4162,chrX,147019424,G,T,TP53,94.61
SMP_7519,chr16,214479079,T,G,IL6,63.67
SMP_1225,chr1,157233233,A,T,TP53,41.63
SMP_8637,chr7,187642897,G,C,BRCA2,53.47
SMP_6795,chr7,53443990,C,T,EGFR,81.13
SMP_1321,chr14,163174720,G,T,TNF,22.73
SMP_8992,chr20,211733668,G,A,BRCA2,86.12
SMP_2000,chr18,77961718,A,C,BRCA1,50.74
SMP_8252,chr19,220693196,G,C,TNF,37.45
SMP_1772,chr8,227962828,A,C,VEGFA,83.19
SMP_5788,chrY,51482945,C,A,BRCA1,71.8
SMP_7382,chr4,210063056,G,A,EGFR,39.48
SMP_6868,chr7,173367845,T,A,BRCA2,93.22
SMP_5473,chr11,94269639,C,A,BRCA1,40.27
SMP_5426,chr14,58043334,G,A,TNF,21.93
SMP_8816,chr21,16763134,A,T,EGFR,67.65
SMP_5512,chr14,111760078,G,T,EGFR,98.93
SMP_4302,chr20,179793287,G,C,MTHFR,92.16
SMP_7238,chr5,74339545,A,C,MTHFR,62.11
SMP_5757,chr16,82344072,A,G,EGFR,90.13
SMP_2652,chr16,194878886,A,T,TNF,59.35
SMP_4644,chr10,60518235,T,A,MYC,82.52
SMP_2631,chr22,8212080,C,A,IL6,55.39
SMP_1584,chr22,51842309,A,T,MTHFR,84.95
SMP_6709,chr5,163208079,A,C,APOE,61.2
SMP_2599,chr22,249908245,C,T,IL6,25.37
SMP_6847,chr7,28949132,G,A,MTHFR,49.04
SMP_4944,chr21,112875373,T,A,MTHFR,97.98
SMP_8695,chrX,189599430,T,C,BRCA2,59.27
SMP_4087,chr2,3791529,T,A,APOE,32.9
SMP_8361,chr13,137607735,T,C,IL6,66.21
SMP_3557,chr20,221248945,T,C,TP53,99.53
SMP_1936,chr11,220598705,C,T,BRCA2,79.88
SMP_2116,chr20,220922528,T,A,BRCA2,83.26
SMP_2195,chr8,100509258,C,G,TP53,50.05
SMP_1337,chr10,42944658,G,C,VEGFA,75.52
SMP_1710,chr21,218998069,G,T,BRCA2,75.06
SMP_8906,chr14,172743098,C,G,IL6,84.33
SMP_2656,chr4,65331300,A,C,TP53,22.45
SMP_4377,chr8,131217717,C,G,MYC,65.79
SMP_8069,chr10,31080280,A,C,BRCA2,41.05
SMP_6291,chr14,29798424,A,C,BRCA2,33.52
SMP_2295,chr9,193420342,C,G,MYC,69.75
SMP_6484,chr2,101886802,G,A,BRCA1,85.11
SMP_9093,chr8,13684848,G,A,TNF,28.65
SMP_2694,chr7,153827005,G,C,MTHFR,98.11
SMP_3590,chr6,139281264,A,T,EGFR,64.71
SMP_4396,chr6,92191400,A,G,APOE,83.29
SMP_3468,chr19,129092629,A,G,TP53,20.98
SMP_8343,chr18,199798055,T,G,VEGFA,96.61
SMP_7869,chr7,72907297,C,A,TP53,62.29
SMP_5004,chr4,162402581,T,A,MTHFR,20.27
SMP_7318,chr13,187531518,T,C,MTHFR,32.45
SMP_9545,chrY,214443688,A,C,MYC,26.74
SMP_2061,chr11,31857105,A,T,TNF,31.18
SMP_6236,chr5,106825511,A,G,APOE,41.26
SMP_6685,chr13,173332124,G,A,BRCA2,77.2
SMP_7811,chr20,243602757,G,C,VEGFA,70.96
SMP_9798,chr12,169148784,T,C,BRCA2,69.93
SMP_7208,chr17,221461365,C,G,BRCA2,66.04
SMP_3535,chr18,114839302,G,A,BRCA2,20.65
SMP_7187,chr21,18593881,G,T,TP53,80.24
SMP_1391,chr22,179596626,A,C,TNF,73.89
SMP_3402,chr19,149873184,A,C,TNF,76.07
SMP_7625,chr22,50191768,G,C,BRCA2,53.87
SMP_4098,chr14,7572824,A,T,MTHFR,79.37
SMP_5119,chr4,199595874,A,T,APOE,88.31
SMP_8019,chr8,191865222,T,A,BRCA2,84.02
SMP_2217,chr22,174021726,C,G,MTHFR,71.02
SMP_1480,chr4,221798391,T,C,APOE,57.66
SMP_9345,chr18,4596781,G,A,EGFR,73.03
SMP_5755,chr22,84345548,T,A,EGFR,22.44
SMP_7808,chr6,228002022,C,G,MTHFR,99.31
SMP_5705,chr19,204662814,A,T,EGFR,33.27
SMP_6844,chr16,56719301,A,T,APOE,32.94
SMP_4224,chr14,221926075,C,A,MTHFR,50.18
SMP_9172,chr15,91852364,T,A,EGFR,92.25
SMP_5060,chr9,240657628,G,A,BRCA2,85.47
SMP_8688,chr6,247687545,T,A,TNF,69.24
SMP_1328,chr4,202461352,G,A,MYC,25.21
SMP_4513,chr3,233534515,A,T,TP53,22.04
SMP_5730,chr2,240539921,A,G,IL6,28.49
SMP_9811,chr21,235489419,G,C,TNF,46.3
SMP_2848,chr17,179357644,C,A,TP53,88.9
SMP_6723,chr16,65905872,G,T,EGFR,95.29
SMP_1027,chr15,178683718,G,C,IL6,31.78
SMP_1877,chr10,220428026,C,T,APOE,27.79
SMP_1530,chr6,37771602,C,G,MTHFR,65.66
SMP_8397,chr3,118512846,C,T,EGFR,71.38
SMP_1899,chr21,92142222,T,C,EGFR,74.18
SMP_3166,chr19,31667235,G,T,BRCA2,95.12
SMP_3400,chr6,136181677,T,A,IL6,55.42
SMP_1091,chr22,46521229,C,T,TP53,66.98
SMP_2361,chr20,7911743,G,C,BRCA1,70.14
SMP_7177,chr7,245276875,C,G,TP53,80.64
SMP_9891,chr9,14486251,G,T,MYC,96.25
SMP_3963,chr1,211474826,C,T,TP53,95.15
SMP_8509,chr1,117967602,A,C,MYC,99.79
SMP_7448,chr7,101083571,A,T,TNF,27.4
SMP_7659,chr15,7435191,C,A,TP53,41.29
SMP_2508,chr17,173992116,A,T,TNF,31.42
SMP_7362,chr19,71216870,T,A,IL6,43.38
SMP_9950,chr19,1009273,T,C,MYC,54.97
SMP_6762,chr11,217573447,T,G,APOE,23.92
SMP_2292,chr20,131620122,G,C,MYC,46.7
SMP_5083,chr2,197074001,T,C,MTHFR,68.41
SMP_6801,chr8,165255358,T,C,BRCA1,48.04
SMP_2452,chr20,107716230,A,C,BRCA2,34.36
SMP_9971,chr21,199636355,A,T,TNF,69.22
SMP_7732,chr18,93945695,C,G,TNF,87.44
SMP_6515,chr9,151523181,C,G,MYC,43.29
SMP_6852,chrY,149930240,A,T,BRCA2,98.53
SMP_4279,chr21,34882485,C,G,BRCA2,37.63
SMP_9276,chr15,162621545,A,T,IL6,73.91
SMP_3988,chrY,229210138,C,G,EGFR,46.75
SMP_8958,chr22,70106010,T,C,APOE,34.45
SMP_2023,chr22,149306961,C,A,VEGFA,74.01
SMP_1862,chr13,64063119,G,C,BRCA2,27.6
SMP_7738,chr11,52150865,T,G,BRCA2,99.53
SMP_6042,chr7,205731166,G,C,VEGFA,21.61
SMP_2780,chr9,141656078,A,T,MYC,71.74
SMP_4256,chr14,98386351,A,C,MYC,97.35
SMP_7666,chr14,219682762,C,T,TP53,42.12
SMP_8340,chr10,229103153,T,A,BRCA2,74.59
SMP_5691,chr3,195849818,G,C,IL6,82.06
SMP_5054,chr17,54819092,T,A,MTHFR,61.31
SMP_8146,chr15,158699582,A,C,IL6,97.86
SMP_3544,chr21,95109438,G,A,MTHFR,43.77
SMP_8177,chr22,201447315,T,C,TP53,66.73
SMP_2208,chr21,126262813,C,A,TNF,85.78
SMP_5294,chr4,160275782,C,T,EGFR,72.35
SMP_2526,chr18,129172229,C,G,APOE,98.02
SMP_4944,chr2,70936594,C,G,MTHFR,70.15
SMP_3528,chr8,213440291,G,T,BRCA2,38.73
SMP_4666,chrX,223833648,T,G,APOE,33.04
SMP_2844,chr9,59723191,A,T,MYC,52.1
SMP_9868,chr17,166727688,C,G,EGFR,53.94
SMP_9113,chr15,112506041,C,A,VEGFA,53.56
SMP_9428,chr21,172088390,G,C,BRCA1,84.7
SMP_3669,chr20,237074419,T,C,BRCA2,50.02
SMP_2139,chr19,142678660,T,G,EGFR,35.89
SMP_7414,chr14,45747591,C,G,TNF,51.21
SMP_9707,chr14,174215572,T,A,APOE,91.66
SMP_1792,chr10,98899531,G,A,BRCA1,97.64
SMP_9186,chr12,64994938,A,T,MTHFR,79.4
SMP_8217,chrX,208157961,G,C,MTHFR,66.82
SMP_1593,chr12,59623249,C,A,APOE,29.63
SMP_2753,chr4,98795270,A,T,APOE,30.2
SMP_3603,chrY,86602386,A,G,IL6,64.16
SMP_7852,chr11,18361528,A,G,APOE,90.28
SMP_7157,chr2,200087537,A,G,BRCA1,54.61
SMP_1693,chr15,19815986,A,G,MYC,90.37
SMP_3176,chr5,138251522,C,G,TNF,39.27
SMP_6869,chr20,101530015,C,T,EGFR,27.57
SMP_1533,chr5,185137759,T,C,MYC,48.76
SMP_6829,chr5,181319175,A,C,APOE,78.81
SMP_9414,chr18,49814620,T,C,TNF,23.76
SMP_2150,chr21,97997078,T,A,VEGFA,83.06
SMP_8097,chr1,195797825,G,C,VEGFA,29.93
SMP_4414,chr21,226862983,T,C,APOE,90.37
SMP_3767,chr8,194269329,C,G,APOE,29.8
SMP_6208,chr18,221418331,T,A,MTHFR,23.44
SMP_1349,chr16,18098784,A,C,BRCA1,56.04
SMP_6213,chr9,10772791,A,C,VEGFA,22.62
SMP_8030,chr10,17282565,G,A,TP53,84.25
SMP_8394,chr2,133332413,C,G,BRCA1,67.38
SMP_8222,chr5,11314984,C,T,BRCA2,81.6
SMP_5243,chr4,24885409,A,T,MYC,79.65
SMP_7111,chr1,105842289,A,T,TP53,93.72
SMP_3696,chr12,196577424,A,G,MYC,66.69
SMP_6121,chr19,137363702,A,T,APOE,32.91
SMP_7038,chr18,44668029,C,A,IL6,29.38
SMP_9306,chr13,75709290,G,C,TNF,29.8
SMP_5243,chr22,136520201,G,C,MTHFR,68.95
SMP_1335,chr3,204870667,A,T,VEGFA,68.44
SMP_5051,chr9,76998221,T,G,APOE,67.18
SMP_9294,chr22,32297194,T,G,TP53,53.41
SMP_9199,chr15,34024897,G,A,EGFR,89.83
SMP_9577,chr22,107757214,A,C,APOE,27.96
SMP_8851,chr19,6816197,T,A,IL6,61.19
SMP_8542,chrY,60796615,G,A,MTHFR,62.95
SMP_9162,chr7,66848883,A,C,VEGFA,85.82
SMP_9381,chr13,42931071,C,A,EGFR,64.77
SMP_3921,chr2,73913440,G,A,VEGFA,80.93
SMP_3368,chr2,165278858,A,T,MTHFR,70.44
SMP_2131,chr10,9094179,A,T,APOE,94.11
SMP_4992,chr9,82155762,T,G,APOE,49.16
SMP_2869,chr2,201888889,C,T,EGFR,34.35
SMP_7364,chr15,137682933,G,C,VEGFA,48.31
SMP_3527,chr5,70081822,T,C,TP53,66.54
SMP_5871,chr2,124081552,A,G,MTHFR,60.72
SMP_1273,chr8,169139909,A,T,BRCA1,66.62
SMP_9815,chr10,236686620,A,T,BRCA1,44.18
SMP_6029,chr5,159395217,T,G,TP53,88.93
SMP_6566,chr6,32593618,A,T,EGFR,31.63
SMP_1255,chrY,200463100,A,C,APOE,76.6
SMP_5335,chr22,218194472,C,A,TP53,71.64
SMP_2259,chr9,163008677,T,C,TNF,63.41
SMP_6093,chr17,185606049,A,G,TP53,94.28
SMP_2440,chr20,202804286,C,G,BRCA2,38.86
SMP_9280,chr22,106264316,G,C,BRCA2,93.88
SMP_6269,chr16,214002751,T,G,EGFR,78.26
SMP_1047,chr10,239402724,C,T,BRCA2,94.58
SMP_4693,chr21,142813184,A,C,TNF,78.3
SMP_3197,chr11,94080943,T,C,BRCA1,49.07
SMP_7870,chr12,80626645,T,A,EGFR,52.11
SMP_6673,chr18,208018248,C,G,APOE,20.59
SMP_9604,chr16,99829542,C,G,MTHFR,70.12
SMP_4518,chr15,164326181,T,G,EGFR,68.68
SMP_8934,chr12,203821991,C,T,BRCA1,58.74
SMP_9341,chr13,75749823,T,G,TP53,83.24
SMP_1769,chr9,181088776,G,C,BRCA2,30.06
SMP_1452,chr9,222985916,T,C,MYC,35.21
SMP_8116,chr11,222642273,G,T,BRCA1,83.91
SMP_7123,chr13,104193936,T,C,TNF,67.88
SMP_5527,chr5,160630230,C,G,VEGFA,45.92
SMP_5640,chr21,43083722,G,C,TNF,52.87
SMP_1337,chr4,229068915,T,G,TP53,26.5
SMP_8672,chr10,243042548,G,A,EGFR,24.76
SMP_6447,chr11,28551890,T,A,EGFR,62.63
SMP_7433,chr8,42382406,C,T,MTHFR,42.51
SMP_9813,chr2,127369107,C,G,IL6,57.61
SMP_9496,chr8,212075121,C,A,VEGFA,65.88
SMP_2046,chr6,38450591,A,T,TP53,54.2
SMP_7222,chr14,78340350,G,T,BRCA1,60.05
SMP_6631,chr6,160913953,C,G,APOE,75.28
SMP_6098,chr2,186269126,T,C,EGFR,82.16
SMP_4823,chr6,2235323,A,T,BRCA1,42.53
SMP_1029,chr14,88353840,A,G,TNF,70.96
SMP_7767,chr21,14765071,T,C,IL6,80.93
SMP_8020,chr17,57156781,A,G,BRCA2,87.05
SMP_6371,chr2,125273283,G,A,TNF,36.29
SMP_2369,chr8,12607768,G,A,MTHFR,48.8
SMP_8412,chr10,107609305,G,C,TP53,74.73
SMP_2538,chr16,85398012,T,G,IL6,94.37
SMP_3797,chr5,125176306,C,G,BRCA1,57.97
SMP_7611,chr8,6011148,G,A,APOE,98.44
SMP_3398,chr8,53097471,A,G,VEGFA,25.23
SMP_9343,chr8,167590808,C,G,TNF,73.27
SMP_6050,chr14,151328780,G,A,MTHFR,74.58
SMP_9987,chr12,69667939,C,G,APOE,96.47
SMP_6331,chr18,208169703,C,A,EGFR,77.67
SMP_6674,chr15,162409539,T,C,BRCA1,76.39
SMP_3930,chr1,215603019,A,C,VEGFA,63.97
SMP_5055,chr4,68093618,G,T,MYC,24.28
SMP_4231,chr22,56699675,G,T,EGFR,40.05
SMP_4864,chr21,60358039,G,C,TNF,68.41
SMP_4646,chr2,241878664,G,T,BRCA2,72.36
SMP_2079,chr8,237988856,T,A,BRCA1,95.58
SMP_7151,chr1,54880745,G,A,BRCA1,52.26
SMP_1892,chrY,219457480,A,G,VEGFA,60.8
SMP_8333,chr8,155070623,A,C,IL6,61.3
SMP_1042,chr12,6704903,C,A,MTHFR,77.04
SMP_6095,chr10,219827859,A,T,TP53,26.79
SMP_5640,chr19,158441315,G,T,EGFR,67.91
SMP_5543,chr19,126019821,T,A,BRCA1,25.25
SMP_5464,chr12,104689442,A,C,EGFR,24.2
SMP_8251,chr2,68240000,A,C,BRCA1,87.59
SMP_9408,chr4,40859659,A,G,MTHFR,62.49
SMP_9189,chr14,12766331,C,A,VEGFA,93.35
SMP_1973,chr3,47272258,C,G,BRCA1,28.95
SMP_4100,chr1,246656347,T,C,EGFR,62.65
SMP_4338,chr4,107734460,C,T,EGFR,25.08
SMP_4829,chr9,90356574,T,A,BRCA1,97.72
SMP_8461,chr14,35964106,G,C,BRCA1,84.43
SMP_7288,chr5,58631558,C,T,EGFR,54.23
SMP_1204,chr5,153416219,C,T,BRCA2,93.67
SMP_6376,chr15,20631556,A,G,VEGFA,36.65
SMP_8784,chr18,206002344,G,A,MTHFR,45.81
SMP_7860,chr12,70506810,G,T,VEGFA,54.78
SMP_6025,chr18,7745977,G,C,BRCA2,53.35
SMP_2110,chr10,170018525,G,A,VEGFA,24.32
SMP_4497,chr10,67538408,T,A,TP53,78.0
SMP_3776,chr20,133216309,C,G,IL6,20.68
SMP_9306,chr20,108079726,A,T,IL6,58.48
SMP_5520,chr10,204665183,G,T,MYC,90.34
SMP_3076,chr22,117953035,A,T,MTHFR,31.44
SMP_4451,chr22,233409983,T,C,APOE,22.87
SMP_7143,chr15,63560638,C,A,IL6,83.51
SMP_3566,chr1,70415139,T,C,MYC,83.4
SMP_9461,chr10,227371726,C,G,BRCA2,77.72
SMP_1027,chr8,56281898,T,C,MYC,84.77
SMP_6227,chr4,106900800,C,G,BRCA1,80.24
SMP_9355,chr8,246514306,A,T,EGFR,35.01
SMP_7285,chr10,175601093,T,G,BRCA1,26.58
SMP_7249,chr19,54107703,C,T,TP53,88.4
SMP_9057,chr17,18408661,T,C,APOE,29.69
SMP_7012,chr13,121088490,A,T,TNF,27.02
SMP_1498,chr3,230860168,C,A,EGFR,52.05
SMP_5028,chr18,212039982,T,G,EGFR,33.5
SMP_5925,chr5,80523312,A,G,VEGFA,49.53
SMP_7583,chr7,18572572,C,A,EGFR,59.33
SMP_9785,chr15,107051874,T,G,MYC,43.37
SMP_7746,chr7,201669847,G,T,EGFR,96.69
SMP_4714,chr8,208934419,C,G,BRCA2,87.3
SMP_8677,chr9,221815208,C,T,VEGFA,43.24
SMP_7867,chr7,20474158,C,T,EGFR,51.0
SMP_3378,chr19,71552342,G,A,TNF,81.14
SMP_3138,chr17,243156422,G,A,TP53,22.77
SMP_8802,chrY,61906697,T,A,BRCA2,40.92
SMP_6809,chr1,114528407,T,A,TNF,34.81
SMP_3225,chr2,106702103,A,G,TP53,32.52
SMP_4792,chr21,8671638,C,G,BRCA2,84.44
SMP_7218,chr21,172744736,T,C,IL6,68.07
SMP_6808,chr14,99398669,C,A,BRCA1,53.74
SMP_6839,chr12,211440651,A,C,TNF,92.5
SMP_4906,chr3,53238647,T,G,MYC,73.42
SMP_2716,chr13,11178649,T,A,EGFR,72.99
SMP_7279,chr9,247735590,A,T,BRCA1,34.91
SMP_4007,chr11,55445665,C,T,BRCA2,63.61
SMP_4984,chr7,121916521,T,C,TP53,50.13
SMP_8472,chr17,211728201,G,C,EGFR,37.71
SMP_9274,chr5,44232723,C,T,APOE,24.38
SMP_3741,chr6,122692899,A,C,MYC,64.32
SMP_1031,chr3,188002436,G,A,MYC,94.45
SMP_2554,chr11,28240039,C,A,VEGFA,74.03
SMP_1943,chr11,63612080,A,G,TP53,88.29
SMP_2641,chr22,238553003,G,T,APOE,48.39
SMP_4558,chr6,75288372,A,C,MYC,60.55
SMP_3743,chr16,203503321,C,T,TP53,83.98
SMP_3647,chr16,220603375,C,A,TP53,44.74
SMP_3497,chrX,155813698,G,T,MTHFR,98.34
SMP_2947,chr1,249166576,A,C,TNF,89.01
SMP_8487,chr12,48459660,C,T,VEGFA,70.47
SMP_2565,chr5,152225914,C,G,BRCA1,70.17
SMP_3966,chr17,167968158,C,G,EGFR,68.71
SMP_7810,chr1,180116346,G,C,MYC,84.68
SMP_4457,chr19,171994915,G,A,IL6,46.79
SMP_2309,chr10,192051993,G,A,VEGFA,37.94
SMP_9122,chr8,176623161,A,G,IL6,42.12
SMP_4981,chr16,137780904,A,G,IL6,41.53
SMP_5783,chr9,206160697,C,A,IL6,81.08
SMP_8105,chr14,104757445,C,A,MYC,59.99
SMP_8699,chr13,73837430,T,A,BRCA2,86.53
SMP_7889,chr15,19497445,C,A,VEGFA,64.66
SMP_9943,chrX,55306571,A,G,MYC,70.26
SMP_1384,chr14,33671360,A,C,BRCA1,55.39
SMP_8204,chrX,12277929,G,A,BRCA2,36.6
SMP_7298,chr9,46037010,G,C,EGFR,45.03
SMP_8568,chr2,73543477,C,T,MTHFR,75.3
SMP_9149,chr21,121193487,A,G,BRCA1,55.52
SMP_1113,chr15,224984000,G,T,MYC,29.39
SMP_4580,chr19,163076108,A,G,BRCA1,29.17
SMP_5667,chr5,226820942,T,G,BRCA1,23.75
SMP_7662,chr12,195193056,G,T,VEGFA,96.65
SMP_8336,chrX,223098000,G,T,MYC,24.53
SMP_8106,chr22,178592937,A,T,TP53,85.19
SMP_2205,chr20,66892024,C,T,VEGFA,82.34
SMP_2439,chr5,51409978,A,C,TNF,20.05
SMP_8277,chr11,236071008,G,T,VEGFA,23.41
SMP_4945,chr6,97646964,T,C,TP53,50.82
SMP_4429,chr3,242381242,G,C,BRCA1,21.61
SMP_6565,chr18,212069065,G,A,APOE,29.94
SMP_9360,chr20,198803776,A,T,VEGFA,78.62
SMP_7030,chr5,230164213,T,A,IL6,39.42
SMP_5272,chr22,27279138,T,G,MTHFR,89.84
SMP_2307,chr19,55848665,G,A,IL6,52.88
SMP_6081,chr16,202656684,T,C,BRCA2,36.56
SMP_4329,chr12,174167678,G,C,IL6,41.91
SMP_3628,chr19,12720364,C,A,TNF,27.78
SMP_9450,chr18,71229548,T,A,TP53,50.79
SMP_9634,chr1,124116669,C,T,TP53,49.01
SMP_6317,chr19,213445105,T,A,IL6,23.93
SMP_1495,chr6,146782062,C,T,VEGFA,24.85
SMP_5581,chr17,119133101,G,T,MTHFR,74.58
SMP_1610,chr5,120047048,G,T,MYC,62.66
SMP_7709,chr18,149540965,C,T,TP53,20.98
SMP_5459,chr1,17560722,G,T,TP53,59.19
SMP_5620,chr20,29908232,T,A,EGFR,54.49
SMP_1801,chr6,17451429,A,T,APOE,39.6
SMP_9108,chr8,232076418,T,C,TP53,78.16
SMP_4347,chr16,165050214,C,T,TP53,89.6
SMP_4107,chr4,248940824,G,A,APOE,54.57
SMP_5578,chrY,164380651,G,A,VEGFA,68.14
SMP_3306,chr5,130923452,G,C,BRCA2,37.02
SMP_3329,chr7,52170090,A,G,BRCA1,68.29
SMP_8884,chr3,172563432,A,C,TP53,88.45
SMP_2878,chr2,24939145,C,T,TP53,48.26
SMP_6604,chr3,66767877,C,G,TP53,54.45
SMP_1934,chr3,95459721,G,A,TNF,70.23
SMP_2025,chr1,215381212,C,T,MTHFR,60.32
SMP_1896,chr20,87529137,T,C,MYC,61.97
SMP_2535,chr5,153747883,T,A,EGFR,24.7
SMP_3180,chr12,208712411,C,T,TNF,41.23
SMP_5943,chr4,42299443,G,T,BRCA2,64.91
SMP_8606,chr9,184865885,T,A,EGFR,66.3
SMP_5407,chr15,205492225,A,T,TNF,55.82
SMP_3521,chr14,237810398,T,G,BRCA1,39.95
SMP_4781,chr17,118583031,G,A,BRCA2,82.13
SMP_2683,chr8,144967351,T,G,MTHFR,43.78
SMP_4574,chrY,237148887,C,G,BRCA1,25.53
SMP_3459,chr1,228291762,A,C,BRCA2,28.33
SMP_7864,chr19,156730123,G,A,TNF,29.82
SMP_6743,chr12,227085631,A,T,EGFR,53.04
SMP_5399,chr17,69518742,T,C,VEGFA,50.4
SMP_9275,chr19,27697350,G,A,MTHFR,58.66
SMP_6520,chrY,152630539,T,A,MTHFR,80.75
SMP_5047,chr8,39117236,A,C,IL6,91.98
SMP_9088,chr4,45274552,C,G,APOE,44.28
SMP_5967,chr4,143952085,G,A,BRCA1,70.0
SMP_9072,chr10,175776045,T,C,MYC,59.17
SMP_9205,chr5,248610613,T,G,TP53,89.02
SMP_5555,chr2,28439975,G,C,APOE,22.35
SMP_2217,chr9,46976586,T,G,EGFR,32.16
SMP_8142,chr21,223554033,C,T,MTHFR,99.69
SMP_2740,chr21,75857904,C,A,MYC,43.47
SMP_7210,chr12,146999954,T,G,BRCA2,49.8
SMP_3553,chr8,122011910,C,A,MTHFR,60.67
SMP_2994,chr6,113425709,C,G,MTHFR,49.59
SMP_2420,chr11,126163497,A,C,BRCA1,60.18
SMP_8080,chr18,40037492,A,T,IL6,39.62
SMP_7327,chr3,129985659,C,T,BRCA1,97.23
SMP_6229,chr7,225031937,G,T,TP53,54.1
SMP_6640,chr11,7946296,T,A,MYC,33.6
SMP_4634,chr13,15526352,G,T,EGFR,89.18
SMP_4007,chr19,120443410,C,G,IL6,23.19
SMP_6798,chr22,152231822,A,G,VEGFA,85.75
SMP_2478,chr7,51649247,A,T,MTHFR,98.53
SMP_2737,chr22,47516676,T,G,BRCA1,65.35
SMP_5886,chr8,213406016,C,T,APOE,95.97
SMP_9967,chr16,247211326,G,C,BRCA1,40.07
SMP_3143,chr13,234988236,G,T,IL6,34.42
SMP_1888,chr12,85549237,C,G,VEGFA,79.26
SMP_1211,chr6,75656285,G,C,BRCA1,81.41
SMP_2748,chrX,189030057,G,A,TNF,87.82
SMP_8367,chr15,236748231,A,G,IL6,23.39
SMP_5361,chr15,15505614,T,C,TNF,63.08
SMP_5069,chr19,180891514,G,C,IL6,76.06
SMP_4037,chr15,91194305,A,C,BRCA2,77.75
SMP_2152,chr1,236347979,C,T,MTHFR,29.16
SMP_3583,chr5,68377290,A,T,MTHFR,62.12
SMP_5412,chr8,227078815,G,C,VEGFA,73.45
SMP_9898,chr22,187741592,C,A,MTHFR,20.73
SMP_6926,chr11,171741083,C,T,MTHFR,37.84
SMP_8589,chr5,61083385,A,T,TP53,58.24
SMP_1014,chr17,71627419,A,G,MTHFR,21.23
SMP_2410,chr16,32303037,A,T,IL6,83.83
SMP_7155,chr12,240614839,G,T,MTHFR,68.59
SMP_2355,chr12,243994275,G,A,TNF,73.29
SMP_1086,chr18,72527432,C,A,TNF,64.84
SMP_7103,chr8,40839608,T,G,TP53,22.98
SMP_3983,chr5,164317108,T,A,IL6,94.36
SMP_1972,chr9,160881222,A,G,MYC,80.05
SMP_3919,chr16,221464618,T,A,TNF,60.47
SMP_3759,chr2,106469167,C,T,BRCA1,52.37
SMP_9235,chr20,26436447,G,A,EGFR,99.64
SMP_4014,chr15,13532692,T,C,TP53,53.06
SMP_5621,chr17,96445108,A,C,APOE,38.86
SMP_6148,chr18,221751445,C,T,IL6,96.5
SMP_9781,chr11,184038245,C,G,MTHFR,45.17
SMP_9547,chr7,184270985,A,C,MTHFR,25.62
SMP_3640,chrX,6217253,C,A,MYC,74.36
SMP_1280,chr10,54384941,C,G,APOE,85.01
SMP_9704,chr22,7172960,C,G,VEGFA,57.68
SMP_9796,chr22,109562188,C,A,MYC,51.26
SMP_8104,chr21,168484912,T,C,EGFR,70.82
SMP_1841,chr15,140686313,G,A,MYC,23.57
SMP_3968,chr16,75309409,C,T,MYC,40.08
SMP_4015,chr20,110187430,A,T,IL6,62.79
SMP_7054,chr15,240241896,T,C,TNF,64.12
SMP_1542,chrX,180081162,A,T,EGFR,49.73
SMP_2558,chr4,246620812,G,T,MYC,22.21
SMP_5676,chrX,77444691,G,T,BRCA2,60.52
SMP_4264,chrY,12888505,A,T,MYC,72.59
SMP_6741,chr7,229720041,A,C,APOE,47.38
SMP_1041,chr2,17741004,C,G,TNF,47.58
SMP_4354,chr19,243166669,G,A,TP53,49.28
SMP_6497,chr10,198803328,T,G,MYC,75.61
SMP_3494,chr11,218559674,T,C,VEGFA,22.68
SMP_5828,chr22,70198288,A,G,EGFR,70.3
SMP_7165,chr19,54775214,T,C,BRCA2,23.4
SMP_5003,chr14,132394518,A,T,APOE,52.56
SMP_5320,chr16,154160351,G,A,APOE,66.18
SMP_1963,chr13,10540426,A,G,TNF,83.79
SMP_2796,chr4,219658784,C,G,MYC,71.07
SMP_7663,chr1,50452907,G,C,TP53,84.57
SMP_6688,chr13,100738849,G,T,IL6,36.6
SMP_2224,chr5,19982304,C,T,IL6,54.68
SMP_4056,chr13,236851356,T,G,TNF,36.4
SMP_3476,chr18,207991027,C,A,TNF,87.01
SMP_5958,chr17,64079958,A,C,MYC,95.48
SMP_4555,chr22,32425866,T,A,VEGFA,30.68
SMP_9057,chrY,52171605,A,G,VEGFA,61.26
SMP_1332,chr1,233172850,G,C,BRCA2,56.19
SMP_2691,chr13,194052370,C,T,TP53,38.0
SMP_4540,chr1,176840584,G,C,MTHFR,59.54
SMP_4201,chr4,178292344,C,G,BRCA1,58.74
SMP_8960,chr2,164744971,C,G,VEGFA,70.44
SMP_8561,chr18,22115564,T,C,MYC,61.2
SMP_2297,chr11,155499146,G,A,BRCA1,64.3
SMP_7601,chr1,223029077,T,A,TP53,51.59
SMP_8309,chr16,46771094,C,T,BRCA1,63.04
SMP_3541,chr10,8450230,A,G,EGFR,66.46
SMP_1366,chr10,138799094,T,G,IL6,86.31
SMP_5691,chr20,85670576,G,C,IL6,42.56
SMP_1190,chr7,100961176,A,C,MYC,77.43
SMP_2332,chr4,164431364,T,C,VEGFA,61.85
SMP_1929,chr13,83413106,C,G,APOE,64.24
SMP_4291,chr13,108004438,G,A,IL6,91.89
SMP_5610,chr9,62428010,T,C,EGFR,40.39
SMP_2581,chr21,219447354,T,G,BRCA2,22.26
SMP_1130,chr16,186477974,G,A,MTHFR,74.81
SMP_9489,chr5,73364259,A,G,TP53,51.96
SMP_4531,chr11,236119023,A,T,BRCA1,48.65
SMP_7636,chr12,144996126,G,T,VEGFA,50.8
SMP_6864,chr5,40687290,C,T,BRCA1,62.23
SMP_3825,chrX,144619123,T,A,IL6,24.2
SMP_9989,chr17,181177221,T,G,EGFR,84.52
SMP_1059,chr8,32882350,A,G,MYC,23.96
SMP_5775,chr17,141510425,T,G,EGFR,74.95
SMP_7408,chr1,6989687,C,G,BRCA2,44.09
SMP_4630,chr9,39485519,T,G,MTHFR,55.12
SMP_4652,chr6,12289676,C,G,MYC,39.81
SMP_3122,chr10,95238353,G,C,IL6,39.62
SMP_9372,chr5,120172552,A,C,BRCA1,20.55
SMP_5945,chr18,149350784,T,G,MYC,98.12
SMP_8811,chr4,206971990,C,G,MTHFR,97.28
SMP_8511,chr18,249055307,T,C,MTHFR,90.08
SMP_7854,chr7,14153957,C,T,APOE,25.81
SMP_3995,chr7,110594935,T,G,MYC,70.93
SMP_8443,chr5,48523671,T,G,MTHFR,40.65
SMP_1018,chr15,69650965,A,G,VEGFA,93.79
SMP_7613,chr4,21484270,T,G,BRCA1,58.72
SMP_5749,chr15,141418097,G,C,EGFR,78.03
SMP_1332,chr15,141118588,A,T,BRCA1,86.65
SMP_6172,chr5,247355258,T,C,VEGFA,35.3
SMP_8231,chr3,10989565,T,A,MYC,46.47
SMP_7060,chr6,184562655,T,A,TP53,84.9
SMP_3102,chr10,243200098,T,C,APOE,51.79
SMP_5682,chr14,221635752,G,C,TNF,34.21
SMP_3469,chr5,94219708,G,T,MYC,65.93
SMP_3587,chr6,18254070,T,C,TP53,73.62
SMP_2195,chr10,59222634,C,T,MYC,44.22
SMP_1237,chr12,20673905,T,G,EGFR,85.83
SMP_5163,chr10,127820862,T,G,MYC,32.32
SMP_5522,chr2,179094454,C,G,MTHFR,81.28
SMP_3633,chr21,208474324,G,C,VEGFA,37.11
SMP_3330,chr8,160287038,A,C,APOE,88.89
SMP_4827,chr6,60053745,C,A,BRCA1,33.87
SMP_1452,chr9,10926410,C,G,MYC,84.99
SMP_1241,chr16,29614116,G,C,MTHFR,81.17
SMP_4278,chr15,10996781,T,C,VEGFA,63.97
SMP_6535,chr13,241818128,T,C,VEGFA,52.82
SMP_1391,chr13,64457463,G,T,BRCA1,76.65
SMP_5446,chr10,191432791,C,G,VEGFA,22.89
SMP_7886,chr16,98388528,T,C,VEGFA,20.75
SMP_3455,chr8,211867225,A,G,IL6,33.84
SMP_4245,chr9,32243345,C,T,MTHFR,60.52
SMP_5224,chr10,152626544,A,G,TP53,50.96
SMP_8357,chr6,219202798,G,T,EGFR,22.18
SMP_7917,chr1,144697465,A,G,TP53,34.79
SMP_4850,chr11,111013880,A,C,BRCA2,42.97
SMP_7544,chrX,152723760,C,T,MYC,47.91
SMP_1290,chr6,91513695,G,T,EGFR,20.39
SMP_6420,chr6,179659562,G,C,BRCA2,53.15
SMP_5658,chr2,23815936,T,G,EGFR,26.0
SMP_7979,chr14,14820072,G,C,VEGFA,69.76
SMP_2220,chr4,124906905,G,A,APOE,38.62
SMP_6397,chr19,36479137,G,T,BRCA2,34.06
SMP_8136,chr22,207024677,T,C,EGFR,26.63
SMP_4154,chr6,100312332,A,C,VEGFA,58.9
SMP_1885,chr10,135900065,G,T,IL6,67.04
SMP_4959,chr12,21271888,T,G,BRCA1,82.55
SMP_9704,chr22,234230274,A,T,IL6,53.4
SMP_7931,chr3,11576911,G,A,EGFR,65.21
SMP_8607,chr22,137070949,G,A,APOE,36.63
SMP_9747,chr20,99041108,C,G,TP53,58.58
SMP_9512,chr6,136233931,T,G,BRCA1,81.71
SMP_6533,chr16,92245705,A,G,BRCA1,73.18
SMP_2863,chr3,104923352,G,T,IL6,21.96
SMP_6319,chr20,232045630,T,G,MTHFR,50.92
SMP_9910,chr13,42918212,A,C,MYC,50.19
SMP_5781,chr9,156686638,G,A,VEGFA,31.32
SMP_2998,chr22,72055651,A,C,EGFR,92.95
SMP_6259,chr21,164478429,T,G,MYC,53.45
SMP_4812,chr19,111800294,C,T,VEGFA,73.79
SMP_2635,chr7,151815885,T,G,TNF,42.04
SMP_4029,chrY,27838799,G,C,MYC,85.6
SMP_4997,chr5,114033604,C,T,IL6,45.41
SMP_4939,chr5,4410230,C,A,TNF,99.33
SMP_5234,chr11,248959548,A,G,TP53,72.53
SMP_4830,chr3,188808880,T,C,TP53,30.31
SMP_7095,chrX,191094655,G,C,APOE,76.1
SMP_3413,chr15,157842549,G,C,APOE,45.28
SMP_5415,chr2,203687111,A,G,IL6,75.13
SMP_2780,chr13,203526370,C,T,APOE,99.86
SMP_1215,chr7,130010634,G,T,TP53,63.4
SMP_1500,chr7,4863685,C,A,APOE,91.56
SMP_4190,chr14,114750775,C,A,TNF,76.21
SMP_5536,chr2,70888151,T,A,EGFR,99.3
SMP_7935,chr20,140096900,T,G,BRCA1,34.52
SMP_8045,chr6,140383585,G,T,VEGFA,34.2
SMP_5754,chr17,232239113,C,T,TNF,85.4
SMP_4746,chr12,126294054,A,G,MYC,96.56
SMP_7992,chr15,86239270,C,A,BRCA2,41.34
SMP_3773,chr4,199639876,G,T,EGFR,47.27
SMP_9658,chr7,8547332,C,A,EGFR,66.13
SMP_6593,chr8,23386343,C,G,BRCA2,60.22
SMP_3883,chr22,176559642,C,T,EGFR,43.89
SMP_5722,chr11,138349353,G,C,MYC,21.23
SMP_1835,chr11,166844576,T,C,BRCA2,29.63
SMP_5363,chr14,26633926,A,G,IL6,33.48
SMP_2968,chr9,155640089,C,A,APOE,74.54
SMP_7197,chr2,245800671,A,G,MYC,36.29
SMP_5376,chr6,174338958,A,C,TNF,87.35
SMP_9523,chr4,126144369,C,G,MYC,45.71
SMP_3985,chr12,222432972,G,C,TNF,43.3
SMP_3914,chr1,24849158,G,T,MTHFR,44.04
SMP_5155,chr8,121718158,C,G,BRCA2,75.64
SMP_8731,chr20,229854381,A,T,BRCA1,94.44
SMP_9345,chr10,139890785,C,A,VEGFA,94.03
SMP_3719,chr16,73891284,C,T,APOE,81.46
SMP_3418,chr3,87646464,T,G,MTHFR,67.08
SMP_5562,chr14,121079413,T,A,EGFR,62.58
SMP_2371,chr15,73682490,G,A,MYC,46.65
SMP_8363,chr10,158807243,T,C,APOE,70.08
SMP_2048,chr10,85058828,T,C,MYC,44.78
SMP_2153,chr11,134707521,G,C,EGFR,61.5
SMP_9309,chr22,32346939,T,A,APOE,51.46
SMP_7115,chr4,40311872,C,A,TP53,32.9
SMP_3036,chr15,189716944,A,C,VEGFA,29.85
SMP_5202,chr3,68359597,T,A,TP53,27.23
SMP_6918,chr20,95850015,G,A,MTHFR,86.67
SMP_1277,chrY,81271204,T,G,EGFR,54.41
SMP_7586,chr10,235342748,G,T,MTHFR,39.48
SMP_6635,chr4,181508005,A,C,BRCA2,54.41
SMP_7565,chr15,7215293,G,A,IL6,94.74
SMP_2091,chr9,174731351,C,G,VEGFA,99.09
SMP_9844,chr9,57508356,A,G,EGFR,54.43
SMP_9243,chr14,10043647,C,A,BRCA2,78.42
SMP_6118,chr17,109601098,T,A,BRCA1,51.45
SMP_3152,chr12,104555955,T,C,BRCA1,43.42
SMP_1344,chr5,62086800,T,G,BRCA2,76.04
SMP_5491,chr4,200631925,C,A,EGFR,57.68
SMP_7409,chr15,141068918,G,T,APOE,34.21
SMP_8921,chr9,226483445,A,C,TP53,88.65
SMP_2358,chrX,132828261,C,A,VEGFA,33.94
SMP_2379,chr18,41551310,C,G,VEGFA,93.13
SMP_3781,chr6,109165007,C,G,BRCA2,48.11
SMP_1776,chr20,240010302,C,G,TP53,94.81
SMP_2333,chr16,122590424,C,G,BRCA2,66.62
SMP_3819,chr17,65071228,T,A,BRCA2,36.04
SMP_3353,chr1,239360482,A,C,EGFR,56.11
SMP_7866,chr9,135694922,T,C,BRCA1,31.49
SMP_2248,chr17,151177617,C,T,VEGFA,34.25
SMP_6455,chr18,184888669,A,C,IL6,31.77
SMP_9727,chr22,199458897,G,T,MYC,40.53
SMP_7583,chr7,188889901,A,T,MYC,57.29
SMP_7328,chr7,112699950,T,C,TP53,34.9
SMP_1233,chr5,155328873,A,T,BRCA2,55.23
SMP_2880,chrY,171166748,C,G,TNF,89.22
SMP_6132,chr18,215838351,C,A,IL6,79.54
SMP_1706,chrY,201408541,T,A,BRCA1,70.83
SMP_5328,chr17,213530368,G,C,VEGFA,53.44
SMP_6426,chr6,218004926,T,A,MTHFR,23.26
SMP_8428,chrX,121606806,A,C,IL6,89.05
SMP_7319,chr5,130344440,A,C,BRCA1,92.87
SMP_4026,chr11,216160289,C,A,BRCA1,30.3
SMP_4319,chrY,214267270,T,A,TP53,92.64
SMP_1894,chrY,15951568,C,G,MYC,41.68
SMP_3576,chr7,214039171,C,A,TP53,62.29
SMP_5554,chr1,161850735,G,T,EGFR,83.89
SMP_2930,chr22,125390072,C,A,APOE,56.22
SMP_4033,chr15,125154290,A,C,IL6,30.33
SMP_7378,chr20,134222423,T,C,MYC,36.6
SMP_2665,chr14,45495330,T,C,EGFR,33.84
SMP_7821,chr4,161682143,A,C,IL6,91.9
SMP_5005,chr19,208709422,A,T,TNF,26.73
SMP_2772,chr7,180988604,T,A,VEGFA,21.76
SMP_9320,chrY,103700339,C,G,APOE,84.05
SMP_3133,chr8,104986026,A,T,IL6,94.94
SMP_6272,chr1,57234659,G,A,TP53,72.04
SMP_5854,chr15,151094669,C,T,VEGFA,63.79
SMP_2113,chr22,3960538,T,A,BRCA1,71.47
SMP_5930,chr13,57074708,C,T,APOE,80.94
SMP_4070,chrX,105807304,G,T,MTHFR,99.69
SMP_4737,chr10,105597619,T,A,TP53,46.25
SMP_5850,chr21,210032804,A,C,BRCA1,66.51
SMP_2320,chr17,147374171,T,G,MTHFR,22.79
SMP_4701,chr12,239339982,G,A,VEGFA,52.04
SMP_7435,chr18,62642294,T,C,EGFR,55.41
SMP_9842,chr6,247798191,T,A,TP53,36.23
SMP_9498,chr16,182018451,T,G,IL6,26.31
SMP_4634,chrX,167962084,T,C,TNF,31.38
SMP_8524,chr10,169407974,G,A,MYC,62.35
SMP_8775,chr18,127875013,A,G,MYC,45.77
SMP_5872,chr10,110126581,C,A,APOE,60.46
SMP_1429,chr6,44522495,G,C,VEGFA,57.44
SMP_7617,chr4,225665683,T,G,EGFR,92.65
SMP_4687,chr13,185228624,C,A,VEGFA,71.23
SMP_6454,chr11,172368210,A,C,TP53,88.95
SMP_1548,chr17,89828316,C,T,BRCA1,22.36
SMP_7635,chr11,181297255,T,C,BRCA1,58.74
SMP_6416,chr7,104931863,G,T,BRCA1,52.66
SMP_8389,chr15,119767906,C,G,EGFR,28.43
SMP_1135,chr22,56287978,A,G,MTHFR,67.54
SMP_5069,chr18,168720562,A,G,VEGFA,81.7
SMP_8905,chr7,40751535,T,A,MTHFR,30.86
SMP_1149,chr4,215066662,C,A,BRCA2,23.77
SMP_8105,chr18,125703497,A,T,IL6,33.86
SMP_5993,chr21,21666368,A,G,IL6,75.73
SMP_9183,chr13,129308217,A,C,TP53,93.04
SMP_2028,chr9,123970749,C,A,IL6,75.33
SMP_6284,chr20,64732869,C,G,BRCA2,26.8
SMP_8792,chrX,157485649,A,G,TNF,89.71
SMP_1597,chrY,128589482,T,A,MTHFR,97.16
SMP_3472,chr21,216957012,A,T,BRCA1,94.79
SMP_6430,chr10,144470729,C,G,TP53,26.33
SMP_3130,chr9,83874154,C,A,TNF,79.16
SMP_2503,chr13,102917278,C,G,EGFR,45.15
SMP_6669,chr18,147810145,G,C,TP53,46.19
SMP_4092,chr15,220064863,G,C,BRCA2,77.41
SMP_3720,chr11,176241976,C,A,MYC,25.94
SMP_4897,chr13,20501954,G,T,IL6,66.14
SMP_2234,chr12,246500671,C,T,BRCA2,90.26
SMP_1525,chr8,3430358,A,G,MTHFR,77.75
SMP_1156,chr19,15700680,A,C,APOE,35.95
SMP_2680,chr7,42343143,T,A,TP53,77.12
SMP_1449,chr8,60724144,A,G,MYC,86.11
SMP_5066,chr22,135806745,C,A,BRCA2,94.08
SMP_1532,chrY,104503227,G,C,VEGFA,46.8
SMP_5298,chr17,10039882,T,A,TP53,99.64
SMP_3521,chr19,7904484,T,A,TP53,44.6
SMP_2428,chr18,127405566,C,A,MYC,69.02
SMP_9662,chr4,28049911,G,T,TP53,45.46
SMP_9629,chr9,91360470,A,C,IL6,84.59
SMP_3361,chr20,48624450,G,C,BRCA2,70.89
SMP_2473,chr11,173748145,A,C,VEGFA,66.73
SMP_7850,chr21,4501404,C,A,BRCA2,82.52
SMP_8757,chrY,64473128,A,T,TP53,30.47
SMP_5397,chr14,97258611,T,G,MYC,63.69
SMP_7844,chr5,200534670,G,T,MTHFR,79.68
SMP_9230,chr2,165288044,T,G,MYC,86.42
SMP_3527,chr9,72821591,G,C,IL6,22.22
SMP_1354,chr14,17902911,G,A,EGFR,48.95
SMP_4378,chr2,248248610,G,A,MTHFR,48.4
SMP_9326,chr3,246356213,C,A,TP53,63.2
SMP_1940,chrY,223531589,A,T,MYC,67.55
SMP_2576,chr7,74163748,C,G,MTHFR,24.01
SMP_3442,chr20,139843530,T,A,TP53,30.86
SMP_5216,chr13,100079227,A,T,TNF,92.13
SMP_8416,chr18,48546092,T,G,BRCA1,31.63
SMP_2599,chr3,128463717,G,A,VEGFA,85.97
SMP_9327,chr4,27460289,T,C,BRCA2,64.37
SMP_8649,chr22,246230229,G,T,IL6,57.2
SMP_2483,chr7,201041268,C,G,IL6,59.07
SMP_6417,chr15,101714918,T,C,BRCA2,61.78
SMP_6569,chr19,202269987,G,A,MYC,61.56
SMP_1022,chr14,234311496,G,A,EGFR,96.52
SMP_3291,chr9,95121926,C,A,APOE,39.41
SMP_9493,chr11,81601929,G,A,BRCA2,24.74
SMP_6355,chr20,127913073,A,C,VEGFA,95.9
SMP_5555,chr21,177189606,G,C,BRCA2,58.86
SMP_2926,chr17,37208765,C,T,BRCA1,52.4
SMP_5586,chr14,58811486,C,T,VEGFA,84.49
SMP_9705,chr7,233513885,G,A,VEGFA,70.55
SMP_9088,chr4,193045174,G,C,MTHFR,64.28
SMP_1831,chr2,179451908,C,T,TNF,89.53
SMP_4673,chr20,197196483,T,G,TP53,80.8
SMP_9008,chrY,75916746,C,A,MTHFR,26.73
SMP_8223,chr14,124520878,A,G,VEGFA,41.04
SMP_9382,chr4,233314678,A,T,MTHFR,86.0
SMP_2847,chr1,192072647,A,G,TNF,40.83
SMP_5276,chr21,215691549,T,G,TNF,41.23
SMP_5924,chr18,69082290,T,A,EGFR,45.47
SMP_7081,chr22,10675820,A,C,BRCA2,51.81
SMP_7728,chr5,57742102,G,C,TP53,28.53
SMP_1504,chr11,96382138,T,C,VEGFA,30.74
SMP_2546,chr19,226732444,G,C,TP53,84.21
SMP_1788,chr2,219597209,A,G,TNF,85.08
SMP_4119,chr19,99493549,C,G,EGFR,25.23
SMP_2498,chr13,132180861,G,T,APOE,43.54
SMP_1103,chr15,240285724,T,C,APOE,31.7
SMP_3047,chr2,88715704,G,A,MYC,50.21
SMP_5433,chr21,31968905,C,A,VEGFA,83.64
SMP_1837,chr4,93880264,G,T,TP53,45.1
SMP_7614,chr9,124642799,G,C,BRCA1,71.45
SMP_4872,chr19,186841093,T,C,BRCA1,76.28
SMP_1772,chrX,5536035,G,A,EGFR,20.54
SMP_1973,chr19,144756531,G,A,MYC,43.07
SMP_6554,chr17,205606315,A,C,EGFR,24.12
SMP_7620,chr20,146605612,C,A,VEGFA,53.63
SMP_4888,chr3,151367353,G,T,MTHFR,99.0
SMP_7989,chr4,75254089,A,C,MYC,49.73
SMP_8897,chr3,226752445,G,C,BRCA2,48.89
SMP_6446,chr21,1277506,C,G,EGFR,53.23
SMP_3402,chr6,75725486,T,G,BRCA2,66.6
SMP_3650,chr1,247120888,G,T,MTHFR,44.8
SMP_1821,chr8,217742067,G,A,VEGFA,79.74
SMP_1441,chr3,209387504,T,G,TP53,79.58
SMP_6297,chr3,163149900,C,A,BRCA2,72.08
SMP_3395,chr21,159824837,A,G,BRCA1,23.88
SMP_3389,chr7,50588014,T,A,VEGFA,64.75
SMP_8340,chr8,81389821,C,T,MYC,75.43
SMP_3730,chr2,163352078,T,A,BRCA1,83.93
SMP_2383,chr22,218604417,G,C,MYC,90.12
SMP_5036,chr8,123341796,G,C,MTHFR,71.26
SMP_9954,chr3,200661193,T,G,BRCA2,67.93
SMP_5925,chr6,181067211,T,C,APOE,41.75
SMP_9653,chr9,119943348,C,A,MTHFR,35.61
SMP_5704,chr9,236021645,A,G,MYC,98.28
SMP_7258,chr3,152609000,A,G,APOE,45.33
SMP_7586,chr10,87414060,A,G,BRCA1,67.65
SMP_1030,chr10,141090792,A,T,BRCA1,85.11
SMP_3030,chr11,209278039,T,G,EGFR,66.99
SMP_8155,chr19,119222499,G,A,BRCA2,44.56
SMP_2013,chr15,105766194,C,G,VEGFA,36.3
SMP_1378,chr22,28253047,C,G,VEGFA,21.23
SMP_2193,chr3,78920639,T,G,MTHFR,50.47
SMP_9721,chr19,131114373,C,A,EGFR,52.47
SMP_1413,chr14,37992708,C,G,BRCA1,32.76
SMP_8160,chr20,206321487,G,T,APOE,93.73
SMP_1242,chr8,51468414,A,T,EGFR,57.11
SMP_9291,chr5,206696839,T,A,IL6,28.07
SMP_2096,chr7,222501438,T,A,MYC,53.34
SMP_9422,chr17,72238488,G,C,IL6,22.09
SMP_9029,chr11,193015130,G,A,VEGFA,83.55
SMP_8487,chr3,198551322,T,G,BRCA1,34.95
SMP_3989,chr21,184970570,G,T,EGFR,80.67
SMP_6926,chr5,110541768,A,T,EGFR,79.69
SMP_5024,chr12,78754318,A,C,TP53,80.4
SMP_8514,chr20,129383407,A,G,TP53,67.65
SMP_7391,chr3,191609577,G,T,TNF,38.95
SMP_2600,chr14,222608743,C,T,BRCA1,66.75
SMP_7239,chr13,115091316,G,T,MTHFR,41.01
SMP_8410,chr19,6075359,T,C,MTHFR,48.24
SMP_7757,chr8,140906562,T,G,BRCA1,79.8
SMP_4718,chr16,240984643,T,C,TNF,34.58
SMP_6785,chr15,95063096,G,T,TNF,56.05
SMP_2075,chr11,128500346,G,A,EGFR,39.09
SMP_5320,chr2,76443912,T,G,MYC,51.03
SMP_1856,chr14,99741268,G,C,EGFR,99.42
SMP_4937,chr14,225727688,G,C,MYC,34.06
SMP_1993,chr3,179711917,C,A,IL6,45.88
SMP_2009,chr17,9087161,C,G,VEGFA,62.45
SMP_6510,chr18,110204595,G,C,VEGFA,93.71
SMP_5009,chr4,150342412,C,A,BRCA2,41.29
SMP_4789,chr16,22092695,C,G,BRCA2,69.59
SMP_7447,chr21,158493923,G,A,MYC,57.09
SMP_6185,chr9,110183996,G,A,BRCA2,90.65
SMP_5084,chr17,116660976,T,G,VEGFA,32.71
SMP_3494,chr16,197406318,C,G,EGFR,52.12
SMP_6733,chr19,50741738,A,G,APOE,45.57
SMP_4876,chr21,245169658,T,C,BRCA1,75.78
SMP_7654,chr18,20179314,A,G,MTHFR,30.17
SMP_8343,chr4,31149066,C,T,VEGFA,61.38
SMP_4030,chr8,245765795,C,G,TP53,24.69
SMP_3344,chr14,237583060,A,G,TNF,51.54
SMP_2811,chr15,209062477,T,C,BRCA2,63.74
SMP_8416,chr19,235926652,G,A,EGFR,41.65
SMP_6042,chr5,104024984,G,A,MYC,25.48
SMP_1128,chr6,150389192,C,G,APOE,38.88
SMP_1905,chr13,48710083,A,T,MTHFR,34.34
SMP_7501,chr2,214595887,G,A,BRCA1,21.1
SMP_3707,chr5,191924199,A,T,APOE,51.59
SMP_4754,chr17,31673902,T,C,TP53,49.38
SMP_8367,chr9,14726742,G,T,BRCA1,58.93
SMP_6447,chr6,125461447,C,G,EGFR,81.55
SMP_3977,chr21,244356974,G,C,BRCA1,87.75
SMP_2486,chr22,241947854,C,G,IL6,73.76
SMP_9617,chr6,164202024,A,T,TP53,90.02
SMP_3521,chrY,142020562,C,A,TNF,26.27
SMP_2662,chr4,2569525,C,A,IL6,38.8
SMP_4501,chr19,246588407,A,T,APOE,31.44
SMP_3682,chr21,134415227,G,T,VEGFA,37.88
SMP_4131,chr8,93695867,A,C,MYC,86.2
SMP_6564,chr7,13215503,G,C,BRCA1,83.55
SMP_7540,chr12,126900028,T,A,BRCA1,54.72
SMP_7253,chr22,240967559,T,G,TNF,90.79
SMP_2223,chr10,197766584,T,C,EGFR,61.25
SMP_2991,chr12,53474365,A,C,IL6,59.21
SMP_6731,chr9,216294165,G,T,APOE,75.67
SMP_1373,chr8,212535207,A,C,BRCA1,91.13
SMP_1002,chr8,48293725,C,A,TP53,25.17
SMP_2700,chr3,3540444,G,T,IL6,92.39
SMP_4948,chr6,120535081,C,A,TNF,60.82
SMP_9888,chr9,149733839,G,T,VEGFA,44.93
SMP_4366,chr11,128360631,G,A,APOE,54.92
SMP_9533,chr20,35951145,T,A,TNF,66.95
SMP_2893,chr18,89066917,T,G,BRCA1,99.67
SMP_6458,chr13,148317700,A,G,BRCA1,88.34
SMP_4127,chr17,200366880,G,A,TP53,46.29
SMP_7441,chr13,227152586,G,A,TNF,84.88
SMP_3969,chr13,132619858,C,A,MYC,32.08
SMP_3214,chr12,141976276,A,C,TP53,86.77
SMP_8224,chr19,185796470,A,C,IL6,25.15
SMP_3523,chr1,224731599,A,T,IL6,69.97
SMP_9150,chr9,84382102,C,G,TNF,55.58
SMP_4742,chr5,100326380,A,T,BRCA2,83.94
SMP_6876,chr8,18034547,T,A,APOE,60.26
SMP_7685,chr4,75338671,C,T,BRCA1,23.89
SMP_3294,chr10,121274514,A,G,APOE,95.2
SMP_2596,chr19,24782905,A,T,TP53,69.19
SMP_4971,chr16,62999200,G,T,APOE,45.31
SMP_8403,chr19,165525388,C,G,APOE,46.6
SMP_1900,chr18,32662806,T,G,TP53,44.36
SMP_3120,chr16,33351098,T,C,APOE,53.37
SMP_4394,chr10,8431377,C,G,MTHFR,75.55
SMP_9143,chr19,85315912,T,A,IL6,82.03
SMP_7773,chr1,20448680,G,C,APOE,86.39
SMP_7417,chr2,52058166,A,G,TP53,90.14
SMP_3144,chr5,224892899,G,T,APOE,68.44
SMP_5568,chr4,127471425,G,T,VEGFA,62.68
SMP_7174,chr3,152551404,G,C,BRCA1,46.38
SMP_7072,chr5,46362742,C,T,MTHFR,69.92
SMP_5756,chr2,130591755,G,C,MTHFR,46.77
SMP_5768,chr19,208443903,A,T,IL6,23.14
SMP_4397,chr16,111145054,T,A,EGFR,72.02
SMP_8286,chr7,172609263,A,C,VEGFA,21.42
SMP_8802,chr16,17055758,T,C,TP53,51.81
SMP_3683,chr18,178555700,T,G,VEGFA,35.69
SMP_5343,chr16,969778,T,C,BRCA2,69.57
SMP_3059,chr18,5265656,T,A,BRCA1,51.69
SMP_3786,chr20,126510288,A,T,TNF,25.31
SMP_5687,chr9,42534103,T,C,BRCA2,46.33
SMP_1441,chr21,26979683,T,G,APOE,20.95
SMP_1705,chr4,194480190,C,G,TNF,32.57
SMP_1050,chr7,27854479,T,G,EGFR,30.25
SMP_8156,chr1,16437676,T,A,IL6,62.39
SMP_8022,chr12,19402731,G,A,BRCA1,59.85
SMP_8198,chr1,200230829,A,T,APOE,89.03
SMP_4575,chr17,188801947,G,C,BRCA1,62.26
SMP_6245,chr15,25624668,A,T,TNF,65.21
SMP_3212,chr9,111898952,C,G,MTHFR,75.2
SMP_2354,chr16,145381531,A,G,VEGFA,37.95
SMP_5727,chr18,213731344,C,T,TNF,59.44
SMP_8246,chr8,231377752,A,T,TP53,78.27
SMP_5877,chrX,185537868,A,T,APOE,77.84
SMP_8643,chr21,93695073,T,C,MYC,83.43
SMP_8358,chr10,3633024,C,T,VEGFA,26.44
SMP_6575,chr19,87857782,G,A,APOE,47.92
SMP_2190,chr4,110097611,A,C,EGFR,58.02
SMP_7475,chr16,22654267,A,C,MYC,25.83
SMP_4127,chr19,123453024,A,G,BRCA1,92.68
SMP_5788,chr14,224369781,T,C,BRCA2,96.05
SMP_7044,chr21,224169326,G,A,BRCA1,87.81
SMP_7138,chr22,77072640,A,T,TNF,50.1
SMP_5474,chr21,15492034,T,C,MYC,94.75
SMP_8653,chr15,217956885,A,G,MTHFR,47.66
SMP_1782,chr14,180651424,A,C,TP53,73.82
SMP_5070,chr20,71490440,C,G,MTHFR,25.52
SMP_7118,chr9,75891720,G,A,APOE,96.25
SMP_6836,chr10,175592998,A,G,BRCA1,35.18
SMP_3492,chrX,159133931,T,C,TNF,59.54
SMP_6512,chr14,190182402,C,G,MYC,59.51
SMP_9460,chr8,227149413,T,G,APOE,53.31
SMP_6797,chr22,199416429,T,C,VEGFA,65.9
SMP_5586,chr3,206823488,G,A,VEGFA,35.81
SMP_6562,chr1,181383878,A,G,MTHFR,43.01
SMP_9643,chr2,76397275,C,G,TP53,22.72
SMP_5968,chr1,34638020,G,C,MYC,28.3
SMP_9151,chrY,212919343,G,A,VEGFA,23.91
SMP_7226,chr3,229148467,G,T,TNF,50.01
SMP_6343,chr9,34392508,A,C,APOE,36.94
SMP_1081,chr19,38175965,G,C,IL6,27.39
SMP_6369,chr10,212595617,C,A,VEGFA,26.08
SMP_7023,chr19,119327734,C,A,MYC,53.87
SMP_4354,chr21,101117290,G,T,TP53,43.57
SMP_7058,chr2,87754365,G,T,TNF,97.61
SMP_8159,chr5,11529141,A,T,MTHFR,31.11
SMP_2626,chr21,44843882,C,T,EGFR,50.43
SMP_5921,chr16,234445435,G,T,TP53,53.18
SMP_9825,chr6,69122160,A,C,APOE,22.72
SMP_7666,chr21,150721384,T,C,MYC,23.7
SMP_3314,chr3,15409819,A,T,EGFR,32.4
SMP_7172,chr7,33023496,A,G,MYC,54.89
SMP_7669,chr19,140496756,A,C,MYC,63.28
SMP_4651,chr11,122491269,A,G,IL6,71.92
SMP_2327,chr19,204676125,C,G,IL6,69.25
SMP_8679,chr8,95236637,A,T,IL6,29.39
SMP_7453,chr2,226105872,T,G,EGFR,39.34
SMP_5863,chr6,77670813,C,A,BRCA1,72.99
SMP_6408,chr3,116884818,A,C,MYC,80.94
SMP_4292,chr18,68697336,T,G,BRCA2,38.39
SMP_3236,chr9,99433711,C,G,IL6,35.52
SMP_5717,chr20,96124136,A,G,EGFR,93.27
SMP_9846,chr13,77501707,A,T,VEGFA,96.98
SMP_5048,chr9,12848086,C,A,IL6,86.89
SMP_3352,chr20,244905575,C,G,BRCA2,80.54
SMP_6692,chr3,18978393,T,A,VEGFA,27.46
SMP_9872,chrX,108245883,A,G,TNF,85.33
SMP_9092,chrX,131717154,G,A,IL6,24.12
SMP_2198,chr20,211578093,C,G,MYC,49.53
SMP_7365,chr16,172896278,C,T,VEGFA,98.07
SMP_8295,chr14,154283200,G,A,MYC,62.45
SMP_8326,chr22,147425242,G,A,MYC,45.46
SMP_1222,chr9,178503929,C,A,TP53,49.01
SMP_2268,chr16,191812183,T,G,BRCA1,68.02
SMP_1390,chr14,179481905,C,T,VEGFA,92.97
SMP_5256,chr19,191720491,A,G,BRCA1,73.04
SMP_5028,chr4,59521543,T,C,EGFR,80.9
SMP_9644,chr21,92775001,T,C,EGFR,39.86
SMP_2453,chr6,232294347,G,A,BRCA1,81.96
SMP_1866,chr15,213110667,T,G,IL6,89.38
SMP_6170,chrX,184060547,G,A,VEGFA,49.51
SMP_3941,chr16,162664462,C,G,BRCA2,55.35
SMP_2181,chr20,172007590,C,T,MYC,78.43
SMP_8928,chr14,202391200,C,A,TP53,42.2
SMP_7881,chr21,109779467,C,A,TNF,92.63
SMP_2235,chr6,103981739,A,T,TNF,26.16
SMP_8748,chr14,3376246,G,C,IL6,67.47
SMP_4366,chr20,76691710,C,A,EGFR,78.14
SMP_2810,chr17,217769164,A,T,TP53,98.27
SMP_6997,chr2,102386952,G,C,IL6,20.75
SMP_4698,chr7,236554001,A,C,BRCA1,38.81
SMP_6677,chr10,127790069,C,T,IL6,36.61
SMP_4891,chr11,49982494,A,G,APOE,74.46
SMP_5337,chr11,21465031,G,A,EGFR,78.22
SMP_9185,chr20,98278502,G,C,MYC,98.5
SMP_9125,chr11,187291732,C,A,MYC,34.51
SMP_8800,chr2,74415295,G,C,EGFR,69.28
SMP_7089,chr1,194506731,G,A,EGFR,72.71
SMP_2035,chr9,57409086,G,C,TNF,68.18
SMP_2725,chr6,215853708,T,A,TNF,30.91
SMP_3542,chr5,57442891,C,G,EGFR,43.0
SMP_4713,chr20,205696254,T,C,BRCA2,39.66
SMP_9031,chr16,102318908,C,G,APOE,93.82
SMP_4479,chr9,247848033,G,T,EGFR,33.5
SMP_6827,chr18,160852958,T,G,BRCA2,96.96
SMP_5557,chr15,50916646,T,A,TP53,34.8
SMP_8922,chr14,205423211,A,G,EGFR,26.51
SMP_2440,chr4,13832052,T,A,IL6,50.4
SMP_8555,chr15,243066021,C,T,MTHFR,37.31
SMP_5279,chr8,114853969,C,G,MYC,70.33
SMP_4901,chr14,49646041,T,C,BRCA2,82.76
SMP_2083,chr14,102736304,T,A,TNF,32.12
SMP_4989,chr18,187302387,A,T,EGFR,69.38
SMP_9181,chr17,171594272,C,G,BRCA2,99.05
SMP_5163,chr20,160586314,A,G,BRCA1,88.91
SMP_5165,chr21,12843903,T,C,MYC,22.71
SMP_7254,chr11,161837140,C,T,VEGFA,82.62
SMP_6646,chr21,185840409,T,C,MYC,29.43
SMP_2355,chr6,179448628,G,C,APOE,38.79
SMP_9853,chr5,36725482,G,C,BRCA1,57.96
SMP_6908,chr2,168805771,G,C,BRCA1,97.38
SMP_6176,chr16,39461328,C,A,TP53,77.45
SMP_8900,chr19,134754181,T,G,BRCA1,24.65
SMP_2598,chrY,164183754,T,C,BRCA1,82.86
SMP_2079,chr16,12227227,C,G,MTHFR,36.97
SMP_6079,chr9,27709487,T,A,TP53,22.72
SMP_7234,chr20,38832511,C,T,BRCA2,93.74
SMP_3806,chr3,42982614,A,T,TNF,55.82
SMP_1535,chr16,82700363,C,G,MYC,95.35
SMP_7201,chr18,168414439,T,C,VEGFA,32.31
SMP_5668,chr17,130052793,G,C,BRCA2,56.41
SMP_6551,chr6,192496066,A,G,TNF,33.0
SMP_7989,chr7,21412002,A,T,MTHFR,97.85
SMP_8798,chr16,173500334,T,C,TP53,43.81
SMP_9685,chr5,204163329,G,C,TNF,61.08
SMP_1472,chr17,213979350,T,A,IL6,66.82
SMP_7118,chr20,234683109,T,C,TP53,68.63
SMP_6740,chr17,39297496,A,C,TNF,20.74
SMP_3562,chr22,159426343,A,T,BRCA1,51.71
SMP_8301,chr7,16958286,A,T,BRCA2,59.26
SMP_7360,chr1,88579199,T,C,APOE,26.3
SMP_2761,chr20,244220531,T,A,BRCA2,55.84
SMP_2675,chr13,224366557,G,T,EGFR,24.69
SMP_8908,chr5,86983882,G,C,TP53,87.09
SMP_7348,chr3,26243892,A,T,TP53,34.84
SMP_3009,chr13,206101218,G,A,BRCA1,53.78
SMP_1011,chr19,222485438,T,A,VEGFA,99.81
SMP_5711,chr13,181414066,C,T,TNF,32.43
SMP_1100,chr8,164443127,A,T,VEGFA,30.87
SMP_6146,chr11,194986315,A,G,MYC,90.65
SMP_2552,chrX,247346789,A,G,BRCA1,61.65
SMP_4118,chr16,201213173,C,A,BRCA2,45.07
SMP_7259,chr15,158333379,T,C,BRCA2,30.64
SMP_3192,chr15,243043029,A,T,IL6,45.45
SMP_5952,chr13,124718976,C,T,MYC,67.49
SMP_9208,chr10,78888681,T,A,VEGFA,44.89
SMP_1145,chr17,221802607,A,C,MYC,35.04
SMP_8984,chr17,199586185,C,T,TP53,70.82
SMP_4828,chr5,34294195,T,A,MYC,65.19
SMP_3728,chr8,6051788,A,C,MYC,24.26
SMP_3540,chr2,149383917,G,C,BRCA2,27.12
SMP_3085,chrY,141638724,C,T,APOE,27.28
SMP_4975,chr19,61961264,G,T,BRCA1,72.75
SMP_2138,chr14,141645200,T,C,BRCA2,63.83
SMP_6711,chr15,141819116,T,C,EGFR,24.09
SMP_5653,chr20,90266764,C,A,BRCA2,37.36
SMP_1520,chr19,92686363,C,G,IL6,67.67
SMP_5683,chr3,79813522,A,C,IL6,26.11
SMP_9703,chr3,103024458,C,A,BRCA1,25.77
SMP_2184,chr5,21901804,T,A,APOE,79.7
SMP_2246,chr5,89262419,T,A,IL6,78.39
SMP_7825,chr14,154125405,T,A,APOE,46.48
SMP_5785,chr16,64759379,T,C,APOE,39.77
SMP_3140,chr2,187133596,G,C,APOE,97.77
SMP_9901,chr12,191401678,G,T,TP53,26.16
SMP_9073,chr6,240972790,A,G,TNF,29.43
SMP_9322,chr16,50886189,G,T,VEGFA,78.67
SMP_7149,chr3,205816865,C,A,MYC,77.94
SMP_2959,chr5,22819082,T,G,VEGFA,51.69
SMP_9336,chr16,20185682,C,A,BRCA1,74.32
SMP_9417,chr8,204107218,G,C,TP53,88.65
SMP_7930,chr15,159487548,C,G,TNF,73.62
SMP_8309,chr4,234854950,C,G,TP53,98.09
SMP_3025,chr14,78440036,A,T,VEGFA,60.84
SMP_7897,chr13,196388672,T,G,TP53,48.26
SMP_4195,chr1,150099388,C,A,EGFR,33.65
SMP_8330,chr2,102133785,T,A,VEGFA,90.81
SMP_6755,chr19,102787191,C,G,BRCA2,27.95
SMP_3669,chr22,64816513,C,G,BRCA2,77.59
SMP_2284,chr8,1323826,G,T,APOE,86.44
SMP_6348,chr13,124555462,T,C,MYC,31.08
SMP_1766,chr18,53149699,G,C,TP53,99.73
SMP_2597,chr6,88601691,C,A,TNF,48.85
SMP_9582,chr15,107061708,C,A,TNF,79.17
SMP_3235,chr9,249629241,G,T,TP53,25.47
SMP_2054,chr13,226149757,A,T,VEGFA,51.22
SMP_5334,chr6,89280035,T,A,MTHFR,40.34
SMP_1034,chr4,65621550,A,G,BRCA2,85.25
SMP_9444,chr15,23692580,C,A,EGFR,36.73
SMP_3708,chr7,134903118,T,C,MYC,58.76
SMP_5667,chr13,217041222,T,G,VEGFA,79.02
SMP_7984,chr22,165566410,C,T,VEGFA,80.72
SMP_8365,chr4,190012204,A,G,BRCA1,50.08
SMP_9334,chr13,160377923,A,T,TNF,53.28
SMP_5351,chr12,50609562,A,G,APOE,27.49
SMP_6508,chr22,146524703,T,C,VEGFA,76.69
SMP_7336,chr7,4997667,A,T,IL6,61.93
SMP_1964,chr11,113667002,T,A,MTHFR,40.36
SMP_5758,chr22,174498435,G,A,EGFR,53.75
SMP_8368,chr15,94321676,G,T,BRCA2,48.54
SMP_5503,chr2,133133243,C,A,VEGFA,81.01
SMP_6269,chr12,91737008,C,G,IL6,73.78
SMP_7237,chr21,167920723,C,T,EGFR,68.66
SMP_2602,chr20,36003653,T,A,EGFR,23.56
SMP_8077,chr17,111469888,G,T,APOE,37.65
SMP_7432,chr12,44702559,C,T,BRCA1,33.2
SMP_8986,chr13,72692735,A,C,VEGFA,98.6
SMP_5338,chr16,115746151,T,G,BRCA2,25.04
SMP_9383,chr17,17235470,G,T,IL6,83.98
SMP_2042,chr1,45001061,T,A,BRCA2,30.02
SMP_3141,chr1,35099284,A,T,BRCA2,98.66
SMP_8442,chr20,216433538,G,C,EGFR,93.92
SMP_6911,chr7,109876349,A,G,BRCA1,62.97
SMP_7863,chr12,78783961,C,A,MTHFR,33.86
SMP_3045,chr2,81608792,A,T,IL6,50.17
SMP_5651,chr10,99159032,A,T,MYC,25.2
SMP_1100,chr17,18720708,C,T,TP53,96.3
SMP_1001,chr20,89661404,T,G,MYC,63.36
SMP_3226,chr21,210230488,G,A,EGFR,37.56
SMP_5976,chr18,66919222,T,G,TP53,78.2
SMP_3247,chr15,27392110,A,T,TNF,87.96
SMP_5261,chr17,32130294,G,T,BRCA1,44.2
SMP_8116,chr10,239096440,G,T,IL6,61.8
SMP_7443,chr5,5590233,G,A,TP53,90.54
SMP_3663,chr13,62562130,G,C,MYC,52.42
SMP_8933,chrY,136639232,T,C,TNF,62.3
SMP_6755,chr2,134988656,T,C,BRCA2,34.02
SMP_7740,chr11,35450832,T,A,BRCA1,90.03
SMP_2567,chr22,169896716,T,G,MYC,84.34
SMP_4936,chr17,3801514,G,T,TP53,26.12
SMP_4126,chr15,4664614,G,T,MYC,72.9
SMP_2233,chr10,211862749,G,T,TNF,39.42
SMP_3672,chr18,1196331,A,T,IL6,31.6
SMP_1072,chrY,58345506,T,C,IL6,87.49
SMP_3593,chr4,182701640,G,A,MYC,67.71
SMP_4827,chr22,178615199,A,G,IL6,27.65
SMP_6389,chr9,26625046,A,C,APOE,74.93
SMP_4471,chr3,213741939,C,G,APOE,67.31
SMP_4864,chr2,124990247,C,A,EGFR,36.72
SMP_3761,chr2,14513523,A,C,BRCA2,56.44
SMP_5073,chr12,161141743,A,G,BRCA1,28.91
SMP_9226,chr18,37905598,T,G,IL6,73.56
SMP_7368,chrX,193460884,T,G,BRCA2,91.05
SMP_4500,chr10,105679945,A,C,TNF,46.7
SMP_8347,chr1,196385936,C,A,IL6,35.82
SMP_5562,chr22,147485250,T,G,IL6,64.77
SMP_4890,chr7,60174002,G,T,MTHFR,45.09
SMP_1019,chr6,140565928,T,A,BRCA2,50.24
SMP_8969,chr22,116901871,C,G,APOE,97.83
SMP_7804,chr8,67416012,C,G,MYC,29.4
SMP_2138,chr15,230648568,A,T,IL6,61.71
SMP_2311,chrX,152323684,A,C,VEGFA,56.38
SMP_2424,chr18,217212603,T,G,TNF,83.84
SMP_5114,chr20,137192976,A,G,MYC,43.49
SMP_3935,chr19,205967598,T,C,MTHFR,72.47
SMP_8240,chr12,57612969,A,G,MTHFR,54.35
SMP_3876,chr11,190154935,C,A,BRCA2,79.61
SMP_1623,chr7,158196917,T,C,MTHFR,90.82
SMP_7282,chr9,194672137,T,G,IL6,44.67
SMP_1275,chr5,192062453,T,G,TP53,21.55
SMP_8661,chrY,82618926,A,C,MTHFR,73.2
SMP_5568,chr7,140055849,A,C,TNF,27.27
SMP_6779,chr16,59020986,G,A,APOE,71.37
SMP_4531,chr21,180094218,T,A,IL6,83.59
SMP_7397,chr17,190057123,A,C,EGFR,64.87
SMP_3617,chr11,233170713,C,G,APOE,77.85
SMP_6676,chr22,193472255,G,A,VEGFA,68.94
SMP_9796,chr16,194968725,A,C,BRCA1,77.25
SMP_6416,chr22,199614816,G,T,IL6,52.47
SMP_9242,chr11,85275392,T,C,TNF,22.17
SMP_9027,chr12,9053393,C,A,BRCA1,28.2
SMP_4812,chr18,225890681,T,G,BRCA1,91.95
SMP_2475,chr7,170310724,A,G,EGFR,57.12
SMP_2035,chr3,66589774,C,A,TNF,73.41
SMP_4909,chr9,204608650,C,G,TNF,37.27
SMP_8288,chr6,94221401,C,G,MTHFR,41.64
SMP_2227,chr13,188268132,A,G,EGFR,64.7
SMP_7867,chr15,217492634,T,A,TP53,73.63
SMP_2401,chrY,8406535,C,G,IL6,36.5
SMP_1308,chr22,240309566,G,C,EGFR,59.7
SMP_6703,chr14,21668300,G,C,VEGFA,35.91
SMP_4029,chr10,114119736,T,G,TP53,43.89
SMP_6708,chr12,2753589,C,T,MYC,92.6
SMP_5758,chr15,2630992,C,G,BRCA2,83.99
SMP_9102,chr19,49712630,C,G,MYC,49.18
SMP_8417,chr1,211767123,A,G,TP53,55.98
SMP_2125,chr9,23480994,A,G,TP53,29.67
SMP_1392,chr10,189395303,C,G,TNF,20.21
SMP_7437,chr3,107509190,G,A,EGFR,26.59
SMP_8977,chr2,7131025,A,C,APOE,34.96
SMP_8423,chr15,205717253,G,A,MYC,83.13
SMP_1691,chr11,12970745,A,T,BRCA2,76.88
SMP_9305,chr6,73805760,T,A,TNF,36.19
SMP_5050,chr11,186060142,T,A,BRCA2,65.44
SMP_9777,chr7,104550415,T,G,APOE,30.46
SMP_1031,chr12,152885700,C,A,APOE,45.28
SMP_1556,chr8,40622190,C,A,TNF,94.37
SMP_6447,chr10,162547264,C,A,BRCA2,55.17
SMP_5493,chr19,210745144,G,T,BRCA2,89.07
SMP_4790,chr18,66611893,G,T,VEGFA,43.96
SMP_9448,chr10,203305343,G,T,VEGFA,86.05
SMP_3807,chr6,74516369,T,C,TP53,61.26
SMP_5079,chr18,128516959,A,G,MYC,49.95
SMP_3295,chr3,178391260,C,A,EGFR,71.57
SMP_5445,chr20,113543598,T,G,TP53,89.93
SMP_1553,chr11,72391299,T,G,MTHFR,70.81
SMP_1393,chr3,62928852,A,C,IL6,74.35
SMP_5351,chr16,104325961,A,G,IL6,27.67
SMP_9136,chr13,125473115,A,G,BRCA2,83.04
SMP_8856,chrX,125709805,G,T,EGFR,55.92
SMP_9657,chr8,228530615,G,C,EGFR,92.02
SMP_6681,chr20,146562136,G,T,MTHFR,58.72
SMP_2703,chr7,221315435,G,T,EGFR,35.25
SMP_5008,chr18,176944911,C,T,APOE,46.82
SMP_7795,chr10,164263272,C,A,TNF,46.52
SMP_8248,chr18,29289765,C,A,TP53,46.83
SMP_9007,chr3,229085693,C,A,BRCA2,25.82
SMP_8017,chr20,96109521,T,C,VEGFA,96.1
SMP_6755,chr2,142845138,G,C,BRCA2,28.39
SMP_6327,chr18,63782867,G,C,EGFR,61.88
SMP_6702,chr15,18632262,T,C,MYC,30.17
SMP_8647,chr20,18791734,C,A,BRCA2,77.93
SMP_1838,chr22,35812898,A,G,MTHFR,22.79
SMP_4373,chr19,196745840,A,G,BRCA1,35.22
SMP_2530,chr2,20175409,A,C,MYC,98.81
SMP_3952,chr7,161029917,C,A,EGFR,33.5
SMP_3575,chr17,158924965,G,T,TNF,29.1
SMP_2835,chr20,12509780,G,C,MTHFR,51.5
SMP_1937,chr19,213730982,T,G,IL6,81.62
SMP_4538,chr18,96272532,T,C,BRCA2,61.43
SMP_1530,chr7,47232533,C,T,TP53,57.38
SMP_6197,chr1,56683412,G,T,BRCA1,96.91
SMP_9903,chr6,160254693,T,C,TP53,93.0
SMP_2938,chr5,2661468,A,C,MYC,52.72
SMP_1087,chr15,6530637,G,C,BRCA2,70.07
SMP_6413,chr12,9870155,A,G,MYC,37.66
SMP_1387,chr4,198575810,T,C,MYC,71.55
SMP_5839,chr8,177122686,G,C,VEGFA,39.08
SMP_7946,chr2,221792889,G,A,TP53,93.73
SMP_9046,chr12,24454709,A,C,TNF,45.2
SMP_6566,chr4,55106068,A,T,EGFR,32.04
SMP_8112,chr19,230056723,C,T,BRCA2,27.99
SMP_5964,chr22,177392329,G,A,IL6,91.8
SMP_3501,chr19,209573506,C,G,TP53,35.69
SMP_3458,chr8,182282924,A,T,TP53,89.15
SMP_9912,chr16,234947702,C,A,TNF,48.23
SMP_3310,chr11,10332399,T,A,TNF,78.51
SMP_7344,chr13,40298461,A,C,MYC,36.29
SMP_8742,chr7,158738424,T,A,EGFR,60.38
SMP_3942,chr1,46826672,G,T,MYC,51.75
SMP_4106,chr12,241556614,T,A,BRCA1,76.81
SMP_5399,chr21,128713726,T,A,VEGFA,27.68
SMP_5173,chr10,185075621,C,G,BRCA1,23.38
SMP_5219,chr10,94871176,A,T,TNF,46.67
SMP_6462,chr3,151990335,C,T,TNF,61.99
SMP_9129,chr20,13149786,G,T,TNF,44.7
SMP_7542,chr18,40271211,A,C,MTHFR,65.74
SMP_3489,chr14,175900943,A,C,MYC,99.02
SMP_9174,chr12,44589031,C,T,BRCA2,63.22
SMP_5579,chr16,204670894,C,A,EGFR,45.11
SMP_7722,chr15,136201979,A,C,BRCA1,74.25
SMP_5890,chr4,219595530,A,C,MTHFR,86.35
SMP_9504,chr11,123844273,G,C,APOE,73.84
SMP_8164,chr1,100893787,G,A,TP53,93.59
SMP_4073,chr2,213024994,A,T,TP53,21.83
SMP_3238,chr3,236248681,G,A,BRCA2,68.71
SMP_3439,chrY,237088168,A,C,MTHFR,72.38
SMP_3990,chr11,13953895,A,C,MTHFR,36.62
SMP_8054,chrX,5176226,T,C,IL6,53.99
SMP_2782,chrY,105793167,A,G,APOE,61.8
SMP_5370,chr5,99728903,G,C,TP53,51.07
SMP_2114,chr16,139486977,T,A,VEGFA,32.33
SMP_1692,chr12,241936045,C,G,MTHFR,74.6
SMP_7159,chr10,134363121,C,G,BRCA2,53.94
SMP_5138,chr16,177030822,A,G,EGFR,83.01
SMP_2417,chr8,142845392,C,A,IL6,62.54
SMP_1984,chr7,231780673,G,C,TNF,81.34
SMP_9362,chr20,92376726,A,T,MYC,90.88
SMP_9718,chr20,53629891,T,G,BRCA1,53.92
SMP_4276,chr1,60981053,A,G,MYC,97.17
SMP_1424,chr10,143081474,G,A,MYC,73.25
SMP_7399,chr7,9505773,G,C,IL6,64.87
SMP_4412,chr19,127423638,C,T,BRCA2,59.31
SMP_4998,chr17,186626753,A,G,BRCA2,45.32
SMP_3611,chr15,232927878,G,T,MYC,54.02
SMP_3567,chr3,106219380,A,G,TP53,66.15
SMP_6969,chr5,204412501,T,G,EGFR,23.27
SMP_8410,chr8,198464598,C,T,TP53,95.84
SMP_9824,chr12,161031634,A,G,TNF,53.32
SMP_7544,chr1,21646662,G,A,VEGFA,95.51
SMP_6482,chr18,91305874,T,A,VEGFA,60.03
SMP_9668,chr11,12944891,C,A,IL6,22.68
SMP_4818,chr13,162243702,G,A,APOE,90.95
SMP_3412,chr6,37314172,T,C,TP53,59.62
SMP_5479,chr7,177307580,G,T,BRCA2,97.15
SMP_5083,chr1,221764793,G,A,VEGFA,20.37
SMP_2334,chr19,239478036,T,C,MTHFR,49.46
SMP_8927,chr12,249871857,A,C,BRCA2,69.11
SMP_7453,chr7,236533747,T,A,MYC,76.85
SMP_7537,chrX,205172632,G,A,EGFR,76.37
SMP_5416,chr21,152145437,G,A,MYC,50.39
SMP_4381,chr3,244795297,C,G,EGFR,34.74
SMP_8219,chr19,248940793,T,C,BRCA1,67.45
SMP_3070,chr4,138845911,C,A,MYC,33.03
SMP_2836,chr1,201606352,C,T,TP53,25.3
SMP_3386,chr4,233456871,T,A,MYC,90.8
SMP_3698,chr16,78092961,G,A,MYC,42.86
SMP_6485,chr17,192391890,A,C,BRCA2,70.29
SMP_4341,chr22,111381391,A,G,IL6,43.32
SMP_4991,chrX,62276371,T,G,TP53,46.8
SMP_7733,chr18,94368801,G,C,BRCA2,84.34
SMP_1151,chr11,204176439,A,G,MYC,41.05
SMP_2984,chr9,35048612,A,T,BRCA2,22.19
SMP_9409,chr9,224811022,A,C,MYC,24.62
SMP_9123,chr16,199261182,T,G,BRCA1,84.97
SMP_1885,chr18,34650308,C,T,MYC,78.81
SMP_3199,chr8,101042837,G,T,BRCA2,59.61
SMP_3126,chr22,86826081,A,C,MYC,36.19
SMP_1528,chr4,244772512,T,G,TP53,27.55
SMP_1649,chr20,32340455,G,T,BRCA1,79.14
SMP_5627,chr1,37669919,T,C,TP53,81.65
SMP_1804,chr8,202561806,C,T,TNF,36.58
SMP_3394,chr8,198367913,A,G,TP53,39.17
SMP_3399,chr20,177816221,G,C,TNF,72.81
SMP_9450,chr8,118062168,G,A,BRCA1,64.31
SMP_6158,chr17,147013259,T,C,VEGFA,58.85
SMP_8418,chr3,182699641,C,G,BRCA1,60.51
SMP_9475,chr15,171309002,T,C,VEGFA,30.51
SMP_7743,chr7,14475849,A,G,VEGFA,49.62
SMP_3929,chr16,240293899,A,T,EGFR,97.42
SMP_5077,chrX,179949777,G,T,BRCA2,54.55
SMP_6362,chr7,117654379,G,C,MTHFR,46.11
SMP_8173,chr7,167668163,A,T,VEGFA,51.75
SMP_3202,chr11,182658120,A,G,BRCA2,57.25
SMP_2944,chr17,189913280,A,C,BRCA2,78.9
SMP_2059,chr13,89259442,A,G,VEGFA,75.92
SMP_2497,chr5,102264403,A,T,IL6,22.4
SMP_9337,chr7,132720257,T,A,APOE,49.24
SMP_3522,chr10,246380487,C,G,MYC,87.32
SMP_5869,chr13,19807512,A,T,TNF,59.3
SMP_1633,chr15,2371546,G,A,APOE,64.65
SMP_8619,chr17,107167673,T,A,BRCA1,34.45
SMP_8436,chr15,240797254,T,G,APOE,93.1
SMP_7054,chr7,197851440,G,C,TNF,37.85
SMP_2376,chr20,73790843,C,G,IL6,95.05
SMP_4218,chr6,18989133,A,T,TP53,71.29
SMP_4623,chr21,46044385,C,A,BRCA2,77.06
SMP_6525,chr13,54332383,C,A,MYC,88.5
SMP_2480,chr10,139441374,A,C,TP53,44.93
SMP_2271,chr18,199694640,G,A,IL6,25.61
SMP_8077,chr22,202306247,T,A,VEGFA,23.46
SMP_2706,chrX,19864403,T,G,MYC,54.49
SMP_9425,chr3,188898701,T,A,APOE,51.65
SMP_2868,chr15,190963035,G,C,TNF,67.63
SMP_4625,chr16,98757253,T,G,BRCA2,61.28
SMP_6780,chr14,135856809,A,G,BRCA1,46.49
SMP_1861,chrY,89132190,C,T,BRCA1,67.64
SMP_2516,chr12,249637876,A,G,BRCA2,32.58
SMP_1382,chr5,227202675,A,T,VEGFA,37.62
SMP_3440,chr16,10863260,T,G,BRCA2,81.03
SMP_3019,chrX,197811519,G,C,APOE,60.75
SMP_3332,chr17,148520508,A,C,EGFR,50.64
SMP_6387,chr18,206102659,C,T,BRCA1,96.02
SMP_4651,chr22,152013968,G,C,BRCA1,56.9
SMP_2093,chr12,67387425,C,T,TNF,65.73
SMP_1574,chr4,247191426,C,A,MYC,51.11
SMP_1759,chr19,144512519,C,A,APOE,99.53
SMP_2298,chr12,58562703,G,C,BRCA1,22.75
SMP_5429,chr7,211539954,A,T,TNF,52.69
SMP_7338,chr11,215964032,A,C,BRCA1,97.46
SMP_9228,chr21,112512061,T,A,APOE,70.37
SMP_2940,chr11,106678871,T,G,APOE,48.73
SMP_1631,chr12,59497607,C,G,MTHFR,97.41
SMP_2886,chr15,128377143,C,A,BRCA2,76.46
SMP_5409,chr22,177389453,G,A,IL6,59.03
SMP_5328,chr2,47018774,T,A,APOE,97.72
SMP_5803,chr2,175939666,A,G,TNF,28.75
SMP_8829,chr10,227290348,T,G,MYC,70.03
SMP_5726,chr17,138225410,G,T,VEGFA,38.94
SMP_7589,chr4,103288437,A,C,TP53,42.8
SMP_9393,chr21,103960358,C,A,BRCA1,78.72
SMP_3582,chr10,100706891,T,C,MTHFR,70.48
SMP_5850,chr16,245751476,T,G,MTHFR,79.83
SMP_1713,chr18,219762534,G,A,APOE,68.95
SMP_1137,chrX,183300376,C,G,BRCA1,70.7
SMP_5198,chr2,202204998,C,A,TNF,94.71
SMP_3617,chr6,23401858,A,G,TNF,61.51
SMP_6322,chr19,189697285,C,G,MTHFR,80.76
SMP_3409,chr10,157615613,T,A,APOE,46.08
SMP_9249,chrX,67427525,C,T,VEGFA,30.08
SMP_3157,chr11,33842742,G,A,TP53,62.71
SMP_3775,chr12,95839991,A,C,TNF,32.4
SMP_9014,chrY,183308763,T,C,VEGFA,48.56
SMP_1562,chr17,91408588,T,G,IL6,60.65
SMP_4732,chr1,241391847,A,T,TNF,90.14
SMP_1183,chr21,164327118,T,A,TNF,27.78
SMP_1015,chr9,105139636,T,C,BRCA1,99.53
SMP_2785,chr14,3448713,C,G,MYC,97.9
SMP_8117,chr19,7936311,A,C,MYC,65.61
SMP_5566,chr9,35824392,T,A,BRCA2,75.65
SMP_4677,chr13,33173880,T,C,BRCA1,58.45
SMP_6508,chr8,12251615,G,C,EGFR,59.31
SMP_8133,chr17,240948913,T,C,VEGFA,84.66
SMP_7642,chr8,94997485,T,C,TNF,53.4
SMP_6770,chr2,105701852,G,C,MYC,52.54
SMP_9517,chr8,215614834,C,T,MYC,42.05
SMP_9553,chr9,225884065,C,T,BRCA2,23.54
SMP_9979,chr12,107098001,A,G,EGFR,42.5
SMP_5012,chr4,241586326,T,G,VEGFA,46.85
SMP_1103,chr14,204924358,C,A,TP53,66.54
SMP_3863,chr3,171879302,G,A,VEGFA,31.52
SMP_6341,chr18,56480675,T,A,MYC,94.07
SMP_1114,chr17,99980226,T,C,MYC,47.34
SMP_1358,chr6,96503736,T,G,APOE,94.25
SMP_4509,chr12,116150999,C,T,MTHFR,31.8
SMP_4607,chr18,447619,G,A,EGFR,42.25
SMP_1187,chr9,53009620,C,G,APOE,66.32
SMP_7844,chrX,159644293,T,G,IL6,41.57
SMP_7364,chr11,95515299,A,G,APOE,93.33
SMP_6950,chr9,22853822,G,T,MYC,37.09
SMP_9436,chr19,35926760,A,G,APOE,78.36
SMP_2852,chr14,149603310,C,A,VEGFA,37.84
SMP_3910,chr5,125498757,C,T,TNF,47.72
SMP_3586,chr17,219516080,T,G,APOE,70.86
SMP_7535,chr7,24005283,A,G,APOE,88.9
SMP_3419,chr13,12753125,G,A,EGFR,86.96
SMP_2028,chr19,5822392,T,A,BRCA2,83.91
SMP_3582,chr5,127066119,T,C,APOE,91.12
SMP_1530,chr19,47683085,C,G,IL6,35.44
SMP_3546,chr21,235936077,A,T,IL6,29.13
SMP_5938,chr11,179944266,G,A,TP53,30.15
SMP_7020,chr1,77386015,G,C,MYC,81.78
SMP_4927,chr3,116571880,A,T,TNF,29.52
SMP_5972,chr18,222860153,A,G,APOE,22.99
SMP_6682,chr21,169594185,T,A,TNF,24.38
SMP_8477,chr19,107261627,G,A,EGFR,87.38
SMP_1577,chr18,33506575,C,G,APOE,80.55
SMP_2520,chr8,161399287,A,G,TNF,65.61
SMP_9785,chr9,220263300,T,A,EGFR,95.12
SMP_3462,chr15,220822689,C,G,TP53,46.61
SMP_5013,chr3,223498918,G,T,APOE,61.7
SMP_1871,chr22,246183598,G,C,BRCA1,71.88
SMP_7705,chr14,220977642,C,T,TP53,58.11
SMP_3601,chr8,88736695,A,C,MTHFR,24.5
SMP_6505,chr16,241395064,T,G,TNF,51.93
SMP_1587,chr8,218920431,T,A,VEGFA,74.13
SMP_6759,chr12,127010662,A,T,MTHFR,76.43
SMP_5801,chr10,157040779,G,C,TNF,22.2
SMP_1506,chr18,243804065,G,C,TP53,41.0
SMP_4007,chr12,43457793,C,T,IL6,61.59
SMP_8939,chr10,216106991,T,C,MTHFR,50.63
SMP_9846,chr12,107966243,C,A,IL6,83.75
SMP_2543,chr18,117134634,C,T,BRCA2,90.6
SMP_7473,chr17,121693636,A,T,BRCA1,43.57
SMP_8224,chr18,201648080,T,A,IL6,50.91
SMP_5942,chr20,211269929,A,C,IL6,97.21
SMP_3448,chr15,68682200,C,A,VEGFA,93.97
SMP_7317,chr19,52816411,G,A,MTHFR,36.49
SMP_1796,chr16,15586714,A,C,APOE,73.55
SMP_4474,chr3,41911615,A,T,BRCA2,41.9
SMP_3840,chr6,21800616,A,C,MYC,47.09
SMP_1510,chr12,245416782,C,G,TP53,79.91
SMP_6959,chr11,145203700,A,C,MTHFR,56.03
SMP_9724,chr12,84232273,A,G,APOE,86.57
SMP_5115,chr13,152414483,T,G,TP53,77.95
SMP_5615,chr8,235234825,A,C,VEGFA,89.99
SMP_1802,chr14,90980872,G,T,BRCA2,58.41
SMP_9268,chr7,99868686,G,C,TP53,46.09
SMP_8789,chr20,48348087,A,C,BRCA2,20.21
SMP_7007,chr15,7161312,A,C,VEGFA,40.37
SMP_7043,chr22,58575749,T,G,IL6,57.89
SMP_6808,chrY,7173191,C,G,TP53,89.1
SMP_5887,chr5,124942514,C,A,APOE,73.61
SMP_1811,chr9,58401104,T,C,TNF,39.0
SMP_5589,chr13,179134357,T,A,EGFR,42.09
SMP_6782,chr5,126296183,A,G,MYC,66.68
SMP_2005,chr9,32742052,C,T,EGFR,96.44
SMP_1881,chr7,21637725,G,T,MYC,23.5
SMP_8835,chr4,145107612,C,A,MTHFR,30.83
SMP_5767,chr17,91651427,G,A,BRCA2,97.23
SMP_7018,chr9,91551433,A,G,MYC,51.0
SMP_9080,chr1,75993596,C,G,MTHFR,55.56
SMP_2755,chr11,178607306,A,T,IL6,47.54
SMP_8192,chr9,114060358,T,C,MYC,69.39
SMP_9867,chr18,47915746,A,G,TNF,88.87
SMP_5209,chr12,230701397,T,G,APOE,27.15
SMP_9588,chr20,77294902,G,T,TNF,88.28
SMP_9686,chr1,183172459,A,G,BRCA1,34.04
SMP_1637,chr21,227797296,T,C,TNF,68.03
SMP_5684,chr9,201129092,C,T,BRCA2,24.57
SMP_1899,chr4,27224000,C,A,BRCA2,23.93
SMP_2921,chr6,163760727,C,G,APOE,88.22
SMP_9837,chr7,23789192,C,A,EGFR,98.27
SMP_8008,chr17,240293446,C,G,EGFR,68.52
SMP_6746,chr3,154864952,T,G,IL6,26.6
