neuron_id,region,firing_rate_hz,spike_amplitude_mv,subject_species
NEUR_1085,Hypothalamus,105.83,76.39,Danio rerio
NEUR_3393,Hypothalamus,64.61,108.95,Rattus norvegicus
NEUR_4907,Striatum,23.61,113.32,Mus musculus
NEUR_5560,Amygdala,83.38,84.26,Macaca mulatta
NEUR_3482,Striatum,25.32,14.54,Macaca mulatta
NEUR_9314,Amygdala,17.02,108.65,Danio rerio
NEUR_4503,Cortex,63.5,33.02,Rattus norvegicus
NEUR_1645,Thalamus,132.13,112.83,Danio rerio
NEUR_3370,Hypothalamus,100.66,20.38,Mus musculus
NEUR_5752,Striatum,130.01,25.11,Macaca mulatta
NEUR_6669,Cerebellum,40.17,89.76,Rattus norvegicus
NEUR_9475,Hippocampus,46.13,103.67,Mus musculus
NEUR_6632,Striatum,18.11,77.34,Macaca mulatta
NEUR_4972,Cerebellum,7.53,83.73,Macaca mulatta
NEUR_1657,Amygdala,4.83,107.44,Rattus norvegicus
NEUR_6640,Cortex,14.8,93.1,Rattus norvegicus
NEUR_7997,Thalamus,85.8,79.26,Mus musculus
NEUR_1063,Hippocampus,105.98,10.76,Rattus norvegicus
NEUR_3588,Amygdala,41.62,59.13,Mus musculus
NEUR_2894,Striatum,91.09,72.23,Rattus norvegicus
NEUR_9328,Hippocampus,68.89,79.77,Mus musculus
NEUR_9465,Hypothalamus,82.97,49.39,Danio rerio
NEUR_1549,Amygdala,23.7,53.95,Mus musculus
NEUR_8455,Hypothalamus,39.99,46.68,Rattus norvegicus
NEUR_4932,Striatum,120.39,51.08,Rattus norvegicus
NEUR_5127,Thalamus,29.76,21.34,Macaca mulatta
NEUR_3336,Hippocampus,39.29,38.48,Macaca mulatta
NEUR_3478,Cortex,122.33,103.09,Danio rerio
NEUR_5953,Cerebellum,18.41,46.85,Macaca mulatta
NEUR_9308,Hippocampus,62.25,61.92,Danio rerio
NEUR_4702,Hypothalamus,134.89,77.05,Mus musculus
NEUR_9415,Hippocampus,16.72,82.99,Rattus norvegicus
NEUR_2262,Cerebellum,19.36,55.34,Macaca mulatta
NEUR_7661,Cerebellum,66.6,37.3,Mus musculus
NEUR_2378,Thalamus,145.44,78.17,Rattus norvegicus
NEUR_9086,Thalamus,60.03,106.18,Macaca mulatta
NEUR_7769,Thalamus,20.33,40.5,Rattus norvegicus
NEUR_1145,Hypothalamus,16.83,60.24,Rattus norvegicus
NEUR_6928,Hippocampus,23.11,57.85,Rattus norvegicus
NEUR_4443,Amygdala,72.48,69.35,Macaca mulatta
NEUR_4369,Thalamus,104.72,52.26,Rattus norvegicus
NEUR_8423,Cerebellum,44.56,59.71,Macaca mulatta
NEUR_1761,Thalamus,69.72,10.98,Mus musculus
NEUR_3036,Hippocampus,20.62,102.25,Danio rerio
NEUR_6035,Striatum,56.27,51.93,Macaca mulatta
NEUR_6888,Cortex,32.89,43.89,Macaca mulatta
NEUR_7283,Amygdala,68.83,35.52,Macaca mulatta
NEUR_8239,Hippocampus,70.1,32.07,Danio rerio
NEUR_9227,Cerebellum,41.5,118.82,Macaca mulatta
NEUR_3620,Thalamus,3.29,88.82,Macaca mulatta
NEUR_3819,Striatum,128.8,15.83,Rattus norvegicus
NEUR_4119,Cerebellum,36.76,62.11,Rattus norvegicus
NEUR_4953,Thalamus,13.6,48.96,Macaca mulatta
NEUR_5667,Striatum,4.25,113.56,Danio rerio
NEUR_4802,Hypothalamus,121.85,61.95,Macaca mulatta
NEUR_4801,Hippocampus,4.11,36.53,Danio rerio
NEUR_8624,Hippocampus,47.93,26.53,Macaca mulatta
NEUR_1578,Cortex,97.01,48.16,Mus musculus
NEUR_1439,Hippocampus,128.95,98.25,Rattus norvegicus
NEUR_2253,Cerebellum,138.07,48.0,Macaca mulatta
NEUR_7755,Cortex,56.63,88.81,Danio rerio
NEUR_3850,Hippocampus,134.21,58.19,Macaca mulatta
NEUR_9610,Thalamus,58.31,107.16,Rattus norvegicus
NEUR_4725,Cortex,20.36,67.45,Macaca mulatta
NEUR_7394,Cerebellum,119.05,37.74,Danio rerio
NEUR_7810,Cerebellum,145.79,53.84,Danio rerio
NEUR_1783,Striatum,5.54,98.61,Danio rerio
NEUR_2685,Hypothalamus,120.77,60.18,Rattus norvegicus
NEUR_8153,Thalamus,55.38,98.66,Danio rerio
NEUR_1409,Thalamus,124.4,82.73,Mus musculus
NEUR_1934,Cerebellum,47.97,64.08,Macaca mulatta
NEUR_8027,Cerebellum,47.79,48.73,Rattus norvegicus
NEUR_3236,Cerebellum,19.21,54.93,Rattus norvegicus
NEUR_6442,Cortex,45.08,44.88,Mus musculus
NEUR_7871,Cerebellum,100.17,84.27,Danio rerio
NEUR_4867,Amygdala,45.05,91.84,Macaca mulatta
NEUR_5535,Amygdala,139.09,50.05,Mus musculus
NEUR_6199,Cortex,92.21,23.59,Danio rerio
NEUR_5123,Cortex,70.1,83.78,Danio rerio
NEUR_6617,Thalamus,52.92,28.87,Danio rerio
NEUR_2422,Cortex,95.59,36.9,Danio rerio
NEUR_7696,Cortex,68.5,89.67,Danio rerio
NEUR_7317,Thalamus,45.2,109.13,Danio rerio
NEUR_5537,Thalamus,12.26,38.83,Macaca mulatta
NEUR_8801,Hippocampus,72.09,92.9,Danio rerio
NEUR_8716,Amygdala,9.46,104.21,Danio rerio
NEUR_9610,Thalamus,118.11,83.75,Mus musculus
NEUR_1612,Striatum,88.59,80.99,Macaca mulatta
NEUR_8718,Hypothalamus,30.27,21.33,Mus musculus
NEUR_9754,Cortex,138.99,32.97,Danio rerio
NEUR_3688,Striatum,116.64,46.72,Macaca mulatta
NEUR_7863,Striatum,83.88,56.8,Rattus norvegicus
NEUR_3151,Cerebellum,104.49,119.12,Macaca mulatta
NEUR_6846,Hypothalamus,43.94,17.07,Danio rerio
NEUR_4484,Striatum,81.94,52.06,Macaca mulatta
NEUR_6525,Cortex,17.54,50.44,Mus musculus
NEUR_3615,Striatum,85.33,43.45,Macaca mulatta
NEUR_6861,Striatum,96.37,111.48,Danio rerio
NEUR_1980,Hypothalamus,45.72,56.39,Rattus norvegicus
NEUR_5648,Hypothalamus,79.68,32.24,Rattus norvegicus
NEUR_9748,Amygdala,92.49,88.52,Danio rerio
NEUR_6248,Thalamus,113.55,65.93,Danio rerio
NEUR_3782,Striatum,115.0,12.24,Macaca mulatta
NEUR_2266,Hypothalamus,89.36,63.44,Rattus norvegicus
NEUR_8575,Thalamus,24.12,119.77,Danio rerio
NEUR_6246,Hypothalamus,13.11,115.72,Macaca mulatta
NEUR_2510,Amygdala,71.61,77.69,Danio rerio
NEUR_8531,Hypothalamus,61.63,41.77,Danio rerio
NEUR_8849,Amygdala,38.86,107.01,Macaca mulatta
NEUR_2293,Hippocampus,73.17,26.91,Danio rerio
NEUR_1124,Striatum,128.74,96.82,Mus musculus
NEUR_4351,Hypothalamus,3.57,48.82,Mus musculus
NEUR_4610,Cortex,78.11,53.17,Rattus norvegicus
NEUR_7487,Striatum,86.87,89.98,Macaca mulatta
NEUR_5841,Hypothalamus,7.5,112.81,Danio rerio
NEUR_7047,Striatum,17.99,16.55,Macaca mulatta
NEUR_7879,Cerebellum,6.93,93.18,Mus musculus
NEUR_3713,Cerebellum,64.6,76.85,Mus musculus
NEUR_7503,Hippocampus,50.13,74.15,Mus musculus
NEUR_9424,Thalamus,65.89,66.93,Mus musculus
NEUR_2340,Hippocampus,119.47,55.33,Macaca mulatta
NEUR_7094,Striatum,76.27,52.91,Mus musculus
NEUR_3179,Hypothalamus,7.49,16.72,Mus musculus
NEUR_6804,Thalamus,97.14,41.56,Mus musculus
NEUR_6177,Hippocampus,1.41,63.94,Macaca mulatta
NEUR_8583,Striatum,18.24,22.72,Rattus norvegicus
NEUR_3152,Hypothalamus,130.33,113.2,Rattus norvegicus
NEUR_5903,Striatum,112.31,113.58,Macaca mulatta
NEUR_4503,Cerebellum,27.83,105.79,Rattus norvegicus
NEUR_6383,Cerebellum,80.7,36.93,Macaca mulatta
NEUR_1838,Thalamus,49.36,97.12,Rattus norvegicus
NEUR_6533,Hippocampus,5.92,79.75,Macaca mulatta
NEUR_4653,Cortex,8.5,56.13,Mus musculus
NEUR_1734,Hypothalamus,34.22,92.73,Danio rerio
NEUR_1097,Amygdala,133.03,75.02,Macaca mulatta
NEUR_7137,Cortex,57.45,53.9,Rattus norvegicus
NEUR_9914,Cortex,105.44,93.68,Macaca mulatta
NEUR_1042,Hypothalamus,67.51,51.38,Rattus norvegicus
NEUR_9347,Cortex,73.93,30.49,Mus musculus
NEUR_6593,Cortex,96.5,52.66,Danio rerio
NEUR_3211,Cerebellum,97.12,21.93,Danio rerio
NEUR_9497,Cortex,103.95,50.92,Mus musculus
NEUR_4002,Hypothalamus,62.8,54.48,Mus musculus
NEUR_8249,Hypothalamus,53.3,30.29,Danio rerio
NEUR_5593,Hippocampus,6.1,23.91,Macaca mulatta
NEUR_8313,Hypothalamus,141.05,41.46,Macaca mulatta
NEUR_4738,Hippocampus,53.57,36.94,Mus musculus
NEUR_5080,Striatum,3.96,56.17,Rattus norvegicus
NEUR_9925,Hippocampus,70.7,91.37,Rattus norvegicus
NEUR_6405,Hippocampus,41.25,108.77,Mus musculus
NEUR_3803,Thalamus,6.24,41.02,Macaca mulatta
NEUR_9102,Hypothalamus,9.96,97.65,Rattus norvegicus
NEUR_6566,Cortex,123.28,98.65,Macaca mulatta
NEUR_2909,Cortex,114.65,82.0,Rattus norvegicus
NEUR_3284,Cortex,18.54,94.49,Mus musculus
NEUR_5612,Amygdala,134.52,94.03,Danio rerio
NEUR_1617,Hippocampus,24.42,52.26,Macaca mulatta
NEUR_5902,Cerebellum,62.61,26.36,Danio rerio
NEUR_1594,Hypothalamus,103.15,81.9,Danio rerio
NEUR_7016,Amygdala,54.76,72.86,Macaca mulatta
NEUR_1803,Thalamus,75.91,17.33,Rattus norvegicus
NEUR_4306,Cortex,88.38,111.26,Danio rerio
NEUR_5868,Thalamus,53.0,52.43,Danio rerio
NEUR_9622,Hypothalamus,16.06,58.66,Rattus norvegicus
NEUR_1374,Cerebellum,107.67,35.79,Danio rerio
NEUR_1882,Hypothalamus,20.79,19.28,Danio rerio
NEUR_3028,Hippocampus,130.22,100.37,Rattus norvegicus
NEUR_3882,Cerebellum,79.67,99.83,Rattus norvegicus
NEUR_2793,Cerebellum,59.71,68.85,Danio rerio
NEUR_4193,Hypothalamus,63.06,69.97,Rattus norvegicus
NEUR_8766,Thalamus,22.72,86.29,Danio rerio
NEUR_3086,Amygdala,120.74,102.61,Mus musculus
NEUR_2275,Hippocampus,16.49,89.39,Mus musculus
NEUR_3792,Amygdala,77.47,12.92,Danio rerio
NEUR_9847,Hypothalamus,46.79,109.21,Danio rerio
NEUR_3275,Thalamus,120.22,80.57,Mus musculus
NEUR_1193,Hypothalamus,102.35,63.15,Danio rerio
NEUR_7891,Hippocampus,102.21,49.48,Macaca mulatta
NEUR_9718,Cortex,84.39,29.19,Mus musculus
NEUR_8834,Cerebellum,71.34,103.86,Mus musculus
NEUR_5553,Thalamus,58.45,39.99,Macaca mulatta
NEUR_2065,Striatum,18.37,112.73,Mus musculus
NEUR_4679,Amygdala,86.67,61.93,Rattus norvegicus
NEUR_8577,Hypothalamus,8.55,100.43,Mus musculus
NEUR_5992,Cortex,64.48,113.83,Danio rerio
NEUR_9890,Hypothalamus,57.57,14.24,Danio rerio
NEUR_4461,Striatum,89.08,105.31,Danio rerio
NEUR_4892,Hypothalamus,10.57,74.55,Macaca mulatta
NEUR_7897,Hypothalamus,93.4,12.43,Rattus norvegicus
NEUR_6072,Cortex,65.26,86.61,Mus musculus
NEUR_1077,Amygdala,25.61,62.93,Mus musculus
NEUR_9604,Amygdala,2.57,90.16,Rattus norvegicus
NEUR_8772,Thalamus,52.59,110.85,Danio rerio
NEUR_9473,Thalamus,82.42,87.11,Macaca mulatta
NEUR_2177,Striatum,114.53,76.66,Mus musculus
NEUR_5402,Amygdala,105.87,47.83,Rattus norvegicus
NEUR_6290,Hypothalamus,117.07,20.64,Rattus norvegicus
NEUR_7142,Striatum,79.93,30.14,Macaca mulatta
NEUR_2467,Cortex,115.2,108.05,Rattus norvegicus
NEUR_4389,Amygdala,65.19,97.23,Rattus norvegicus
NEUR_8271,Hippocampus,86.41,41.93,Rattus norvegicus
NEUR_1142,Amygdala,138.53,56.74,Danio rerio
NEUR_2997,Cerebellum,106.78,61.16,Mus musculus
NEUR_1794,Amygdala,93.88,45.45,Danio rerio
NEUR_6771,Amygdala,132.81,57.98,Rattus norvegicus
NEUR_5469,Thalamus,134.32,34.09,Danio rerio
NEUR_2141,Hypothalamus,80.54,87.81,Danio rerio
NEUR_9714,Hippocampus,16.85,95.77,Rattus norvegicus
NEUR_7661,Cortex,6.84,39.85,Rattus norvegicus
NEUR_4238,Hypothalamus,138.54,21.69,Mus musculus
NEUR_9043,Striatum,78.92,27.84,Danio rerio
NEUR_6329,Hippocampus,83.04,116.55,Macaca mulatta
NEUR_2032,Cortex,50.73,81.95,Mus musculus
NEUR_3217,Hypothalamus,98.56,81.37,Danio rerio
NEUR_9059,Cerebellum,104.98,25.22,Macaca mulatta
NEUR_3413,Thalamus,108.79,27.42,Danio rerio
NEUR_1982,Amygdala,21.86,116.13,Macaca mulatta
NEUR_3330,Thalamus,134.51,20.5,Rattus norvegicus
NEUR_2270,Hypothalamus,4.33,10.63,Macaca mulatta
NEUR_5639,Hypothalamus,18.12,118.34,Macaca mulatta
NEUR_4999,Amygdala,101.24,47.77,Danio rerio
NEUR_2669,Amygdala,45.62,36.21,Rattus norvegicus
NEUR_5607,Cortex,8.17,90.01,Macaca mulatta
NEUR_3418,Amygdala,115.81,72.87,Macaca mulatta
NEUR_3198,Cortex,47.23,17.23,Danio rerio
NEUR_3626,Thalamus,37.16,27.24,Rattus norvegicus
NEUR_6322,Hypothalamus,62.61,40.74,Rattus norvegicus
NEUR_6874,Cortex,92.07,61.09,Danio rerio
NEUR_1536,Thalamus,88.0,59.27,Mus musculus
NEUR_1588,Thalamus,105.86,74.08,Rattus norvegicus
NEUR_5062,Hippocampus,77.17,67.41,Mus musculus
NEUR_5377,Hippocampus,30.06,71.68,Mus musculus
NEUR_4438,Cerebellum,57.62,113.36,Danio rerio
NEUR_5636,Cortex,53.75,116.72,Mus musculus
NEUR_9315,Amygdala,29.4,80.28,Macaca mulatta
NEUR_4063,Cortex,64.39,118.76,Rattus norvegicus
NEUR_3506,Cerebellum,117.65,87.49,Rattus norvegicus
NEUR_7400,Thalamus,147.29,18.31,Rattus norvegicus
NEUR_7953,Cerebellum,11.94,64.04,Mus musculus
NEUR_9129,Striatum,133.5,64.43,Mus musculus
NEUR_3854,Thalamus,49.98,23.86,Rattus norvegicus
NEUR_8467,Striatum,102.52,13.8,Mus musculus
NEUR_5344,Striatum,7.66,94.11,Macaca mulatta
NEUR_6350,Hippocampus,5.05,64.07,Mus musculus
NEUR_7010,Cerebellum,62.34,28.1,Mus musculus
NEUR_2029,Hippocampus,35.23,77.85,Danio rerio
NEUR_8525,Striatum,86.5,95.9,Rattus norvegicus
NEUR_6647,Striatum,75.31,42.41,Mus musculus
NEUR_8075,Hypothalamus,30.03,64.15,Mus musculus
NEUR_5633,Hippocampus,90.27,34.44,Mus musculus
NEUR_9380,Cerebellum,43.87,50.95,Danio rerio
NEUR_7631,Amygdala,44.69,102.56,Mus musculus
NEUR_1884,Cortex,31.55,89.65,Mus musculus
NEUR_1967,Cortex,147.19,87.91,Rattus norvegicus
NEUR_9282,Amygdala,98.36,109.69,Macaca mulatta
NEUR_3108,Striatum,2.36,82.84,Macaca mulatta
NEUR_2569,Amygdala,86.0,81.25,Macaca mulatta
NEUR_2903,Cortex,42.37,50.9,Rattus norvegicus
NEUR_9023,Amygdala,126.76,26.56,Danio rerio
NEUR_3871,Striatum,16.93,57.36,Rattus norvegicus
NEUR_9798,Amygdala,74.57,73.29,Mus musculus
NEUR_9355,Hypothalamus,98.48,44.86,Mus musculus
NEUR_9397,Striatum,114.61,93.09,Danio rerio
NEUR_9441,Thalamus,36.25,77.34,Rattus norvegicus
NEUR_9734,Thalamus,50.14,75.96,Macaca mulatta
NEUR_2611,Hippocampus,77.25,73.85,Rattus norvegicus
NEUR_1221,Cerebellum,113.09,34.28,Rattus norvegicus
NEUR_8247,Amygdala,133.97,75.57,Danio rerio
NEUR_3668,Cerebellum,2.11,47.69,Danio rerio
NEUR_3421,Cerebellum,116.32,23.8,Mus musculus
NEUR_6725,Hippocampus,112.99,58.88,Danio rerio
NEUR_3014,Cerebellum,11.01,49.69,Danio rerio
NEUR_6975,Hypothalamus,38.47,106.84,Danio rerio
NEUR_2512,Hypothalamus,137.62,57.23,Danio rerio
NEUR_4196,Striatum,13.95,66.35,Mus musculus
NEUR_9134,Cerebellum,133.32,11.64,Rattus norvegicus
NEUR_3374,Cerebellum,24.09,26.54,Mus musculus
NEUR_8334,Cortex,135.68,83.66,Rattus norvegicus
NEUR_6489,Hippocampus,40.39,52.7,Danio rerio
NEUR_5595,Cortex,103.37,13.98,Macaca mulatta
NEUR_9066,Thalamus,114.27,53.81,Rattus norvegicus
NEUR_5313,Thalamus,36.8,32.71,Rattus norvegicus
NEUR_3779,Hippocampus,147.43,113.03,Mus musculus
NEUR_5434,Striatum,92.84,40.29,Mus musculus
NEUR_9691,Cerebellum,123.31,14.45,Danio rerio
NEUR_4394,Striatum,106.29,118.06,Mus musculus
NEUR_2333,Cortex,54.81,83.62,Danio rerio
NEUR_2803,Cortex,97.36,96.76,Rattus norvegicus
NEUR_2664,Cerebellum,111.73,109.72,Mus musculus
NEUR_6913,Striatum,113.03,52.98,Danio rerio
NEUR_2231,Thalamus,83.47,90.18,Danio rerio
NEUR_3110,Amygdala,34.46,98.41,Macaca mulatta
NEUR_5746,Striatum,87.66,75.88,Mus musculus
NEUR_3877,Cerebellum,48.57,100.83,Mus musculus
NEUR_6793,Amygdala,22.95,43.49,Macaca mulatta
NEUR_1617,Hypothalamus,147.95,22.17,Macaca mulatta
NEUR_3392,Cerebellum,71.28,105.22,Mus musculus
NEUR_5032,Cortex,2.62,40.87,Mus musculus
NEUR_6133,Striatum,103.05,59.5,Mus musculus
NEUR_2796,Thalamus,89.06,90.12,Danio rerio
NEUR_9411,Hippocampus,55.01,20.13,Danio rerio
NEUR_3495,Cerebellum,27.44,61.52,Rattus norvegicus
NEUR_1587,Striatum,71.5,30.12,Macaca mulatta
NEUR_5136,Cerebellum,145.91,77.64,Danio rerio
NEUR_1058,Hippocampus,90.33,66.56,Rattus norvegicus
NEUR_1016,Cortex,62.33,95.94,Macaca mulatta
NEUR_7463,Hypothalamus,82.07,11.96,Mus musculus
NEUR_7456,Hippocampus,50.16,18.66,Danio rerio
NEUR_2494,Amygdala,0.8,72.54,Mus musculus
NEUR_8532,Cerebellum,75.21,84.53,Macaca mulatta
NEUR_9652,Striatum,86.3,99.61,Macaca mulatta
NEUR_5397,Cerebellum,142.0,13.07,Macaca mulatta
NEUR_8843,Amygdala,129.37,49.81,Danio rerio
NEUR_4841,Cortex,27.18,115.6,Danio rerio
NEUR_1321,Cortex,114.33,19.4,Rattus norvegicus
NEUR_1292,Cortex,90.6,37.64,Macaca mulatta
NEUR_6876,Thalamus,10.92,94.96,Mus musculus
NEUR_7016,Thalamus,87.86,68.96,Macaca mulatta
NEUR_1974,Striatum,70.48,97.75,Macaca mulatta
NEUR_3959,Amygdala,102.01,70.05,Danio rerio
NEUR_7030,Cerebellum,23.58,104.84,Mus musculus
NEUR_9617,Hippocampus,59.81,98.84,Rattus norvegicus
NEUR_8211,Cerebellum,26.92,77.52,Mus musculus
NEUR_3546,Cortex,7.0,56.7,Macaca mulatta
NEUR_8622,Striatum,48.6,62.95,Danio rerio
NEUR_1392,Amygdala,93.79,91.28,Danio rerio
NEUR_2634,Cerebellum,116.74,38.63,Danio rerio
NEUR_1432,Hypothalamus,87.31,88.44,Macaca mulatta
NEUR_4581,Amygdala,124.72,86.02,Macaca mulatta
NEUR_9651,Hypothalamus,48.99,65.12,Rattus norvegicus
NEUR_5800,Amygdala,124.44,91.64,Danio rerio
NEUR_4106,Striatum,47.13,96.96,Rattus norvegicus
NEUR_2393,Striatum,55.74,33.99,Danio rerio
NEUR_3452,Amygdala,115.08,53.9,Rattus norvegicus
NEUR_5128,Cortex,110.1,93.91,Rattus norvegicus
NEUR_6431,Amygdala,120.68,108.88,Danio rerio
NEUR_1653,Cortex,38.49,84.42,Macaca mulatta
NEUR_9796,Hypothalamus,124.89,96.77,Mus musculus
NEUR_1817,Amygdala,38.11,17.41,Macaca mulatta
NEUR_1340,Thalamus,25.43,58.43,Mus musculus
NEUR_6450,Hippocampus,88.77,67.27,Rattus norvegicus
NEUR_6780,Hypothalamus,136.9,97.7,Macaca mulatta
NEUR_4317,Hippocampus,118.09,47.03,Macaca mulatta
NEUR_3575,Hypothalamus,28.1,45.49,Mus musculus
NEUR_6095,Striatum,22.83,91.75,Macaca mulatta
NEUR_8707,Thalamus,35.01,79.67,Macaca mulatta
NEUR_2333,Thalamus,105.94,23.31,Rattus norvegicus
NEUR_5749,Thalamus,142.02,55.39,Mus musculus
NEUR_2950,Hypothalamus,47.81,115.69,Macaca mulatta
NEUR_9036,Hippocampus,61.93,64.73,Danio rerio
NEUR_1660,Cortex,119.95,46.78,Danio rerio
NEUR_4062,Cortex,119.21,75.58,Macaca mulatta
NEUR_1188,Hippocampus,98.82,116.82,Rattus norvegicus
NEUR_8134,Striatum,43.07,115.57,Danio rerio
NEUR_6368,Cortex,24.14,35.7,Mus musculus
NEUR_1479,Cerebellum,6.01,102.04,Mus musculus
NEUR_4032,Cerebellum,106.84,10.19,Macaca mulatta
NEUR_6084,Cerebellum,145.27,103.84,Rattus norvegicus
NEUR_9213,Striatum,34.67,13.72,Macaca mulatta
NEUR_6141,Thalamus,23.92,43.16,Macaca mulatta
NEUR_3449,Thalamus,13.87,101.71,Danio rerio
NEUR_8852,Cortex,4.85,118.41,Danio rerio
NEUR_1445,Amygdala,74.69,59.39,Danio rerio
NEUR_5424,Striatum,60.07,25.6,Rattus norvegicus
NEUR_1780,Cortex,11.24,30.74,Mus musculus
NEUR_8973,Amygdala,146.59,46.25,Danio rerio
NEUR_5008,Amygdala,4.5,71.43,Danio rerio
NEUR_3751,Hypothalamus,52.38,97.66,Mus musculus
NEUR_1834,Striatum,134.86,92.36,Mus musculus
NEUR_2377,Striatum,129.15,113.8,Rattus norvegicus
NEUR_9258,Hypothalamus,45.25,84.58,Danio rerio
NEUR_7021,Cerebellum,6.52,106.48,Rattus norvegicus
NEUR_4950,Cerebellum,19.17,60.12,Danio rerio
NEUR_1844,Cerebellum,54.97,81.67,Mus musculus
NEUR_5714,Thalamus,94.77,115.57,Danio rerio
NEUR_4959,Cortex,38.66,76.72,Rattus norvegicus
NEUR_3106,Striatum,137.06,59.64,Macaca mulatta
NEUR_4777,Hypothalamus,125.51,91.55,Danio rerio
NEUR_2791,Hippocampus,52.72,17.48,Mus musculus
NEUR_4023,Hippocampus,107.63,34.05,Macaca mulatta
NEUR_6229,Cerebellum,80.52,49.4,Macaca mulatta
NEUR_8273,Amygdala,143.62,78.65,Mus musculus
NEUR_6556,Thalamus,78.6,43.03,Macaca mulatta
NEUR_9657,Striatum,9.26,64.58,Mus musculus
NEUR_6505,Striatum,98.05,59.92,Macaca mulatta
NEUR_2619,Hypothalamus,23.83,110.23,Mus musculus
NEUR_3862,Cortex,112.83,40.66,Mus musculus
NEUR_1308,Hippocampus,117.77,112.05,Danio rerio
NEUR_7850,Amygdala,102.51,27.75,Rattus norvegicus
NEUR_6699,Amygdala,45.81,99.42,Macaca mulatta
NEUR_2997,Hypothalamus,115.37,37.62,Danio rerio
NEUR_8264,Cortex,59.4,62.22,Rattus norvegicus
NEUR_6981,Cerebellum,108.55,34.21,Rattus norvegicus
NEUR_7544,Amygdala,109.13,26.92,Danio rerio
NEUR_7517,Cortex,75.73,11.25,Macaca mulatta
NEUR_5961,Amygdala,13.77,30.19,Rattus norvegicus
NEUR_8107,Thalamus,135.31,94.14,Rattus norvegicus
NEUR_6508,Thalamus,87.15,60.14,Rattus norvegicus
NEUR_1643,Hypothalamus,75.25,75.12,Rattus norvegicus
NEUR_6899,Cerebellum,126.95,40.22,Danio rerio
NEUR_3273,Cortex,26.32,96.11,Danio rerio
NEUR_6353,Hypothalamus,144.89,76.4,Macaca mulatta
NEUR_5708,Cerebellum,146.45,11.12,Rattus norvegicus
NEUR_6963,Cerebellum,146.92,119.35,Macaca mulatta
NEUR_3507,Thalamus,63.7,69.21,Danio rerio
NEUR_1976,Hippocampus,67.55,28.48,Rattus norvegicus
NEUR_1163,Cortex,120.05,90.26,Danio rerio
NEUR_2700,Cortex,52.24,50.94,Mus musculus
NEUR_7892,Striatum,106.65,66.98,Danio rerio
NEUR_8348,Hypothalamus,13.6,31.86,Macaca mulatta
NEUR_3922,Thalamus,67.14,86.4,Macaca mulatta
NEUR_6889,Hippocampus,20.39,111.35,Mus musculus
NEUR_7163,Thalamus,126.3,73.16,Rattus norvegicus
NEUR_4486,Amygdala,148.45,61.91,Macaca mulatta
NEUR_4417,Amygdala,132.78,95.61,Rattus norvegicus
NEUR_5733,Cortex,16.49,93.38,Macaca mulatta
NEUR_6129,Striatum,141.39,96.5,Danio rerio
NEUR_7974,Hippocampus,36.23,36.77,Macaca mulatta
NEUR_5692,Cortex,139.67,40.9,Macaca mulatta
NEUR_8982,Amygdala,24.98,17.68,Danio rerio
NEUR_3393,Amygdala,131.51,68.77,Danio rerio
NEUR_3633,Amygdala,82.82,75.02,Mus musculus
NEUR_7569,Striatum,99.02,65.1,Mus musculus
NEUR_3583,Amygdala,41.61,73.05,Macaca mulatta
NEUR_7474,Hypothalamus,135.62,45.47,Macaca mulatta
NEUR_2252,Cerebellum,14.98,109.53,Macaca mulatta
NEUR_2192,Cortex,32.73,27.78,Mus musculus
NEUR_6878,Amygdala,52.59,56.84,Macaca mulatta
NEUR_5639,Cortex,24.97,116.6,Macaca mulatta
NEUR_6068,Hypothalamus,73.12,119.44,Mus musculus
NEUR_9374,Thalamus,115.16,79.18,Danio rerio
NEUR_2543,Amygdala,128.68,66.86,Mus musculus
NEUR_3272,Amygdala,17.07,59.33,Danio rerio
NEUR_1771,Hippocampus,113.0,113.42,Macaca mulatta
NEUR_4347,Cerebellum,62.08,64.3,Rattus norvegicus
NEUR_5799,Amygdala,11.08,94.69,Rattus norvegicus
NEUR_2283,Cerebellum,112.36,60.02,Danio rerio
NEUR_1030,Amygdala,124.02,118.82,Danio rerio
NEUR_9819,Hypothalamus,70.75,115.03,Rattus norvegicus
NEUR_6523,Thalamus,110.47,104.27,Macaca mulatta
NEUR_6893,Amygdala,146.72,52.03,Danio rerio
NEUR_3817,Thalamus,46.42,47.72,Mus musculus
NEUR_6971,Hypothalamus,25.12,56.93,Mus musculus
NEUR_4190,Hippocampus,133.22,66.54,Macaca mulatta
NEUR_2591,Thalamus,4.06,94.93,Mus musculus
NEUR_5020,Cerebellum,130.72,100.39,Rattus norvegicus
NEUR_7571,Cortex,28.08,71.88,Macaca mulatta
NEUR_2089,Cortex,126.51,90.6,Danio rerio
NEUR_6658,Striatum,73.62,30.47,Mus musculus
NEUR_6872,Cerebellum,115.51,99.29,Rattus norvegicus
NEUR_7077,Amygdala,142.65,78.95,Rattus norvegicus
NEUR_8325,Hippocampus,103.58,55.45,Mus musculus
NEUR_8884,Hippocampus,132.06,105.57,Mus musculus
NEUR_7069,Cortex,72.5,40.42,Mus musculus
NEUR_9378,Hippocampus,7.65,44.69,Macaca mulatta
NEUR_4059,Cortex,100.02,31.28,Rattus norvegicus
NEUR_6976,Striatum,85.62,105.72,Macaca mulatta
NEUR_3463,Hypothalamus,59.56,114.61,Mus musculus
NEUR_9355,Hypothalamus,142.89,15.59,Rattus norvegicus
NEUR_7983,Hypothalamus,20.02,107.45,Danio rerio
NEUR_8905,Cortex,95.78,47.04,Rattus norvegicus
NEUR_5602,Striatum,94.81,118.48,Macaca mulatta
NEUR_2370,Amygdala,140.13,15.46,Macaca mulatta
NEUR_1397,Hippocampus,120.69,79.62,Rattus norvegicus
NEUR_9642,Cortex,125.15,56.81,Mus musculus
NEUR_5275,Thalamus,91.99,13.31,Mus musculus
NEUR_5295,Amygdala,7.6,38.94,Mus musculus
NEUR_6027,Cerebellum,11.74,18.01,Rattus norvegicus
NEUR_7007,Cortex,57.76,74.75,Macaca mulatta
NEUR_4858,Cerebellum,135.17,32.72,Macaca mulatta
NEUR_3634,Hippocampus,136.82,101.41,Danio rerio
NEUR_6635,Cerebellum,60.15,18.57,Rattus norvegicus
NEUR_7756,Amygdala,6.4,110.0,Mus musculus
NEUR_5143,Hippocampus,82.38,15.0,Rattus norvegicus
NEUR_3055,Cortex,45.69,15.23,Rattus norvegicus
NEUR_6329,Hypothalamus,140.77,14.94,Rattus norvegicus
NEUR_3270,Cortex,43.58,105.82,Macaca mulatta
NEUR_5061,Hypothalamus,107.44,12.84,Rattus norvegicus
NEUR_5261,Hypothalamus,96.61,31.55,Mus musculus
NEUR_5211,Cerebellum,27.68,61.78,Rattus norvegicus
NEUR_1981,Thalamus,105.68,96.84,Mus musculus
NEUR_3665,Thalamus,34.38,20.34,Mus musculus
NEUR_9953,Thalamus,14.75,109.61,Danio rerio
NEUR_6559,Thalamus,86.45,86.16,Danio rerio
NEUR_1194,Striatum,18.74,78.27,Danio rerio
NEUR_1544,Hippocampus,17.13,70.06,Danio rerio
NEUR_9378,Thalamus,8.79,78.2,Rattus norvegicus
NEUR_6016,Amygdala,53.72,33.95,Danio rerio
NEUR_7384,Thalamus,24.06,17.72,Danio rerio
NEUR_1617,Hypothalamus,43.76,15.27,Danio rerio
NEUR_2170,Hippocampus,80.35,95.26,Macaca mulatta
NEUR_5018,Cerebellum,106.64,85.48,Macaca mulatta
NEUR_7175,Amygdala,2.85,73.21,Danio rerio
NEUR_1169,Thalamus,133.23,49.23,Rattus norvegicus
NEUR_8859,Amygdala,138.59,83.42,Macaca mulatta
NEUR_4209,Cerebellum,57.19,61.95,Mus musculus
NEUR_5784,Thalamus,135.38,111.37,Macaca mulatta
NEUR_3118,Thalamus,134.87,49.27,Rattus norvegicus
NEUR_3692,Striatum,87.73,61.94,Rattus norvegicus
NEUR_7621,Cortex,106.84,37.32,Rattus norvegicus
NEUR_1694,Cerebellum,118.49,41.55,Macaca mulatta
NEUR_8322,Hypothalamus,23.73,19.79,Macaca mulatta
NEUR_4654,Cortex,125.14,65.08,Mus musculus
NEUR_2428,Cortex,15.3,12.51,Mus musculus
NEUR_1791,Amygdala,41.25,47.57,Macaca mulatta
NEUR_9795,Thalamus,16.44,33.11,Macaca mulatta
NEUR_9664,Thalamus,84.38,119.08,Danio rerio
NEUR_4904,Amygdala,124.11,56.78,Danio rerio
NEUR_9570,Thalamus,119.41,12.75,Macaca mulatta
NEUR_2950,Striatum,126.3,74.09,Mus musculus
NEUR_5368,Hypothalamus,7.71,89.84,Macaca mulatta
NEUR_2196,Thalamus,130.64,49.89,Macaca mulatta
NEUR_1700,Cerebellum,116.18,22.59,Macaca mulatta
NEUR_6926,Hypothalamus,121.38,57.77,Danio rerio
NEUR_4968,Amygdala,41.55,104.81,Danio rerio
NEUR_7439,Thalamus,77.2,65.48,Rattus norvegicus
NEUR_9153,Cerebellum,94.1,104.97,Mus musculus
NEUR_5855,Amygdala,88.47,74.56,Danio rerio
NEUR_3901,Striatum,27.96,119.23,Danio rerio
NEUR_6398,Amygdala,123.62,74.47,Mus musculus
NEUR_6230,Cortex,72.95,84.13,Macaca mulatta
NEUR_2693,Striatum,26.96,28.94,Rattus norvegicus
NEUR_5505,Cerebellum,67.18,28.32,Macaca mulatta
NEUR_5202,Thalamus,87.92,107.48,Macaca mulatta
NEUR_1630,Cortex,27.2,91.21,Macaca mulatta
NEUR_8562,Hypothalamus,73.41,73.37,Danio rerio
NEUR_2225,Amygdala,85.38,85.79,Mus musculus
NEUR_1143,Cortex,1.36,81.9,Mus musculus
NEUR_3329,Cerebellum,98.16,81.53,Mus musculus
NEUR_3731,Hippocampus,24.55,76.06,Rattus norvegicus
NEUR_8308,Thalamus,69.73,37.24,Macaca mulatta
NEUR_9367,Thalamus,110.53,113.12,Macaca mulatta
NEUR_8518,Thalamus,66.05,70.53,Danio rerio
NEUR_6734,Cerebellum,132.75,36.52,Rattus norvegicus
NEUR_1366,Hypothalamus,144.17,111.67,Danio rerio
NEUR_5900,Thalamus,91.65,67.69,Macaca mulatta
NEUR_3533,Hippocampus,13.94,83.59,Danio rerio
NEUR_4110,Cerebellum,120.97,58.14,Mus musculus
NEUR_7755,Striatum,114.8,112.05,Rattus norvegicus
NEUR_8821,Hypothalamus,45.7,91.2,Rattus norvegicus
NEUR_8330,Cortex,101.23,42.08,Rattus norvegicus
NEUR_1556,Cerebellum,126.99,58.56,Rattus norvegicus
NEUR_8044,Cortex,130.26,67.14,Macaca mulatta
NEUR_9792,Amygdala,101.14,10.12,Danio rerio
NEUR_5778,Striatum,3.53,99.36,Mus musculus
NEUR_8880,Striatum,53.95,71.72,Mus musculus
NEUR_6477,Hypothalamus,114.48,116.3,Mus musculus
NEUR_2319,Amygdala,57.29,61.91,Danio rerio
NEUR_9155,Cortex,13.07,12.17,Macaca mulatta
NEUR_9583,Striatum,80.58,32.83,Mus musculus
NEUR_2050,Hippocampus,29.05,17.91,Mus musculus
NEUR_3937,Cortex,93.27,41.39,Danio rerio
NEUR_1492,Amygdala,54.71,110.36,Danio rerio
NEUR_9814,Amygdala,52.17,109.53,Rattus norvegicus
NEUR_7171,Striatum,0.78,64.91,Macaca mulatta
NEUR_3889,Cortex,112.84,26.44,Rattus norvegicus
NEUR_7568,Thalamus,84.63,10.98,Macaca mulatta
NEUR_7780,Hypothalamus,7.76,10.1,Rattus norvegicus
NEUR_5951,Thalamus,92.0,60.76,Macaca mulatta
NEUR_2631,Cortex,16.7,117.23,Danio rerio
NEUR_4101,Striatum,5.08,16.49,Macaca mulatta
NEUR_2905,Cerebellum,112.0,99.25,Danio rerio
NEUR_3845,Thalamus,57.84,83.28,Mus musculus
NEUR_7468,Thalamus,63.5,114.79,Danio rerio
NEUR_5151,Thalamus,37.45,53.92,Mus musculus
NEUR_2578,Hypothalamus,149.98,89.57,Rattus norvegicus
NEUR_4930,Hypothalamus,138.21,66.65,Mus musculus
NEUR_4087,Amygdala,6.51,23.1,Macaca mulatta
NEUR_4375,Hippocampus,10.13,71.99,Danio rerio
NEUR_8139,Hypothalamus,9.79,32.97,Macaca mulatta
NEUR_8080,Amygdala,19.61,64.77,Mus musculus
NEUR_7328,Hippocampus,69.02,50.15,Danio rerio
NEUR_8683,Hypothalamus,10.84,57.67,Rattus norvegicus
NEUR_1580,Striatum,107.23,110.43,Rattus norvegicus
NEUR_5313,Cerebellum,145.67,82.15,Mus musculus
NEUR_4588,Cerebellum,144.43,98.92,Mus musculus
NEUR_8005,Thalamus,31.18,19.19,Mus musculus
NEUR_8472,Striatum,98.34,36.85,Danio rerio
NEUR_4100,Hypothalamus,85.18,59.17,Rattus norvegicus
NEUR_2018,Cerebellum,65.05,42.21,Mus musculus
NEUR_2573,Cerebellum,148.29,85.88,Danio rerio
NEUR_6944,Hypothalamus,23.61,58.14,Macaca mulatta
NEUR_2909,Cortex,91.96,118.15,Rattus norvegicus
NEUR_4420,Striatum,105.07,107.83,Danio rerio
NEUR_1089,Cerebellum,110.34,103.49,Mus musculus
NEUR_6000,Cortex,113.86,73.52,Macaca mulatta
NEUR_9358,Cortex,48.41,39.13,Rattus norvegicus
NEUR_6567,Amygdala,78.3,116.65,Mus musculus
NEUR_2885,Thalamus,8.68,32.49,Rattus norvegicus
NEUR_1649,Thalamus,140.09,62.4,Danio rerio
NEUR_1330,Hippocampus,96.15,38.41,Danio rerio
NEUR_1016,Cortex,10.14,39.98,Mus musculus
NEUR_3912,Amygdala,128.63,35.42,Macaca mulatta
NEUR_8825,Hippocampus,138.76,77.18,Danio rerio
NEUR_6074,Hippocampus,143.24,80.55,Macaca mulatta
NEUR_7322,Cortex,101.25,114.06,Macaca mulatta
NEUR_1452,Hypothalamus,17.08,84.9,Rattus norvegicus
NEUR_5406,Cortex,120.16,115.27,Macaca mulatta
NEUR_8505,Amygdala,24.2,55.35,Mus musculus
NEUR_3735,Thalamus,28.87,41.15,Mus musculus
NEUR_2072,Amygdala,50.48,28.92,Macaca mulatta
NEUR_9590,Cortex,77.05,28.74,Mus musculus
NEUR_6163,Cortex,57.81,103.54,Rattus norvegicus
NEUR_4870,Hippocampus,57.6,33.02,Rattus norvegicus
NEUR_5905,Cortex,112.07,68.83,Macaca mulatta
NEUR_4603,Cerebellum,56.48,114.36,Mus musculus
NEUR_9408,Thalamus,31.29,38.67,Macaca mulatta
NEUR_6392,Amygdala,13.5,53.04,Danio rerio
NEUR_1180,Hippocampus,109.85,27.36,Rattus norvegicus
NEUR_6354,Hippocampus,40.71,99.08,Danio rerio
NEUR_9887,Cerebellum,37.02,12.1,Danio rerio
NEUR_4143,Hypothalamus,72.64,10.15,Rattus norvegicus
NEUR_7224,Amygdala,35.05,118.53,Mus musculus
NEUR_5789,Cortex,85.0,111.75,Danio rerio
NEUR_2746,Cortex,1.76,68.66,Mus musculus
NEUR_4790,Cortex,93.55,81.4,Rattus norvegicus
NEUR_7790,Cerebellum,24.59,12.07,Macaca mulatta
NEUR_9053,Cerebellum,59.55,31.31,Mus musculus
NEUR_5344,Thalamus,99.42,22.89,Macaca mulatta
NEUR_5077,Thalamus,73.45,43.79,Mus musculus
NEUR_2689,Thalamus,118.64,70.6,Rattus norvegicus
NEUR_1909,Amygdala,119.36,117.34,Mus musculus
NEUR_1921,Striatum,147.31,59.61,Macaca mulatta
NEUR_9869,Thalamus,132.44,37.27,Mus musculus
NEUR_5982,Hippocampus,1.19,35.86,Mus musculus
NEUR_3644,Hippocampus,128.34,114.92,Danio rerio
NEUR_9505,Hypothalamus,74.1,19.65,Danio rerio
NEUR_9772,Thalamus,108.13,41.58,Danio rerio
NEUR_8158,Striatum,27.02,36.31,Macaca mulatta
NEUR_4237,Cortex,149.93,117.98,Mus musculus
NEUR_4975,Thalamus,46.62,115.08,Danio rerio
NEUR_7670,Hippocampus,111.33,27.99,Danio rerio
NEUR_4530,Striatum,114.53,57.3,Danio rerio
NEUR_3706,Hippocampus,84.93,16.97,Macaca mulatta
NEUR_5088,Cerebellum,29.11,74.37,Macaca mulatta
NEUR_9548,Thalamus,125.37,38.4,Mus musculus
NEUR_7642,Striatum,4.95,42.69,Danio rerio
NEUR_8680,Amygdala,67.38,112.97,Mus musculus
NEUR_6796,Thalamus,6.98,119.7,Mus musculus
NEUR_4092,Hypothalamus,51.63,118.27,Danio rerio
NEUR_4196,Hypothalamus,145.9,108.8,Rattus norvegicus
NEUR_1185,Hippocampus,125.16,55.28,Macaca mulatta
NEUR_1476,Hippocampus,76.13,56.53,Macaca mulatta
NEUR_8148,Cerebellum,13.85,69.11,Danio rerio
NEUR_5628,Cortex,75.59,76.16,Rattus norvegicus
NEUR_2346,Hypothalamus,71.26,112.31,Rattus norvegicus
NEUR_5621,Striatum,120.1,98.48,Macaca mulatta
NEUR_7751,Striatum,78.99,82.73,Danio rerio
NEUR_6001,Striatum,1.02,63.29,Mus musculus
NEUR_5052,Amygdala,91.28,62.89,Mus musculus
NEUR_3985,Hypothalamus,110.34,51.66,Macaca mulatta
NEUR_7526,Thalamus,27.99,116.39,Macaca mulatta
NEUR_4587,Amygdala,86.42,92.46,Danio rerio
NEUR_4320,Cerebellum,19.14,88.77,Rattus norvegicus
NEUR_4423,Hippocampus,12.5,18.88,Danio rerio
NEUR_5738,Hypothalamus,50.81,70.21,Danio rerio
NEUR_4908,Hippocampus,5.0,108.06,Rattus norvegicus
NEUR_3332,Cerebellum,60.26,38.96,Rattus norvegicus
NEUR_3013,Striatum,6.2,102.91,Macaca mulatta
NEUR_9174,Thalamus,20.01,10.99,Danio rerio
NEUR_6486,Amygdala,73.85,102.93,Rattus norvegicus
NEUR_6190,Hippocampus,128.38,118.69,Danio rerio
NEUR_4796,Amygdala,113.87,27.48,Rattus norvegicus
NEUR_8907,Striatum,140.37,10.38,Rattus norvegicus
NEUR_1428,Amygdala,109.0,34.71,Mus musculus
NEUR_7982,Hippocampus,16.44,25.49,Danio rerio
NEUR_8712,Hippocampus,90.27,116.35,Rattus norvegicus
NEUR_8366,Hypothalamus,17.45,48.99,Mus musculus
NEUR_6615,Hippocampus,12.88,108.48,Macaca mulatta
NEUR_3831,Hippocampus,114.72,22.75,Mus musculus
NEUR_7957,Cerebellum,92.8,106.74,Rattus norvegicus
NEUR_9805,Amygdala,114.74,108.21,Rattus norvegicus
NEUR_6158,Cortex,105.45,38.71,Danio rerio
NEUR_8963,Hypothalamus,134.25,57.43,Rattus norvegicus
NEUR_6704,Hypothalamus,43.58,12.94,Danio rerio
NEUR_8692,Striatum,54.25,86.23,Rattus norvegicus
NEUR_5533,Cerebellum,54.34,106.7,Danio rerio
NEUR_9458,Amygdala,27.97,36.25,Danio rerio
NEUR_1400,Hypothalamus,62.24,70.23,Danio rerio
NEUR_8189,Cerebellum,100.16,76.0,Danio rerio
NEUR_5618,Cortex,141.25,63.37,Danio rerio
NEUR_6040,Thalamus,82.54,51.17,Macaca mulatta
NEUR_5864,Cortex,15.51,52.69,Mus musculus
NEUR_4925,Hippocampus,26.84,65.95,Rattus norvegicus
NEUR_1794,Cerebellum,84.92,62.58,Danio rerio
NEUR_4973,Striatum,83.65,48.92,Mus musculus
NEUR_8083,Hypothalamus,88.58,88.03,Danio rerio
NEUR_7860,Cortex,134.44,12.96,Macaca mulatta
NEUR_7154,Amygdala,20.92,44.35,Rattus norvegicus
NEUR_3653,Amygdala,29.25,36.05,Mus musculus
NEUR_7863,Thalamus,57.46,119.22,Danio rerio
NEUR_6093,Thalamus,80.09,86.56,Macaca mulatta
NEUR_3728,Thalamus,88.86,69.33,Macaca mulatta
NEUR_2244,Hypothalamus,142.67,80.59,Danio rerio
NEUR_5301,Cerebellum,33.63,52.85,Danio rerio
NEUR_2971,Thalamus,57.42,51.5,Rattus norvegicus
NEUR_4477,Hypothalamus,34.65,40.63,Macaca mulatta
NEUR_7392,Cerebellum,92.78,116.49,Mus musculus
NEUR_6000,Thalamus,139.5,26.13,Mus musculus
NEUR_1698,Striatum,30.02,81.27,Danio rerio
NEUR_4688,Thalamus,61.37,63.08,Mus musculus
NEUR_1904,Striatum,123.17,94.27,Mus musculus
NEUR_9609,Striatum,10.49,88.04,Mus musculus
NEUR_9207,Hippocampus,137.55,85.43,Danio rerio
NEUR_8258,Hippocampus,79.8,63.21,Mus musculus
NEUR_8499,Hypothalamus,89.16,29.53,Danio rerio
NEUR_8312,Amygdala,125.46,25.39,Mus musculus
NEUR_5229,Hippocampus,105.6,58.2,Mus musculus
NEUR_1606,Thalamus,103.28,63.26,Rattus norvegicus
NEUR_8977,Amygdala,142.58,78.01,Danio rerio
NEUR_3390,Amygdala,132.24,110.2,Danio rerio
NEUR_7086,Thalamus,104.52,70.37,Mus musculus
NEUR_8489,Hippocampus,138.22,119.16,Macaca mulatta
NEUR_3824,Hippocampus,0.79,82.48,Mus musculus
NEUR_6215,Cortex,25.22,10.98,Mus musculus
NEUR_8806,Hypothalamus,5.19,78.1,Mus musculus
NEUR_7495,Cortex,102.19,47.41,Macaca mulatta
NEUR_1954,Striatum,65.85,100.41,Danio rerio
NEUR_5264,Thalamus,60.27,81.89,Mus musculus
NEUR_3402,Striatum,84.63,102.3,Danio rerio
NEUR_5255,Striatum,106.0,103.94,Danio rerio
NEUR_2687,Thalamus,66.13,41.65,Macaca mulatta
NEUR_9691,Cerebellum,79.26,13.38,Danio rerio
NEUR_9804,Hypothalamus,50.16,17.44,Danio rerio
NEUR_3614,Hypothalamus,41.7,85.12,Macaca mulatta
NEUR_9092,Cerebellum,65.5,23.25,Rattus norvegicus
NEUR_4932,Thalamus,77.44,25.98,Danio rerio
NEUR_3009,Striatum,103.77,11.84,Mus musculus
NEUR_1695,Thalamus,59.05,19.62,Rattus norvegicus
NEUR_1092,Cortex,59.98,61.44,Danio rerio
NEUR_5149,Hippocampus,147.67,24.29,Rattus norvegicus
NEUR_4717,Cerebellum,22.37,109.76,Danio rerio
NEUR_3552,Striatum,105.92,59.56,Danio rerio
NEUR_7777,Cerebellum,56.25,56.79,Rattus norvegicus
NEUR_4861,Cortex,33.96,24.01,Danio rerio
NEUR_2329,Cerebellum,67.52,20.54,Macaca mulatta
NEUR_1873,Striatum,71.54,61.8,Mus musculus
NEUR_2404,Striatum,74.68,54.84,Macaca mulatta
NEUR_7574,Cortex,64.97,103.45,Rattus norvegicus
NEUR_8481,Thalamus,100.87,25.36,Mus musculus
NEUR_4689,Hypothalamus,78.63,43.75,Rattus norvegicus
NEUR_9858,Thalamus,50.58,29.74,Rattus norvegicus
NEUR_6726,Hypothalamus,4.77,81.39,Macaca mulatta
NEUR_4705,Thalamus,10.53,116.33,Mus musculus
NEUR_6255,Cortex,105.25,61.68,Mus musculus
NEUR_1871,Thalamus,6.82,78.55,Macaca mulatta
NEUR_9148,Thalamus,49.4,29.94,Mus musculus
NEUR_6892,Striatum,103.05,102.29,Mus musculus
NEUR_1800,Cortex,76.84,59.03,Rattus norvegicus
NEUR_2404,Hypothalamus,134.25,94.83,Danio rerio
NEUR_7182,Cerebellum,3.64,63.99,Rattus norvegicus
NEUR_7521,Hypothalamus,149.57,75.1,Macaca mulatta
NEUR_8483,Striatum,65.01,119.98,Macaca mulatta
NEUR_4657,Cerebellum,131.31,46.1,Rattus norvegicus
NEUR_5294,Hippocampus,137.0,20.5,Danio rerio
NEUR_8002,Hypothalamus,71.69,85.73,Rattus norvegicus
NEUR_4318,Striatum,139.17,99.44,Rattus norvegicus
NEUR_1280,Cortex,76.79,91.56,Macaca mulatta
NEUR_5624,Thalamus,103.26,88.11,Danio rerio
NEUR_4647,Cerebellum,22.16,31.45,Rattus norvegicus
NEUR_4293,Amygdala,86.58,45.52,Mus musculus
NEUR_5254,Hypothalamus,63.89,61.6,Mus musculus
NEUR_1283,Thalamus,39.01,88.08,Macaca mulatta
NEUR_9809,Striatum,40.88,78.08,Macaca mulatta
NEUR_5719,Amygdala,100.89,102.99,Macaca mulatta
NEUR_1136,Hypothalamus,17.57,28.46,Rattus norvegicus
NEUR_9491,Hypothalamus,78.09,113.2,Rattus norvegicus
NEUR_7945,Hippocampus,134.56,60.15,Mus musculus
NEUR_6115,Cerebellum,149.47,100.19,Rattus norvegicus
NEUR_6303,Hippocampus,108.0,51.95,Danio rerio
NEUR_5052,Hippocampus,81.48,115.86,Macaca mulatta
NEUR_5405,Amygdala,61.85,73.55,Mus musculus
NEUR_2165,Cortex,0.85,24.19,Macaca mulatta
NEUR_9790,Striatum,126.45,27.51,Mus musculus
NEUR_8563,Hypothalamus,71.0,19.76,Mus musculus
NEUR_3883,Thalamus,28.64,30.58,Macaca mulatta
NEUR_7024,Hippocampus,11.65,100.91,Mus musculus
NEUR_6924,Cortex,102.73,11.83,Macaca mulatta
NEUR_1545,Cerebellum,97.08,55.38,Mus musculus
NEUR_1408,Hypothalamus,54.22,97.92,Danio rerio
NEUR_2032,Thalamus,134.19,29.87,Danio rerio
NEUR_5659,Cerebellum,66.16,42.07,Mus musculus
NEUR_2057,Cortex,106.84,15.07,Macaca mulatta
NEUR_1217,Thalamus,58.52,106.81,Macaca mulatta
NEUR_3426,Hippocampus,131.51,21.13,Mus musculus
NEUR_6650,Amygdala,7.0,116.45,Rattus norvegicus
NEUR_2425,Amygdala,19.99,24.33,Rattus norvegicus
NEUR_3145,Thalamus,97.0,75.37,Macaca mulatta
NEUR_4928,Cortex,57.39,28.75,Rattus norvegicus
NEUR_1104,Amygdala,90.2,15.23,Mus musculus
NEUR_9745,Cortex,117.59,36.69,Mus musculus
NEUR_5341,Striatum,1.02,97.22,Mus musculus
NEUR_6478,Striatum,59.41,55.03,Mus musculus
NEUR_4583,Striatum,95.32,99.06,Mus musculus
NEUR_8624,Hypothalamus,125.71,84.1,Macaca mulatta
NEUR_5129,Amygdala,61.5,56.85,Macaca mulatta
NEUR_5088,Cortex,29.49,70.34,Rattus norvegicus
NEUR_4972,Thalamus,65.52,92.55,Rattus norvegicus
NEUR_9643,Thalamus,101.59,21.56,Rattus norvegicus
NEUR_1933,Thalamus,44.05,80.49,Mus musculus
NEUR_2668,Cerebellum,13.95,36.41,Rattus norvegicus
NEUR_1142,Hypothalamus,49.04,39.56,Rattus norvegicus
NEUR_9483,Hippocampus,48.48,72.37,Danio rerio
NEUR_8385,Thalamus,42.69,68.9,Rattus norvegicus
NEUR_2508,Amygdala,76.65,90.49,Danio rerio
NEUR_9491,Amygdala,63.91,33.65,Rattus norvegicus
NEUR_8841,Striatum,34.67,50.64,Rattus norvegicus
NEUR_3899,Thalamus,122.75,40.08,Mus musculus
NEUR_6511,Striatum,28.81,18.1,Mus musculus
NEUR_6024,Thalamus,51.25,83.63,Macaca mulatta
NEUR_1188,Hypothalamus,37.72,60.87,Mus musculus
NEUR_1788,Striatum,1.24,91.18,Mus musculus
NEUR_4255,Striatum,8.27,49.33,Mus musculus
NEUR_7443,Striatum,80.09,20.72,Macaca mulatta
NEUR_8073,Cerebellum,21.95,45.79,Rattus norvegicus
NEUR_3037,Cortex,97.33,91.9,Mus musculus
NEUR_3120,Hypothalamus,22.72,112.79,Danio rerio
NEUR_6253,Striatum,141.08,29.86,Rattus norvegicus
NEUR_1706,Hippocampus,38.07,24.98,Rattus norvegicus
NEUR_2219,Thalamus,117.32,66.54,Mus musculus
NEUR_1322,Hypothalamus,118.67,44.46,Macaca mulatta
NEUR_4727,Amygdala,87.55,118.35,Rattus norvegicus
NEUR_3619,Hypothalamus,4.24,31.46,Macaca mulatta
NEUR_1640,Amygdala,21.48,74.0,Mus musculus
NEUR_2871,Cerebellum,149.13,84.25,Danio rerio
NEUR_9388,Thalamus,148.78,100.7,Mus musculus
NEUR_6318,Thalamus,94.1,77.12,Danio rerio
NEUR_8191,Cerebellum,38.13,74.68,Macaca mulatta
NEUR_3123,Cortex,101.93,34.6,Rattus norvegicus
NEUR_8055,Cortex,4.45,98.22,Danio rerio
NEUR_5747,Cortex,100.97,102.9,Danio rerio
NEUR_2936,Hypothalamus,139.33,116.28,Danio rerio
NEUR_3009,Thalamus,67.16,39.84,Macaca mulatta
NEUR_5908,Hippocampus,36.66,41.04,Rattus norvegicus
NEUR_9142,Striatum,100.1,25.54,Rattus norvegicus
NEUR_4996,Striatum,39.77,19.59,Danio rerio
NEUR_4200,Cerebellum,70.45,44.4,Danio rerio
NEUR_5062,Hippocampus,52.04,40.8,Mus musculus
NEUR_8408,Cortex,66.88,98.2,Rattus norvegicus
NEUR_6323,Hippocampus,114.89,54.23,Rattus norvegicus
NEUR_1217,Cortex,104.17,44.32,Danio rerio
NEUR_6437,Cerebellum,24.35,22.01,Macaca mulatta
NEUR_6381,Thalamus,119.32,91.43,Rattus norvegicus
NEUR_9290,Amygdala,1.47,11.58,Macaca mulatta
NEUR_3394,Cortex,102.09,70.69,Macaca mulatta
NEUR_9644,Striatum,113.61,116.34,Danio rerio
NEUR_5456,Thalamus,124.11,47.01,Macaca mulatta
NEUR_7251,Cortex,102.88,52.04,Rattus norvegicus
NEUR_8890,Cortex,91.23,62.42,Mus musculus
NEUR_9560,Amygdala,139.72,96.53,Danio rerio
NEUR_8518,Striatum,108.68,103.27,Macaca mulatta
NEUR_5500,Thalamus,99.23,13.72,Rattus norvegicus
NEUR_2954,Striatum,111.8,99.14,Macaca mulatta
NEUR_7144,Hypothalamus,131.03,55.78,Rattus norvegicus
NEUR_6523,Cerebellum,19.09,37.53,Danio rerio
NEUR_9325,Amygdala,34.73,98.58,Mus musculus
NEUR_6486,Cortex,50.31,90.96,Macaca mulatta
NEUR_9792,Thalamus,29.5,81.04,Mus musculus
NEUR_7681,Cortex,75.33,98.49,Macaca mulatta
NEUR_3102,Cortex,137.01,61.92,Danio rerio
NEUR_1353,Thalamus,146.87,14.71,Macaca mulatta
NEUR_5135,Cerebellum,139.11,111.13,Danio rerio
NEUR_8669,Thalamus,149.71,50.5,Danio rerio
NEUR_3216,Cortex,7.96,23.16,Rattus norvegicus
NEUR_7249,Cerebellum,18.88,75.88,Danio rerio
NEUR_5904,Hippocampus,38.65,113.6,Rattus norvegicus
NEUR_5743,Thalamus,86.58,68.75,Mus musculus
NEUR_4823,Striatum,1.44,87.82,Danio rerio
NEUR_5396,Hippocampus,97.19,117.82,Macaca mulatta
NEUR_7995,Cortex,149.67,101.87,Rattus norvegicus
NEUR_3645,Cortex,5.33,90.82,Danio rerio
NEUR_3174,Cerebellum,137.11,92.65,Danio rerio
NEUR_6143,Amygdala,107.23,87.95,Mus musculus
NEUR_3449,Hippocampus,72.41,67.13,Mus musculus
NEUR_9261,Hippocampus,96.99,71.41,Danio rerio
NEUR_5782,Hypothalamus,58.81,34.04,Danio rerio
NEUR_4136,Cerebellum,3.82,62.53,Mus musculus
NEUR_5439,Cerebellum,44.48,71.19,Danio rerio
NEUR_3770,Cortex,54.32,107.21,Danio rerio
NEUR_2395,Cerebellum,66.58,119.02,Macaca mulatta
NEUR_7158,Cerebellum,104.22,52.43,Macaca mulatta
NEUR_9388,Thalamus,134.61,116.18,Danio rerio
NEUR_1057,Cortex,128.1,84.34,Macaca mulatta
NEUR_9053,Cerebellum,55.67,15.85,Rattus norvegicus
NEUR_8467,Striatum,6.89,78.96,Mus musculus
NEUR_3151,Hippocampus,111.61,75.99,Rattus norvegicus
NEUR_6050,Amygdala,47.66,110.4,Danio rerio
NEUR_9904,Hippocampus,28.75,72.46,Danio rerio
NEUR_1302,Cerebellum,138.78,109.48,Mus musculus
NEUR_7067,Amygdala,112.24,90.6,Macaca mulatta
NEUR_2333,Cerebellum,26.27,72.72,Mus musculus
NEUR_1401,Cerebellum,24.84,94.11,Danio rerio
NEUR_4249,Cortex,36.12,81.08,Danio rerio
NEUR_2292,Hippocampus,78.47,119.83,Mus musculus
NEUR_4334,Thalamus,117.97,91.29,Rattus norvegicus
NEUR_6756,Hypothalamus,87.74,77.73,Rattus norvegicus
NEUR_9116,Striatum,25.48,105.72,Danio rerio
NEUR_4813,Cortex,20.29,73.8,Mus musculus
NEUR_1941,Hypothalamus,60.8,77.47,Mus musculus
NEUR_7898,Cortex,95.87,81.56,Macaca mulatta
NEUR_5294,Hippocampus,70.52,48.99,Mus musculus
NEUR_7033,Cerebellum,13.33,27.34,Mus musculus
NEUR_7688,Amygdala,117.27,117.33,Danio rerio
NEUR_7955,Hippocampus,34.99,16.54,Mus musculus
NEUR_9812,Cortex,12.13,91.53,Rattus norvegicus
NEUR_2279,Thalamus,128.34,42.84,Macaca mulatta
NEUR_8782,Thalamus,32.5,98.49,Mus musculus
NEUR_2240,Striatum,82.29,115.69,Danio rerio
NEUR_2514,Thalamus,83.77,42.8,Rattus norvegicus
NEUR_4599,Cortex,58.12,115.0,Rattus norvegicus
NEUR_6524,Cerebellum,138.55,86.02,Danio rerio
NEUR_9315,Cortex,38.02,29.26,Mus musculus
NEUR_6455,Thalamus,114.64,103.08,Rattus norvegicus
NEUR_9871,Hippocampus,115.62,23.15,Macaca mulatta
NEUR_6025,Amygdala,112.28,15.77,Danio rerio
NEUR_6233,Cortex,13.63,30.22,Mus musculus
NEUR_7931,Thalamus,9.13,51.32,Danio rerio
NEUR_8868,Hippocampus,81.86,100.74,Danio rerio
NEUR_6520,Cerebellum,87.88,32.0,Mus musculus
NEUR_4774,Cortex,142.11,58.02,Mus musculus
NEUR_4526,Cortex,132.76,21.22,Danio rerio
NEUR_2035,Cerebellum,24.06,46.01,Rattus norvegicus
NEUR_4126,Thalamus,53.94,23.16,Mus musculus
NEUR_9368,Cerebellum,46.47,19.55,Mus musculus
NEUR_5718,Cortex,48.37,58.41,Rattus norvegicus
NEUR_5942,Hippocampus,42.24,107.15,Rattus norvegicus
NEUR_3894,Cortex,120.14,51.37,Rattus norvegicus
NEUR_4351,Striatum,87.42,61.58,Macaca mulatta
NEUR_1899,Thalamus,16.66,73.97,Macaca mulatta
NEUR_8945,Cortex,98.73,18.72,Mus musculus
NEUR_4583,Amygdala,3.71,61.88,Mus musculus
NEUR_9438,Striatum,98.16,12.04,Danio rerio
NEUR_5934,Hypothalamus,13.68,15.34,Macaca mulatta
NEUR_5376,Thalamus,121.36,22.01,Danio rerio
NEUR_9823,Thalamus,74.71,18.84,Mus musculus
NEUR_1812,Cortex,146.23,53.37,Macaca mulatta
NEUR_2469,Amygdala,136.81,80.57,Rattus norvegicus
NEUR_2184,Striatum,58.38,97.86,Danio rerio
NEUR_9170,Cerebellum,13.94,75.31,Rattus norvegicus
NEUR_9752,Thalamus,75.72,51.63,Danio rerio
NEUR_2779,Thalamus,112.61,28.13,Macaca mulatta
NEUR_3384,Hypothalamus,60.84,111.08,Macaca mulatta
NEUR_8920,Cerebellum,64.87,104.06,Rattus norvegicus
NEUR_8005,Cortex,138.35,89.24,Mus musculus
NEUR_7689,Cortex,32.74,88.44,Danio rerio
NEUR_4001,Hippocampus,125.01,112.85,Rattus norvegicus
NEUR_6358,Striatum,142.67,13.16,Rattus norvegicus
NEUR_9645,Cerebellum,114.56,79.63,Macaca mulatta
NEUR_3635,Hypothalamus,149.57,85.28,Danio rerio
NEUR_4995,Cerebellum,111.48,36.94,Rattus norvegicus
NEUR_6526,Amygdala,76.96,30.19,Macaca mulatta
NEUR_9970,Striatum,109.58,42.27,Macaca mulatta
NEUR_8965,Striatum,105.54,13.65,Rattus norvegicus
NEUR_2244,Hippocampus,48.13,84.82,Rattus norvegicus
NEUR_8883,Hippocampus,132.32,87.54,Macaca mulatta
NEUR_1091,Amygdala,7.85,52.92,Rattus norvegicus
NEUR_7866,Hypothalamus,148.02,88.81,Rattus norvegicus
NEUR_4967,Amygdala,55.21,91.15,Mus musculus
NEUR_1883,Hippocampus,18.71,42.39,Danio rerio
NEUR_6845,Cerebellum,9.16,68.33,Danio rerio
NEUR_3693,Hippocampus,43.44,51.68,Danio rerio
NEUR_4952,Hypothalamus,137.22,28.45,Macaca mulatta
NEUR_2443,Striatum,119.88,72.54,Mus musculus
NEUR_1020,Cortex,134.16,25.73,Danio rerio
NEUR_6959,Striatum,102.94,29.72,Macaca mulatta
NEUR_6570,Hippocampus,98.5,31.97,Macaca mulatta
NEUR_9638,Cortex,112.99,44.22,Danio rerio
NEUR_1671,Cerebellum,71.32,108.45,Rattus norvegicus
NEUR_7348,Thalamus,90.92,15.58,Danio rerio
NEUR_2149,Thalamus,21.82,69.52,Macaca mulatta
NEUR_8906,Hippocampus,146.57,75.88,Macaca mulatta
NEUR_4438,Thalamus,28.97,101.15,Rattus norvegicus
NEUR_2534,Cortex,11.22,31.58,Danio rerio
NEUR_9541,Hypothalamus,50.08,64.81,Macaca mulatta
NEUR_7660,Thalamus,21.21,93.94,Rattus norvegicus
NEUR_5889,Cerebellum,95.06,81.79,Macaca mulatta
NEUR_8914,Hippocampus,96.16,69.42,Mus musculus
NEUR_5098,Thalamus,81.94,32.87,Macaca mulatta
NEUR_3167,Hypothalamus,57.86,51.91,Danio rerio
NEUR_2753,Hypothalamus,122.45,42.99,Danio rerio
NEUR_2771,Striatum,94.13,90.18,Mus musculus
NEUR_3786,Cerebellum,69.58,62.38,Danio rerio
NEUR_9753,Striatum,13.11,25.18,Rattus norvegicus
NEUR_6865,Cerebellum,75.79,34.32,Rattus norvegicus
NEUR_1076,Striatum,30.38,24.73,Mus musculus
NEUR_2173,Striatum,130.13,70.36,Danio rerio
NEUR_8630,Hypothalamus,8.0,52.85,Macaca mulatta
NEUR_1908,Cerebellum,60.6,98.88,Danio rerio
NEUR_1971,Hippocampus,146.8,85.23,Macaca mulatta
NEUR_8993,Cerebellum,70.99,24.84,Macaca mulatta
NEUR_1781,Cerebellum,94.48,117.95,Macaca mulatta
NEUR_2466,Amygdala,104.91,53.97,Mus musculus
NEUR_8481,Amygdala,1.0,56.1,Macaca mulatta
NEUR_2841,Striatum,90.34,95.84,Danio rerio
NEUR_6171,Striatum,98.17,85.19,Rattus norvegicus
NEUR_1947,Amygdala,59.93,85.12,Danio rerio
NEUR_5873,Amygdala,17.78,45.38,Rattus norvegicus
NEUR_6562,Hippocampus,94.26,51.42,Mus musculus
NEUR_2425,Hypothalamus,95.81,92.1,Danio rerio
NEUR_3351,Hippocampus,104.68,63.72,Macaca mulatta
NEUR_7656,Amygdala,92.36,110.11,Mus musculus
NEUR_2118,Hippocampus,56.04,83.74,Rattus norvegicus
NEUR_5081,Hypothalamus,86.0,43.01,Danio rerio
NEUR_2905,Cerebellum,7.99,24.74,Danio rerio
NEUR_4041,Hypothalamus,143.59,52.84,Rattus norvegicus
NEUR_5511,Cerebellum,129.15,20.47,Mus musculus
NEUR_5804,Hypothalamus,70.99,80.73,Macaca mulatta
NEUR_3038,Cerebellum,88.01,11.11,Danio rerio
NEUR_3331,Cerebellum,44.78,97.47,Macaca mulatta
NEUR_4802,Hypothalamus,55.71,29.66,Danio rerio
NEUR_2857,Cortex,36.54,101.01,Danio rerio
NEUR_8695,Striatum,148.99,87.55,Macaca mulatta
NEUR_9116,Striatum,123.04,59.6,Mus musculus
NEUR_1915,Amygdala,68.62,119.19,Macaca mulatta
NEUR_1985,Striatum,76.89,109.28,Mus musculus
NEUR_5073,Hypothalamus,63.4,71.31,Danio rerio
NEUR_8605,Striatum,117.31,99.87,Rattus norvegicus
NEUR_2377,Thalamus,49.06,53.6,Mus musculus
NEUR_4897,Thalamus,131.26,18.45,Macaca mulatta
NEUR_6938,Cerebellum,17.38,77.97,Rattus norvegicus
NEUR_7677,Hypothalamus,18.75,60.22,Mus musculus
NEUR_5311,Hippocampus,85.4,87.65,Mus musculus
NEUR_9845,Cerebellum,67.7,99.35,Mus musculus
NEUR_7945,Thalamus,52.52,74.09,Danio rerio
NEUR_9959,Hippocampus,106.71,47.98,Macaca mulatta
NEUR_2010,Thalamus,54.67,76.56,Macaca mulatta
NEUR_8268,Striatum,46.54,105.51,Rattus norvegicus
NEUR_4062,Striatum,117.37,38.59,Mus musculus
NEUR_9856,Thalamus,18.33,69.45,Danio rerio
NEUR_1594,Cortex,129.87,16.01,Rattus norvegicus
NEUR_3238,Amygdala,38.8,97.01,Mus musculus
NEUR_8569,Amygdala,137.98,110.38,Danio rerio
NEUR_2917,Hypothalamus,105.93,33.56,Mus musculus
NEUR_6991,Amygdala,42.21,21.4,Macaca mulatta
NEUR_4413,Hippocampus,64.85,55.75,Mus musculus
NEUR_1363,Hippocampus,127.25,36.26,Mus musculus
NEUR_7726,Cerebellum,141.29,66.94,Mus musculus
NEUR_9290,Thalamus,60.92,94.26,Rattus norvegicus
NEUR_3989,Striatum,32.58,53.02,Rattus norvegicus
NEUR_1000,Cortex,37.88,106.09,Danio rerio
NEUR_8618,Hippocampus,135.42,27.14,Danio rerio
NEUR_9950,Thalamus,141.14,101.07,Danio rerio
NEUR_2851,Cerebellum,45.54,106.7,Danio rerio
NEUR_5584,Amygdala,54.31,79.23,Danio rerio
NEUR_2186,Amygdala,117.54,88.56,Mus musculus
NEUR_1669,Cortex,3.08,48.46,Mus musculus
NEUR_9431,Hypothalamus,17.91,21.35,Mus musculus
NEUR_6713,Hypothalamus,100.97,60.26,Macaca mulatta
NEUR_4404,Hypothalamus,11.29,56.17,Danio rerio
NEUR_3117,Cortex,136.43,82.08,Macaca mulatta
NEUR_9450,Cortex,93.07,119.77,Macaca mulatta
NEUR_4956,Cerebellum,124.61,53.35,Rattus norvegicus
NEUR_8842,Thalamus,149.37,77.98,Macaca mulatta
NEUR_2332,Amygdala,16.46,36.95,Mus musculus
NEUR_5135,Hypothalamus,67.45,87.72,Danio rerio
NEUR_2354,Striatum,67.74,39.03,Rattus norvegicus
NEUR_2515,Cerebellum,22.56,35.57,Danio rerio
NEUR_9853,Amygdala,137.41,118.9,Rattus norvegicus
NEUR_2717,Thalamus,125.44,57.19,Rattus norvegicus
NEUR_3290,Cerebellum,116.88,28.28,Danio rerio
NEUR_6188,Hypothalamus,120.85,95.11,Rattus norvegicus
NEUR_6268,Striatum,13.33,86.55,Rattus norvegicus
NEUR_7661,Striatum,147.32,114.56,Rattus norvegicus
NEUR_3412,Cerebellum,19.37,50.27,Rattus norvegicus
NEUR_1321,Thalamus,62.59,110.42,Macaca mulatta
NEUR_3327,Cerebellum,83.0,51.5,Macaca mulatta
NEUR_9669,Amygdala,10.79,42.54,Mus musculus
NEUR_9964,Cortex,25.49,62.05,Rattus norvegicus
NEUR_8301,Striatum,2.96,73.76,Rattus norvegicus
NEUR_2211,Thalamus,146.99,87.16,Mus musculus
NEUR_2761,Cerebellum,126.59,86.65,Danio rerio
NEUR_4321,Hypothalamus,149.99,77.42,Danio rerio
NEUR_6192,Thalamus,25.7,109.66,Mus musculus
NEUR_6153,Cerebellum,140.65,77.75,Rattus norvegicus
NEUR_9300,Cerebellum,1.57,59.92,Mus musculus
NEUR_8939,Hippocampus,133.38,82.33,Mus musculus
NEUR_1423,Cortex,67.86,111.47,Danio rerio
NEUR_2402,Hypothalamus,71.15,46.26,Danio rerio
NEUR_6871,Cortex,107.17,85.2,Mus musculus
NEUR_9996,Striatum,108.89,29.29,Rattus norvegicus
NEUR_9436,Cerebellum,61.27,91.85,Macaca mulatta
NEUR_9936,Thalamus,58.79,110.84,Rattus norvegicus
NEUR_8260,Hippocampus,51.27,98.06,Danio rerio
NEUR_6825,Cortex,147.11,48.06,Macaca mulatta
NEUR_4060,Striatum,100.82,22.46,Mus musculus
NEUR_7020,Thalamus,12.81,23.02,Danio rerio
NEUR_2293,Amygdala,110.2,119.53,Danio rerio
NEUR_8837,Hypothalamus,147.6,54.78,Macaca mulatta
NEUR_7977,Hippocampus,35.15,43.15,Danio rerio
NEUR_7533,Amygdala,53.06,102.7,Macaca mulatta
NEUR_5638,Hippocampus,64.52,95.24,Mus musculus
NEUR_8972,Hippocampus,122.87,35.97,Mus musculus
NEUR_4975,Amygdala,45.13,86.18,Rattus norvegicus
NEUR_9161,Hypothalamus,0.43,58.43,Macaca mulatta
NEUR_7397,Hypothalamus,71.42,30.82,Danio rerio
NEUR_7081,Thalamus,59.53,103.91,Danio rerio
NEUR_4252,Hypothalamus,13.55,105.35,Mus musculus
NEUR_9653,Cortex,11.94,64.91,Danio rerio
NEUR_9642,Hippocampus,4.03,14.81,Rattus norvegicus
NEUR_5644,Amygdala,32.97,19.49,Rattus norvegicus
NEUR_8805,Striatum,62.5,92.65,Mus musculus
NEUR_2894,Hypothalamus,94.47,118.45,Mus musculus
NEUR_6521,Cortex,3.71,87.28,Macaca mulatta
NEUR_7122,Thalamus,0.67,48.33,Mus musculus
NEUR_4112,Thalamus,14.54,51.58,Mus musculus
NEUR_2672,Cortex,133.12,90.76,Mus musculus
NEUR_6993,Striatum,130.45,108.75,Danio rerio
NEUR_5342,Amygdala,129.62,109.09,Danio rerio
NEUR_4593,Cortex,52.58,69.79,Mus musculus
NEUR_1375,Cortex,0.17,37.2,Macaca mulatta
NEUR_3685,Hippocampus,75.85,45.56,Rattus norvegicus
NEUR_3598,Cerebellum,75.39,113.82,Rattus norvegicus
NEUR_9811,Striatum,84.25,70.49,Danio rerio
NEUR_5410,Cortex,24.32,114.81,Rattus norvegicus
NEUR_6381,Striatum,124.25,119.83,Macaca mulatta
NEUR_5123,Cerebellum,130.15,116.64,Mus musculus
NEUR_2769,Thalamus,5.85,55.69,Danio rerio
NEUR_8381,Cortex,69.85,84.24,Danio rerio
NEUR_3643,Hippocampus,96.11,67.86,Macaca mulatta
NEUR_3047,Cerebellum,9.3,42.64,Mus musculus
NEUR_6412,Cortex,125.76,33.06,Rattus norvegicus
NEUR_5547,Thalamus,90.41,67.69,Mus musculus
NEUR_3980,Hippocampus,28.12,50.26,Macaca mulatta
NEUR_8973,Hypothalamus,72.9,15.89,Danio rerio
NEUR_1446,Striatum,103.58,86.12,Mus musculus
NEUR_9036,Hippocampus,65.4,17.86,Danio rerio
NEUR_5156,Hypothalamus,12.19,113.82,Rattus norvegicus
NEUR_7090,Amygdala,6.61,39.64,Danio rerio
NEUR_2109,Amygdala,43.94,93.24,Macaca mulatta
NEUR_5224,Amygdala,74.4,113.96,Mus musculus
NEUR_5486,Striatum,50.95,91.74,Danio rerio
NEUR_2668,Amygdala,85.71,18.21,Mus musculus
NEUR_8321,Amygdala,84.99,97.08,Mus musculus
NEUR_8983,Cerebellum,77.5,57.54,Mus musculus
NEUR_4114,Amygdala,143.56,12.64,Rattus norvegicus
NEUR_8200,Cortex,130.27,65.79,Macaca mulatta
NEUR_4971,Cortex,82.07,80.86,Mus musculus
NEUR_6514,Hippocampus,50.49,76.59,Danio rerio
NEUR_2833,Cerebellum,93.7,42.37,Mus musculus
NEUR_1833,Striatum,69.14,28.02,Rattus norvegicus
NEUR_6142,Hypothalamus,14.5,23.69,Rattus norvegicus
NEUR_4766,Hypothalamus,147.87,71.86,Macaca mulatta
NEUR_2038,Striatum,22.49,36.23,Macaca mulatta
NEUR_2175,Striatum,133.53,81.07,Danio rerio
NEUR_5021,Amygdala,118.56,94.65,Rattus norvegicus
NEUR_2296,Hippocampus,89.52,86.55,Danio rerio
NEUR_5423,Striatum,129.95,42.78,Macaca mulatta
NEUR_7304,Hippocampus,40.11,93.51,Rattus norvegicus
NEUR_2226,Cerebellum,85.47,22.99,Macaca mulatta
NEUR_4011,Hippocampus,148.95,35.16,Danio rerio
NEUR_7961,Amygdala,29.69,54.3,Rattus norvegicus
NEUR_4884,Amygdala,138.77,21.93,Mus musculus
NEUR_6485,Cortex,133.88,101.1,Danio rerio
NEUR_1598,Amygdala,147.35,90.65,Danio rerio
NEUR_8729,Hypothalamus,33.04,102.21,Macaca mulatta
NEUR_3395,Amygdala,130.62,12.28,Rattus norvegicus
NEUR_5366,Amygdala,77.62,61.35,Macaca mulatta
NEUR_2750,Hippocampus,59.97,30.67,Rattus norvegicus
NEUR_3055,Amygdala,79.53,102.04,Danio rerio
NEUR_5025,Striatum,100.94,98.33,Rattus norvegicus
NEUR_5776,Thalamus,41.09,41.97,Rattus norvegicus
NEUR_2548,Cortex,141.38,118.49,Danio rerio
NEUR_1786,Striatum,116.63,87.64,Danio rerio
NEUR_7362,Cerebellum,74.4,66.04,Macaca mulatta
NEUR_5050,Striatum,98.72,13.75,Rattus norvegicus
NEUR_5694,Cerebellum,73.8,102.04,Rattus norvegicus
NEUR_1030,Amygdala,70.9,109.55,Mus musculus
NEUR_8657,Hypothalamus,90.66,76.36,Danio rerio
NEUR_5392,Cortex,69.72,65.4,Mus musculus
NEUR_8256,Cerebellum,32.61,67.68,Mus musculus
NEUR_2317,Cerebellum,136.37,28.33,Macaca mulatta
NEUR_4692,Hypothalamus,142.44,13.84,Macaca mulatta
NEUR_5009,Hippocampus,130.14,87.31,Mus musculus
NEUR_5562,Cortex,86.88,61.15,Macaca mulatta
NEUR_7967,Hippocampus,83.29,71.07,Rattus norvegicus
NEUR_4756,Amygdala,102.92,32.82,Danio rerio
NEUR_2195,Hypothalamus,34.11,76.32,Rattus norvegicus
NEUR_4739,Hypothalamus,130.82,112.75,Danio rerio
NEUR_6083,Striatum,147.22,37.58,Mus musculus
NEUR_2137,Hypothalamus,97.26,107.68,Mus musculus
NEUR_4184,Striatum,114.82,18.99,Mus musculus
NEUR_7231,Striatum,42.07,76.74,Macaca mulatta
NEUR_2304,Cortex,88.17,55.76,Rattus norvegicus
NEUR_4633,Hypothalamus,39.7,40.99,Rattus norvegicus
NEUR_5469,Striatum,88.79,47.35,Macaca mulatta
NEUR_7828,Cortex,134.93,97.54,Mus musculus
NEUR_7635,Amygdala,35.75,62.7,Danio rerio
NEUR_3026,Striatum,149.35,27.56,Mus musculus
NEUR_4465,Cerebellum,52.05,69.83,Danio rerio
NEUR_1049,Amygdala,53.75,38.1,Rattus norvegicus
NEUR_5363,Cortex,78.29,107.49,Mus musculus
NEUR_9469,Hypothalamus,37.39,110.19,Macaca mulatta
NEUR_3805,Amygdala,130.08,48.69,Danio rerio
NEUR_6262,Hippocampus,95.4,101.65,Mus musculus
NEUR_6803,Striatum,139.45,79.47,Mus musculus
NEUR_5291,Hypothalamus,85.68,74.19,Danio rerio
NEUR_4115,Cerebellum,121.24,17.94,Mus musculus
NEUR_4950,Cortex,145.44,58.63,Macaca mulatta
NEUR_1309,Amygdala,122.91,16.84,Macaca mulatta
NEUR_7832,Cortex,103.72,99.23,Mus musculus
NEUR_9785,Hippocampus,27.7,38.44,Danio rerio
NEUR_6298,Hippocampus,109.91,38.11,Rattus norvegicus
NEUR_2096,Cerebellum,130.66,69.3,Rattus norvegicus
NEUR_1014,Cortex,51.38,112.53,Mus musculus
NEUR_1055,Cerebellum,109.8,42.46,Danio rerio
NEUR_1931,Thalamus,17.02,74.44,Macaca mulatta
NEUR_1019,Amygdala,52.78,67.52,Macaca mulatta
NEUR_9327,Hypothalamus,75.59,35.59,Macaca mulatta
NEUR_6595,Cortex,132.82,105.53,Rattus norvegicus
NEUR_9646,Hypothalamus,4.79,64.44,Mus musculus
NEUR_1334,Cerebellum,48.25,31.37,Mus musculus
NEUR_7922,Thalamus,144.68,13.02,Macaca mulatta
NEUR_4460,Hippocampus,134.8,62.48,Mus musculus
NEUR_7105,Hypothalamus,35.18,117.84,Macaca mulatta
NEUR_4977,Hippocampus,127.02,118.61,Mus musculus
NEUR_5304,Cerebellum,12.94,23.4,Mus musculus
NEUR_8795,Striatum,82.37,108.67,Macaca mulatta
NEUR_5705,Hippocampus,99.75,97.39,Mus musculus
NEUR_3332,Cortex,54.98,119.33,Danio rerio
NEUR_8140,Amygdala,118.77,26.56,Danio rerio
NEUR_5603,Striatum,17.89,109.43,Danio rerio
NEUR_3172,Hippocampus,58.67,40.58,Rattus norvegicus
NEUR_5506,Striatum,21.63,86.55,Danio rerio
NEUR_4295,Amygdala,111.53,61.78,Mus musculus
NEUR_7918,Thalamus,84.77,37.67,Mus musculus
NEUR_9137,Cortex,149.97,96.69,Mus musculus
NEUR_9703,Amygdala,35.85,61.7,Macaca mulatta
NEUR_5724,Hippocampus,31.2,77.21,Macaca mulatta
NEUR_4079,Striatum,58.7,59.07,Rattus norvegicus
NEUR_9231,Amygdala,126.14,14.99,Macaca mulatta
NEUR_7998,Thalamus,100.1,23.71,Rattus norvegicus
NEUR_8746,Cortex,37.97,106.89,Mus musculus
NEUR_1487,Hippocampus,70.63,119.88,Danio rerio
NEUR_7260,Thalamus,25.7,67.15,Mus musculus
NEUR_9169,Striatum,24.67,22.22,Macaca mulatta
NEUR_9255,Cerebellum,125.93,111.13,Macaca mulatta
NEUR_1812,Amygdala,52.2,65.62,Macaca mulatta
NEUR_4325,Thalamus,149.28,11.43,Danio rerio
NEUR_9345,Cortex,61.09,53.39,Mus musculus
NEUR_1693,Hippocampus,22.9,38.75,Danio rerio
NEUR_1472,Cerebellum,129.78,58.62,Rattus norvegicus
NEUR_1989,Amygdala,119.55,38.91,Danio rerio
NEUR_5990,Amygdala,37.03,11.97,Rattus norvegicus
NEUR_9969,Cortex,44.46,75.62,Rattus norvegicus
NEUR_6938,Cortex,42.42,64.05,Danio rerio
NEUR_2151,Hippocampus,48.39,110.25,Rattus norvegicus
NEUR_4030,Cortex,65.46,21.34,Danio rerio
NEUR_2076,Thalamus,119.06,110.89,Danio rerio
NEUR_9720,Striatum,72.05,100.07,Mus musculus
NEUR_4907,Cerebellum,90.83,13.93,Rattus norvegicus
NEUR_6538,Thalamus,98.15,15.25,Danio rerio
NEUR_2265,Striatum,95.07,34.0,Macaca mulatta
NEUR_3563,Cortex,27.1,22.16,Macaca mulatta
NEUR_4578,Thalamus,145.49,103.32,Danio rerio
NEUR_1806,Hippocampus,12.71,20.23,Mus musculus
NEUR_3975,Amygdala,116.88,98.63,Macaca mulatta
NEUR_4041,Thalamus,96.94,76.38,Rattus norvegicus
NEUR_1365,Cerebellum,103.05,86.95,Macaca mulatta
NEUR_4133,Amygdala,110.84,95.2,Mus musculus
NEUR_6497,Striatum,133.94,24.87,Danio rerio
NEUR_4636,Hypothalamus,70.04,70.2,Danio rerio
NEUR_4203,Cortex,11.74,71.27,Rattus norvegicus
NEUR_2911,Hypothalamus,22.99,27.3,Macaca mulatta
NEUR_6495,Cerebellum,76.98,56.94,Mus musculus
NEUR_1803,Striatum,18.0,14.76,Danio rerio
NEUR_4159,Amygdala,1.53,52.9,Macaca mulatta
NEUR_1469,Hippocampus,60.38,10.46,Rattus norvegicus
NEUR_8705,Hippocampus,69.76,64.96,Macaca mulatta
NEUR_6526,Amygdala,79.88,106.99,Rattus norvegicus
NEUR_3605,Hippocampus,72.12,118.59,Mus musculus
NEUR_1956,Cortex,93.4,110.75,Mus musculus
NEUR_8496,Amygdala,18.6,35.63,Rattus norvegicus
NEUR_3247,Cortex,97.41,110.42,Macaca mulatta
NEUR_4801,Hypothalamus,80.5,47.5,Macaca mulatta
NEUR_6067,Hypothalamus,122.86,11.08,Mus musculus
NEUR_6834,Striatum,93.06,69.5,Macaca mulatta
NEUR_7396,Cortex,33.78,38.87,Rattus norvegicus
NEUR_2235,Cortex,42.17,91.03,Danio rerio
NEUR_9592,Amygdala,23.87,83.09,Mus musculus
NEUR_7131,Striatum,19.0,44.42,Rattus norvegicus
NEUR_2128,Striatum,148.15,106.5,Danio rerio
NEUR_9495,Cortex,47.96,94.53,Mus musculus
NEUR_4145,Thalamus,58.11,40.26,Macaca mulatta
NEUR_5534,Striatum,85.91,99.88,Mus musculus
NEUR_3354,Cortex,147.59,58.74,Macaca mulatta
NEUR_1205,Hippocampus,99.77,13.11,Danio rerio
NEUR_9597,Thalamus,54.72,82.9,Macaca mulatta
NEUR_5216,Thalamus,73.19,10.71,Rattus norvegicus
NEUR_7596,Amygdala,10.98,27.16,Rattus norvegicus
NEUR_9947,Thalamus,78.9,86.36,Danio rerio
NEUR_8864,Thalamus,36.74,41.51,Danio rerio
NEUR_3063,Striatum,31.46,71.98,Rattus norvegicus
NEUR_3606,Striatum,48.74,26.77,Rattus norvegicus
NEUR_9345,Striatum,19.09,51.94,Danio rerio
NEUR_2471,Hypothalamus,43.78,85.64,Mus musculus
NEUR_4611,Thalamus,134.96,17.55,Rattus norvegicus
NEUR_2144,Cerebellum,130.54,21.48,Rattus norvegicus
NEUR_8985,Hypothalamus,123.38,37.28,Mus musculus
NEUR_8308,Cortex,38.74,70.08,Rattus norvegicus
NEUR_6138,Hippocampus,66.83,31.45,Rattus norvegicus
NEUR_1806,Amygdala,97.41,75.23,Danio rerio
NEUR_8913,Cortex,109.37,26.53,Danio rerio
NEUR_6309,Hypothalamus,74.56,111.92,Mus musculus
NEUR_3875,Cerebellum,36.9,61.92,Danio rerio
NEUR_8918,Hippocampus,141.32,31.54,Danio rerio
NEUR_3566,Cortex,146.83,104.48,Danio rerio
NEUR_9207,Hippocampus,70.64,16.65,Rattus norvegicus
NEUR_1947,Hippocampus,0.22,114.5,Danio rerio
NEUR_1553,Amygdala,145.58,59.59,Macaca mulatta
NEUR_8597,Hippocampus,6.22,22.96,Rattus norvegicus
NEUR_2563,Cortex,77.42,24.66,Macaca mulatta
NEUR_5087,Hypothalamus,131.94,56.12,Danio rerio
NEUR_7428,Thalamus,134.74,95.35,Danio rerio
NEUR_6316,Thalamus,2.41,101.68,Mus musculus
NEUR_9003,Amygdala,64.37,81.33,Danio rerio
NEUR_2671,Hippocampus,61.69,81.1,Macaca mulatta
NEUR_4520,Striatum,98.77,85.49,Mus musculus
NEUR_2951,Cortex,26.78,94.66,Rattus norvegicus
NEUR_4837,Cortex,36.41,111.73,Danio rerio
NEUR_7884,Thalamus,28.92,47.41,Danio rerio
NEUR_5281,Striatum,69.29,79.61,Mus musculus
NEUR_3807,Cerebellum,6.37,41.96,Rattus norvegicus
NEUR_2267,Hippocampus,141.59,37.43,Danio rerio
NEUR_3208,Amygdala,70.69,95.36,Macaca mulatta
NEUR_7911,Amygdala,120.35,37.79,Mus musculus
NEUR_7031,Hippocampus,26.57,119.45,Danio rerio
NEUR_4364,Cortex,83.7,110.63,Macaca mulatta
NEUR_8905,Hippocampus,51.07,72.78,Danio rerio
NEUR_7959,Amygdala,115.28,23.88,Macaca mulatta
NEUR_1185,Amygdala,111.12,36.11,Mus musculus
NEUR_9551,Amygdala,136.92,37.25,Mus musculus
NEUR_7250,Hypothalamus,101.12,111.65,Mus musculus
NEUR_8526,Cortex,46.2,84.95,Mus musculus
NEUR_6045,Amygdala,1.77,93.85,Mus musculus
NEUR_1089,Striatum,115.0,40.19,Rattus norvegicus
NEUR_6496,Hippocampus,122.24,117.46,Mus musculus
NEUR_2460,Striatum,30.52,96.63,Macaca mulatta
NEUR_2422,Hypothalamus,4.37,55.18,Danio rerio
NEUR_5417,Thalamus,91.66,34.82,Danio rerio
NEUR_9130,Thalamus,6.63,78.11,Rattus norvegicus
NEUR_2391,Thalamus,103.09,52.7,Danio rerio
NEUR_1570,Amygdala,56.0,53.51,Mus musculus
NEUR_8098,Hypothalamus,138.96,48.73,Mus musculus
NEUR_4790,Amygdala,62.99,97.5,Danio rerio
NEUR_5981,Cerebellum,140.5,44.33,Macaca mulatta
NEUR_4166,Amygdala,111.72,29.48,Rattus norvegicus
NEUR_1658,Amygdala,3.24,109.21,Mus musculus
NEUR_6488,Thalamus,64.1,55.41,Macaca mulatta
NEUR_1548,Cortex,9.38,119.05,Mus musculus
NEUR_4711,Cerebellum,4.65,61.96,Macaca mulatta
NEUR_4684,Cortex,31.27,43.82,Mus musculus
NEUR_9656,Thalamus,18.3,59.29,Macaca mulatta
NEUR_8215,Thalamus,109.55,88.82,Mus musculus
NEUR_6516,Thalamus,16.32,54.77,Macaca mulatta
NEUR_1750,Hypothalamus,126.14,46.97,Danio rerio
NEUR_9769,Striatum,85.11,109.37,Macaca mulatta
NEUR_9898,Cortex,145.89,94.74,Macaca mulatta
NEUR_5679,Cerebellum,13.1,53.58,Rattus norvegicus
NEUR_3800,Cortex,51.88,112.12,Danio rerio
NEUR_3323,Striatum,105.09,79.7,Macaca mulatta
NEUR_7732,Amygdala,85.02,93.29,Danio rerio
NEUR_8526,Amygdala,116.82,58.59,Danio rerio
NEUR_4380,Cerebellum,94.7,26.82,Rattus norvegicus
NEUR_9121,Cerebellum,56.84,94.47,Macaca mulatta
NEUR_3719,Striatum,81.05,108.01,Rattus norvegicus
NEUR_6824,Thalamus,29.52,14.79,Macaca mulatta
NEUR_5752,Thalamus,110.02,85.58,Macaca mulatta
NEUR_5296,Amygdala,135.58,86.91,Danio rerio
NEUR_3140,Striatum,77.71,51.25,Danio rerio
NEUR_3620,Thalamus,37.95,80.17,Rattus norvegicus
NEUR_8211,Striatum,46.89,97.92,Mus musculus
NEUR_4042,Cortex,5.3,91.62,Rattus norvegicus
NEUR_6737,Hippocampus,63.19,15.43,Mus musculus
NEUR_7983,Cortex,79.73,56.79,Mus musculus
NEUR_2144,Hypothalamus,85.76,89.97,Mus musculus
NEUR_5442,Thalamus,86.05,59.56,Macaca mulatta
NEUR_4878,Amygdala,93.12,95.91,Danio rerio
NEUR_2955,Cerebellum,22.88,17.56,Mus musculus
NEUR_1924,Striatum,61.99,20.92,Danio rerio
NEUR_1977,Cortex,104.09,106.17,Macaca mulatta
NEUR_4162,Cortex,115.09,58.64,Mus musculus
NEUR_4111,Cortex,104.22,25.67,Mus musculus
NEUR_1736,Thalamus,67.49,63.08,Rattus norvegicus
NEUR_2561,Hippocampus,70.44,94.35,Danio rerio
NEUR_1405,Striatum,65.55,30.63,Rattus norvegicus
NEUR_8952,Cortex,98.34,74.07,Rattus norvegicus
NEUR_6554,Cortex,132.51,34.64,Danio rerio
NEUR_2640,Cerebellum,89.57,43.6,Rattus norvegicus
NEUR_3953,Hippocampus,3.77,19.54,Macaca mulatta
NEUR_8630,Cerebellum,56.47,35.23,Rattus norvegicus
NEUR_5615,Striatum,52.26,115.32,Mus musculus
NEUR_6288,Thalamus,54.58,73.29,Danio rerio
NEUR_3496,Amygdala,17.1,42.26,Rattus norvegicus
NEUR_5827,Cerebellum,12.69,20.46,Macaca mulatta
NEUR_9162,Thalamus,137.72,84.19,Rattus norvegicus
NEUR_5915,Hippocampus,124.39,14.87,Mus musculus
NEUR_3335,Striatum,146.29,119.03,Danio rerio
NEUR_6507,Hippocampus,111.69,109.93,Rattus norvegicus
NEUR_8964,Thalamus,126.68,83.9,Mus musculus
NEUR_5097,Hypothalamus,31.95,41.29,Macaca mulatta
NEUR_9014,Cerebellum,24.28,37.38,Danio rerio
NEUR_9504,Amygdala,75.67,25.46,Rattus norvegicus
NEUR_8333,Hippocampus,47.64,27.05,Danio rerio
NEUR_4097,Thalamus,56.99,39.02,Mus musculus
NEUR_2751,Hippocampus,144.27,25.31,Macaca mulatta
NEUR_1290,Cortex,29.94,112.63,Rattus norvegicus
NEUR_9082,Hypothalamus,90.79,65.63,Rattus norvegicus
NEUR_8459,Striatum,64.12,117.66,Mus musculus
NEUR_3247,Thalamus,33.85,80.35,Danio rerio
NEUR_3302,Cortex,78.35,95.01,Macaca mulatta
NEUR_7938,Amygdala,9.6,89.08,Danio rerio
NEUR_4167,Cerebellum,114.05,109.51,Danio rerio
NEUR_3976,Hypothalamus,60.51,108.4,Danio rerio
NEUR_3704,Hypothalamus,123.26,23.46,Danio rerio
NEUR_9841,Cerebellum,148.08,24.25,Mus musculus
NEUR_3349,Cortex,54.39,91.3,Danio rerio
NEUR_5587,Striatum,2.68,17.92,Rattus norvegicus
NEUR_6977,Cerebellum,36.75,117.7,Rattus norvegicus
NEUR_4878,Striatum,121.82,71.85,Rattus norvegicus
NEUR_5799,Amygdala,8.91,74.38,Macaca mulatta
NEUR_9913,Striatum,116.07,76.23,Mus musculus
NEUR_9472,Thalamus,115.04,100.01,Macaca mulatta
NEUR_4197,Cerebellum,139.91,94.85,Macaca mulatta
NEUR_5545,Cerebellum,109.79,45.92,Rattus norvegicus
NEUR_8074,Thalamus,82.1,38.78,Rattus norvegicus
NEUR_2241,Hippocampus,66.63,119.3,Macaca mulatta
NEUR_3552,Hypothalamus,94.61,90.27,Macaca mulatta
NEUR_9780,Cortex,72.44,88.25,Rattus norvegicus
NEUR_2019,Hypothalamus,7.88,101.3,Rattus norvegicus
NEUR_1378,Amygdala,137.85,59.96,Mus musculus
NEUR_5275,Amygdala,5.6,59.32,Macaca mulatta
NEUR_6974,Cerebellum,35.82,48.43,Mus musculus
NEUR_5452,Thalamus,13.98,18.96,Rattus norvegicus
NEUR_4886,Cerebellum,109.52,116.96,Danio rerio
NEUR_7612,Cerebellum,128.85,119.46,Danio rerio
NEUR_5128,Thalamus,31.6,86.42,Danio rerio
NEUR_4954,Thalamus,95.99,22.92,Mus musculus
NEUR_7906,Hypothalamus,54.42,14.39,Rattus norvegicus
NEUR_2882,Hippocampus,65.51,29.72,Rattus norvegicus
NEUR_6992,Hypothalamus,145.81,90.08,Rattus norvegicus
NEUR_7436,Thalamus,4.87,20.56,Mus musculus
NEUR_1460,Striatum,68.19,29.71,Danio rerio
NEUR_3881,Hypothalamus,21.79,48.68,Danio rerio
NEUR_3251,Hypothalamus,149.07,75.8,Danio rerio
NEUR_9598,Amygdala,52.4,57.3,Mus musculus
NEUR_6983,Amygdala,57.75,112.47,Macaca mulatta
NEUR_7524,Hypothalamus,18.19,40.0,Mus musculus
NEUR_6116,Hippocampus,55.22,10.23,Danio rerio
NEUR_3205,Hippocampus,43.29,71.0,Danio rerio
NEUR_7220,Cortex,121.52,33.73,Mus musculus
NEUR_6975,Hypothalamus,109.81,26.24,Macaca mulatta
NEUR_4627,Cerebellum,81.85,55.38,Macaca mulatta
NEUR_2420,Amygdala,138.83,93.79,Macaca mulatta
NEUR_6238,Striatum,127.34,61.02,Danio rerio
NEUR_7263,Cortex,41.46,62.01,Mus musculus
NEUR_9633,Thalamus,42.82,77.06,Rattus norvegicus
NEUR_3413,Cerebellum,112.1,15.9,Macaca mulatta
NEUR_3487,Striatum,8.61,40.29,Rattus norvegicus
NEUR_7926,Cortex,145.55,56.01,Danio rerio
NEUR_2603,Thalamus,48.43,73.74,Macaca mulatta
NEUR_2413,Hypothalamus,141.61,59.17,Danio rerio
NEUR_3539,Cerebellum,10.22,93.91,Mus musculus
NEUR_7000,Striatum,130.86,101.94,Macaca mulatta
NEUR_9033,Cerebellum,13.56,111.38,Macaca mulatta
NEUR_9805,Hippocampus,98.54,67.87,Macaca mulatta
NEUR_3363,Amygdala,3.75,73.21,Mus musculus
NEUR_3888,Hippocampus,96.08,28.14,Rattus norvegicus
NEUR_9208,Amygdala,69.26,30.44,Mus musculus
NEUR_7295,Hypothalamus,79.34,27.07,Rattus norvegicus
NEUR_7096,Hippocampus,1.27,67.62,Rattus norvegicus
NEUR_4794,Cerebellum,29.47,76.91,Rattus norvegicus
NEUR_3517,Striatum,113.66,48.81,Rattus norvegicus
NEUR_8276,Hypothalamus,114.91,76.33,Rattus norvegicus
NEUR_4493,Striatum,125.95,12.61,Mus musculus
NEUR_5211,Thalamus,88.8,62.36,Mus musculus
NEUR_5657,Striatum,123.58,52.6,Rattus norvegicus
NEUR_2119,Thalamus,16.98,56.61,Danio rerio
NEUR_9611,Amygdala,52.01,109.27,Rattus norvegicus
NEUR_6882,Thalamus,51.48,74.66,Rattus norvegicus
NEUR_2623,Cerebellum,36.07,92.0,Danio rerio
NEUR_4152,Amygdala,111.83,69.82,Rattus norvegicus
NEUR_2211,Striatum,12.31,74.43,Mus musculus
NEUR_2681,Thalamus,10.22,66.96,Macaca mulatta
NEUR_5404,Cortex,139.23,92.51,Macaca mulatta
NEUR_3841,Cerebellum,21.61,102.45,Mus musculus
NEUR_5484,Thalamus,109.4,27.2,Rattus norvegicus
NEUR_8233,Cerebellum,110.17,108.12,Macaca mulatta
NEUR_1736,Cerebellum,79.17,72.71,Mus musculus
NEUR_3710,Hypothalamus,112.41,39.2,Rattus norvegicus
NEUR_3397,Cortex,59.92,41.22,Rattus norvegicus
NEUR_5903,Hypothalamus,30.86,56.3,Macaca mulatta
NEUR_9643,Thalamus,16.89,41.5,Rattus norvegicus
NEUR_4895,Amygdala,100.57,72.42,Mus musculus
NEUR_7064,Hypothalamus,31.12,94.47,Rattus norvegicus
NEUR_6611,Cortex,132.69,100.74,Rattus norvegicus
NEUR_2570,Thalamus,25.1,118.36,Macaca mulatta
NEUR_5789,Cerebellum,86.58,26.68,Mus musculus
NEUR_2817,Thalamus,39.11,95.74,Danio rerio
NEUR_9158,Cerebellum,85.13,28.42,Mus musculus
NEUR_4412,Striatum,106.85,83.5,Rattus norvegicus
NEUR_2825,Hypothalamus,149.6,45.76,Rattus norvegicus
NEUR_4289,Thalamus,72.46,40.02,Danio rerio
NEUR_6075,Cerebellum,91.39,105.19,Rattus norvegicus
NEUR_5682,Striatum,27.04,117.35,Mus musculus
NEUR_9294,Hypothalamus,115.8,116.87,Mus musculus
NEUR_4191,Amygdala,71.69,37.07,Mus musculus
NEUR_8561,Hippocampus,59.22,43.89,Mus musculus
NEUR_2078,Cerebellum,73.62,35.44,Rattus norvegicus
NEUR_9646,Striatum,124.58,68.08,Danio rerio
NEUR_6685,Cortex,87.72,45.54,Macaca mulatta
NEUR_9908,Striatum,118.82,27.23,Mus musculus
NEUR_5277,Hypothalamus,70.3,37.27,Rattus norvegicus
NEUR_3744,Hypothalamus,32.29,104.36,Macaca mulatta
NEUR_1584,Thalamus,133.21,110.71,Rattus norvegicus
NEUR_1834,Cerebellum,124.71,67.16,Danio rerio
NEUR_7452,Cortex,134.25,74.27,Rattus norvegicus
NEUR_7615,Cortex,146.67,82.21,Macaca mulatta
NEUR_2120,Striatum,70.97,76.77,Rattus norvegicus
NEUR_6606,Hippocampus,99.19,13.23,Macaca mulatta
NEUR_8880,Hippocampus,61.04,41.31,Mus musculus
NEUR_5966,Hippocampus,28.66,117.18,Mus musculus
NEUR_7780,Amygdala,28.84,72.08,Macaca mulatta
NEUR_1685,Striatum,5.72,45.23,Danio rerio
NEUR_1551,Amygdala,120.07,97.08,Mus musculus
NEUR_8305,Cerebellum,102.02,70.33,Rattus norvegicus
NEUR_9794,Amygdala,114.94,11.38,Rattus norvegicus
NEUR_6426,Striatum,87.64,35.5,Danio rerio
NEUR_8601,Hippocampus,7.28,14.35,Danio rerio
NEUR_9606,Cerebellum,89.7,38.02,Danio rerio
NEUR_8975,Thalamus,45.02,54.18,Danio rerio
NEUR_4672,Cortex,140.6,69.12,Rattus norvegicus
NEUR_3796,Striatum,70.08,93.39,Danio rerio
NEUR_5343,Hippocampus,86.97,43.89,Rattus norvegicus
NEUR_9915,Amygdala,122.55,108.12,Mus musculus
NEUR_1268,Cerebellum,77.51,68.16,Mus musculus
NEUR_5601,Hippocampus,105.45,39.26,Mus musculus
NEUR_5667,Cortex,139.63,10.44,Rattus norvegicus
NEUR_4060,Amygdala,39.16,67.65,Rattus norvegicus
NEUR_2257,Hippocampus,101.86,30.96,Mus musculus
NEUR_3158,Cortex,10.17,86.91,Rattus norvegicus
NEUR_1477,Amygdala,75.69,63.48,Mus musculus
NEUR_1446,Striatum,95.12,92.31,Macaca mulatta
NEUR_7414,Thalamus,114.15,21.02,Danio rerio
NEUR_9900,Thalamus,49.12,19.27,Danio rerio
NEUR_5500,Cortex,47.65,63.84,Danio rerio
NEUR_8553,Thalamus,69.7,44.6,Danio rerio
NEUR_1700,Striatum,143.78,98.01,Danio rerio
NEUR_4168,Thalamus,30.39,54.53,Macaca mulatta
NEUR_2458,Cortex,49.77,119.63,Macaca mulatta
NEUR_3352,Hippocampus,54.03,28.12,Mus musculus
NEUR_1954,Cerebellum,87.72,35.36,Danio rerio
NEUR_3754,Cerebellum,22.31,47.38,Mus musculus
NEUR_4997,Thalamus,81.72,39.47,Danio rerio
NEUR_1417,Hypothalamus,65.24,116.34,Danio rerio
NEUR_4955,Cortex,62.14,32.66,Mus musculus
NEUR_7515,Amygdala,83.12,100.3,Macaca mulatta
NEUR_9244,Amygdala,62.98,85.15,Mus musculus
NEUR_6366,Thalamus,133.3,48.16,Danio rerio
NEUR_4863,Hypothalamus,118.69,45.86,Danio rerio
NEUR_2335,Striatum,6.1,35.11,Macaca mulatta
NEUR_9375,Cerebellum,9.39,82.76,Danio rerio
NEUR_5058,Hippocampus,82.22,33.37,Rattus norvegicus
NEUR_8901,Thalamus,75.07,52.17,Macaca mulatta
NEUR_7160,Cortex,112.2,68.64,Macaca mulatta
NEUR_2205,Cortex,132.03,46.3,Mus musculus
NEUR_5994,Hippocampus,94.74,30.44,Macaca mulatta
NEUR_3727,Hypothalamus,89.86,21.81,Danio rerio
NEUR_8756,Cortex,73.82,32.48,Danio rerio
NEUR_8753,Amygdala,47.17,70.73,Danio rerio
NEUR_2400,Thalamus,131.91,56.2,Danio rerio
NEUR_4089,Hypothalamus,46.91,80.78,Macaca mulatta
NEUR_4920,Thalamus,59.57,110.6,Rattus norvegicus
NEUR_7752,Thalamus,69.75,30.08,Danio rerio
NEUR_3650,Thalamus,103.76,50.51,Macaca mulatta
NEUR_3733,Cortex,47.31,54.26,Macaca mulatta
NEUR_6887,Hypothalamus,70.72,41.63,Rattus norvegicus
NEUR_6645,Hippocampus,148.81,77.34,Rattus norvegicus
NEUR_8196,Amygdala,56.02,75.16,Rattus norvegicus
NEUR_8352,Cortex,17.47,82.67,Macaca mulatta
NEUR_9908,Cerebellum,104.69,35.27,Mus musculus
NEUR_2530,Amygdala,50.01,110.56,Mus musculus
NEUR_2671,Hippocampus,145.24,25.57,Rattus norvegicus
NEUR_3614,Thalamus,58.96,27.53,Mus musculus
NEUR_6511,Cortex,144.76,36.57,Mus musculus
NEUR_7190,Striatum,145.93,59.97,Mus musculus
NEUR_2877,Amygdala,90.28,32.35,Mus musculus
NEUR_4231,Striatum,65.61,81.74,Macaca mulatta
NEUR_8967,Hypothalamus,79.22,113.57,Mus musculus
NEUR_1838,Hippocampus,29.94,93.51,Rattus norvegicus
NEUR_3072,Cortex,101.05,117.84,Macaca mulatta
NEUR_1872,Cerebellum,76.06,50.81,Mus musculus
NEUR_6035,Cortex,37.07,32.92,Danio rerio
NEUR_2522,Striatum,30.62,87.63,Mus musculus
NEUR_5674,Thalamus,136.34,63.05,Macaca mulatta
NEUR_6116,Amygdala,43.92,117.46,Danio rerio
NEUR_6033,Thalamus,130.57,99.33,Macaca mulatta
NEUR_3531,Hippocampus,148.82,96.08,Macaca mulatta
NEUR_1870,Amygdala,109.97,44.85,Mus musculus
NEUR_5874,Hippocampus,110.69,23.87,Mus musculus
NEUR_7431,Cerebellum,121.55,91.43,Danio rerio
NEUR_2223,Cerebellum,132.46,86.24,Rattus norvegicus
NEUR_8404,Cortex,5.94,109.12,Mus musculus
NEUR_4346,Thalamus,56.22,110.08,Danio rerio
NEUR_6013,Cortex,33.37,71.95,Mus musculus
NEUR_5222,Hippocampus,94.29,109.18,Rattus norvegicus
NEUR_1395,Cerebellum,147.65,114.58,Rattus norvegicus
NEUR_4545,Thalamus,89.67,117.64,Danio rerio
NEUR_3761,Thalamus,110.93,112.81,Danio rerio
NEUR_1981,Cerebellum,77.5,111.77,Mus musculus
NEUR_4573,Thalamus,32.93,22.08,Macaca mulatta
NEUR_2762,Hypothalamus,5.77,104.05,Rattus norvegicus
NEUR_4820,Cortex,31.06,56.4,Macaca mulatta
NEUR_9892,Striatum,113.95,30.53,Mus musculus
NEUR_4632,Thalamus,33.65,19.99,Rattus norvegicus
NEUR_4954,Thalamus,116.95,85.73,Danio rerio
NEUR_4275,Cerebellum,69.54,109.1,Macaca mulatta
NEUR_8169,Cortex,2.89,69.73,Mus musculus
NEUR_6890,Striatum,147.13,72.41,Mus musculus
NEUR_7011,Cerebellum,67.45,87.58,Mus musculus
NEUR_4636,Thalamus,67.08,85.25,Macaca mulatta
NEUR_3014,Cortex,34.49,59.08,Danio rerio
NEUR_7406,Cerebellum,96.82,38.29,Macaca mulatta
NEUR_2908,Hypothalamus,3.46,50.31,Danio rerio
NEUR_2947,Thalamus,47.51,10.48,Mus musculus
NEUR_8485,Cerebellum,83.3,21.74,Rattus norvegicus
NEUR_2440,Cortex,17.53,94.75,Mus musculus
NEUR_3721,Striatum,143.77,113.95,Danio rerio
NEUR_6733,Striatum,134.86,68.24,Macaca mulatta
NEUR_7383,Hypothalamus,132.76,76.04,Danio rerio
NEUR_7928,Striatum,70.06,60.34,Macaca mulatta
NEUR_5749,Hypothalamus,103.56,95.4,Mus musculus
NEUR_7400,Striatum,108.2,36.62,Macaca mulatta
NEUR_6129,Amygdala,68.88,90.71,Mus musculus
NEUR_4584,Thalamus,101.41,21.92,Danio rerio
NEUR_5147,Hippocampus,68.99,41.75,Mus musculus
NEUR_4041,Striatum,34.17,67.75,Macaca mulatta
NEUR_3509,Cerebellum,41.64,74.68,Macaca mulatta
NEUR_2526,Striatum,99.17,91.2,Rattus norvegicus
NEUR_3990,Hypothalamus,65.48,21.89,Rattus norvegicus
NEUR_8676,Hippocampus,50.78,103.19,Rattus norvegicus
NEUR_4540,Cortex,63.98,73.16,Mus musculus
NEUR_9770,Cerebellum,101.94,59.28,Mus musculus
NEUR_9754,Cerebellum,39.3,85.16,Mus musculus
NEUR_1365,Hypothalamus,107.45,91.87,Danio rerio
NEUR_2037,Cerebellum,82.83,38.95,Danio rerio
NEUR_1763,Hypothalamus,90.17,58.15,Rattus norvegicus
NEUR_8792,Cortex,36.47,101.08,Rattus norvegicus
NEUR_9650,Amygdala,19.17,62.15,Mus musculus
NEUR_3074,Cortex,40.4,55.0,Mus musculus
NEUR_9660,Striatum,41.03,20.95,Danio rerio
NEUR_5926,Hippocampus,29.77,93.51,Danio rerio
NEUR_3179,Hypothalamus,7.03,110.38,Rattus norvegicus
NEUR_7752,Cerebellum,142.87,23.18,Macaca mulatta
NEUR_6795,Amygdala,49.8,16.65,Mus musculus
NEUR_2602,Cerebellum,53.09,60.26,Macaca mulatta
NEUR_4644,Amygdala,126.68,75.86,Danio rerio
NEUR_3154,Cerebellum,111.5,22.58,Mus musculus
NEUR_2526,Thalamus,138.74,24.47,Macaca mulatta
NEUR_9267,Cerebellum,49.39,39.37,Mus musculus
NEUR_8264,Cortex,104.87,87.95,Rattus norvegicus
NEUR_7069,Cerebellum,127.25,61.79,Rattus norvegicus
NEUR_7519,Cerebellum,141.4,44.18,Danio rerio
NEUR_4066,Amygdala,87.75,22.79,Mus musculus
NEUR_9815,Cerebellum,102.28,84.41,Danio rerio
NEUR_1246,Hypothalamus,83.47,40.89,Macaca mulatta
NEUR_1426,Cerebellum,34.83,31.83,Macaca mulatta
NEUR_6321,Cerebellum,127.55,56.22,Macaca mulatta
NEUR_2291,Thalamus,16.19,115.36,Mus musculus
NEUR_9449,Hypothalamus,17.44,90.16,Macaca mulatta
NEUR_5802,Thalamus,133.72,117.01,Macaca mulatta
NEUR_9175,Cortex,31.58,45.09,Rattus norvegicus
NEUR_9459,Thalamus,34.07,113.03,Macaca mulatta
NEUR_8299,Amygdala,24.7,29.54,Macaca mulatta
NEUR_2555,Striatum,4.26,25.27,Rattus norvegicus
NEUR_6666,Cortex,136.0,86.04,Macaca mulatta
NEUR_3312,Striatum,28.92,32.35,Mus musculus
NEUR_8748,Thalamus,23.94,94.89,Mus musculus
NEUR_1170,Striatum,78.85,81.68,Mus musculus
NEUR_1931,Hypothalamus,38.14,23.37,Danio rerio
NEUR_6697,Hippocampus,128.96,78.62,Macaca mulatta
NEUR_1989,Hippocampus,79.54,48.64,Mus musculus
NEUR_9889,Amygdala,31.63,62.81,Macaca mulatta
NEUR_6544,Cortex,6.8,118.48,Macaca mulatta
NEUR_7155,Hypothalamus,73.47,69.09,Macaca mulatta
NEUR_2106,Amygdala,53.92,35.99,Rattus norvegicus
NEUR_3450,Hypothalamus,95.23,119.91,Mus musculus
NEUR_3913,Hippocampus,81.73,47.22,Macaca mulatta
NEUR_8630,Hypothalamus,50.59,33.95,Rattus norvegicus
NEUR_7774,Cortex,51.29,79.86,Mus musculus
NEUR_3470,Cerebellum,96.74,43.0,Danio rerio
NEUR_8761,Striatum,144.16,24.53,Macaca mulatta
NEUR_4173,Thalamus,33.07,81.68,Mus musculus
NEUR_2602,Amygdala,4.18,47.23,Rattus norvegicus
NEUR_4409,Striatum,115.1,69.43,Rattus norvegicus
NEUR_8404,Cortex,115.92,18.66,Rattus norvegicus
NEUR_3413,Hypothalamus,57.82,85.47,Rattus norvegicus
NEUR_8797,Thalamus,14.4,106.95,Mus musculus
NEUR_3888,Thalamus,92.41,37.84,Rattus norvegicus
NEUR_5660,Amygdala,122.83,78.37,Danio rerio
NEUR_1263,Thalamus,115.99,113.14,Macaca mulatta
NEUR_8465,Striatum,14.6,13.88,Macaca mulatta
NEUR_4482,Hypothalamus,22.02,34.9,Macaca mulatta
NEUR_8008,Hypothalamus,51.32,14.68,Danio rerio
NEUR_6097,Cerebellum,39.27,45.59,Macaca mulatta
NEUR_8620,Cerebellum,90.86,51.17,Rattus norvegicus
NEUR_6422,Hypothalamus,70.0,32.67,Rattus norvegicus
NEUR_3647,Thalamus,12.96,92.18,Macaca mulatta
NEUR_3142,Cortex,132.41,22.61,Macaca mulatta
NEUR_6512,Cortex,41.76,70.22,Mus musculus
NEUR_4294,Cerebellum,10.17,97.87,Macaca mulatta
NEUR_1009,Hypothalamus,23.44,56.95,Danio rerio
NEUR_2984,Hippocampus,132.8,100.52,Macaca mulatta
NEUR_8250,Hypothalamus,120.85,47.81,Rattus norvegicus
NEUR_1599,Hypothalamus,14.37,43.46,Danio rerio
NEUR_4711,Cerebellum,9.52,66.14,Macaca mulatta
NEUR_1579,Cortex,36.96,46.11,Mus musculus
NEUR_8268,Hypothalamus,32.04,100.42,Macaca mulatta
NEUR_2153,Cortex,6.06,61.97,Danio rerio
NEUR_1349,Amygdala,78.87,45.87,Macaca mulatta
NEUR_3531,Hypothalamus,69.97,95.96,Danio rerio
NEUR_2755,Hypothalamus,100.75,32.29,Danio rerio
NEUR_4006,Cortex,123.37,54.33,Mus musculus
NEUR_3821,Striatum,78.74,34.41,Mus musculus
NEUR_3812,Amygdala,133.97,16.72,Macaca mulatta
NEUR_3541,Thalamus,110.16,90.94,Danio rerio
NEUR_1734,Amygdala,57.79,66.49,Macaca mulatta
NEUR_1957,Hippocampus,12.82,54.61,Macaca mulatta
NEUR_1145,Amygdala,72.81,22.81,Danio rerio
NEUR_2921,Cerebellum,101.72,26.68,Macaca mulatta
NEUR_4027,Striatum,149.63,103.55,Rattus norvegicus
NEUR_7559,Hypothalamus,118.66,22.77,Macaca mulatta
NEUR_4185,Cerebellum,99.25,78.38,Mus musculus
NEUR_8185,Amygdala,63.78,24.43,Mus musculus
NEUR_9154,Amygdala,53.27,44.66,Danio rerio
NEUR_1355,Hypothalamus,24.75,104.81,Mus musculus
NEUR_9072,Hypothalamus,140.58,55.05,Rattus norvegicus
NEUR_9169,Hypothalamus,12.79,101.35,Mus musculus
NEUR_5772,Cerebellum,37.69,49.86,Danio rerio
NEUR_4772,Hypothalamus,7.31,47.17,Danio rerio
NEUR_5235,Hippocampus,126.05,11.25,Danio rerio
NEUR_5791,Hypothalamus,92.05,80.28,Rattus norvegicus
NEUR_4251,Striatum,133.51,69.28,Mus musculus
NEUR_9536,Cortex,80.24,99.07,Rattus norvegicus
NEUR_1682,Amygdala,98.23,53.59,Mus musculus
NEUR_9936,Thalamus,9.59,112.81,Rattus norvegicus
NEUR_9747,Cortex,97.76,42.94,Danio rerio
NEUR_1039,Thalamus,67.06,36.42,Danio rerio
NEUR_5830,Hypothalamus,126.32,32.32,Rattus norvegicus
NEUR_9829,Amygdala,44.67,108.82,Mus musculus
NEUR_8029,Thalamus,33.03,30.36,Macaca mulatta
NEUR_2351,Cerebellum,108.04,64.12,Danio rerio
NEUR_3031,Hippocampus,117.45,91.53,Macaca mulatta
NEUR_8803,Thalamus,53.51,27.21,Macaca mulatta
NEUR_1513,Cortex,38.15,94.38,Rattus norvegicus
NEUR_4618,Hippocampus,144.82,79.41,Danio rerio
NEUR_7378,Thalamus,148.28,47.26,Mus musculus
NEUR_5368,Striatum,129.83,23.81,Danio rerio
NEUR_4210,Cortex,7.03,88.33,Macaca mulatta
NEUR_1466,Thalamus,8.55,39.12,Mus musculus
NEUR_2463,Hippocampus,37.82,57.65,Rattus norvegicus
NEUR_9267,Amygdala,11.76,96.94,Rattus norvegicus
NEUR_5767,Cerebellum,35.71,22.13,Macaca mulatta
NEUR_8913,Cortex,8.7,47.54,Rattus norvegicus
NEUR_8620,Thalamus,145.03,28.9,Macaca mulatta
NEUR_9321,Cerebellum,55.78,57.75,Danio rerio
NEUR_7992,Thalamus,31.61,96.6,Danio rerio
NEUR_3098,Hypothalamus,71.63,70.96,Macaca mulatta
NEUR_7793,Hypothalamus,19.02,111.77,Danio rerio
NEUR_4349,Cerebellum,144.26,77.47,Macaca mulatta
NEUR_2405,Hippocampus,3.09,73.31,Mus musculus
NEUR_7096,Striatum,88.75,10.89,Rattus norvegicus
NEUR_6684,Amygdala,144.21,70.85,Danio rerio
NEUR_1004,Striatum,56.36,83.13,Danio rerio
NEUR_9860,Thalamus,40.56,92.31,Mus musculus
NEUR_9922,Striatum,97.54,93.25,Rattus norvegicus
NEUR_9520,Cortex,77.8,88.8,Danio rerio
NEUR_3377,Amygdala,48.4,119.62,Danio rerio
NEUR_3743,Hippocampus,118.66,62.28,Mus musculus
NEUR_4898,Cerebellum,33.81,71.95,Danio rerio
NEUR_3311,Cerebellum,92.02,98.29,Rattus norvegicus
NEUR_5655,Striatum,26.08,59.06,Danio rerio
NEUR_4282,Hypothalamus,141.01,58.02,Danio rerio
NEUR_6192,Amygdala,79.94,118.88,Mus musculus
NEUR_2105,Amygdala,119.74,110.03,Rattus norvegicus
NEUR_7911,Thalamus,40.17,93.24,Rattus norvegicus
NEUR_2027,Hypothalamus,57.86,45.81,Danio rerio
NEUR_9352,Hippocampus,79.04,86.17,Rattus norvegicus
NEUR_3057,Amygdala,6.29,105.49,Danio rerio
NEUR_1965,Cortex,115.69,39.3,Mus musculus
NEUR_4637,Thalamus,67.93,27.16,Danio rerio
NEUR_8994,Cortex,80.61,84.91,Danio rerio
NEUR_5030,Amygdala,107.33,95.04,Mus musculus
NEUR_1373,Thalamus,15.08,70.31,Mus musculus
NEUR_2519,Striatum,28.62,53.21,Mus musculus
NEUR_5287,Thalamus,103.1,102.3,Macaca mulatta
NEUR_2916,Amygdala,77.22,35.38,Macaca mulatta
NEUR_9227,Cerebellum,67.73,15.99,Rattus norvegicus
NEUR_2422,Cerebellum,10.32,119.52,Rattus norvegicus
NEUR_1596,Hippocampus,136.39,110.8,Macaca mulatta
NEUR_9219,Striatum,92.1,41.17,Mus musculus
NEUR_9225,Hippocampus,28.68,18.73,Danio rerio
NEUR_1379,Cerebellum,110.29,94.76,Danio rerio
NEUR_6725,Cortex,12.8,84.09,Macaca mulatta
NEUR_5433,Cortex,101.84,81.48,Danio rerio
NEUR_9795,Hypothalamus,74.62,100.66,Rattus norvegicus
NEUR_5602,Hippocampus,14.44,33.1,Rattus norvegicus
NEUR_1444,Hypothalamus,51.04,80.1,Mus musculus
NEUR_5060,Cerebellum,112.26,13.1,Rattus norvegicus
NEUR_6705,Hippocampus,39.42,23.77,Rattus norvegicus
NEUR_6864,Amygdala,81.42,50.27,Danio rerio
NEUR_1160,Striatum,54.48,52.91,Macaca mulatta
NEUR_6039,Hippocampus,142.0,91.23,Danio rerio
NEUR_5848,Hippocampus,6.01,29.32,Mus musculus
NEUR_9900,Cortex,142.32,77.74,Mus musculus
NEUR_1222,Cerebellum,92.03,79.46,Macaca mulatta
NEUR_1937,Cortex,148.39,68.9,Macaca mulatta
NEUR_9344,Cerebellum,5.49,91.29,Mus musculus
NEUR_6465,Cerebellum,116.23,43.1,Mus musculus
NEUR_1213,Cerebellum,126.25,45.3,Macaca mulatta
NEUR_9564,Thalamus,27.61,53.92,Danio rerio
NEUR_6786,Hippocampus,78.73,31.85,Danio rerio
NEUR_9607,Cerebellum,103.0,119.05,Macaca mulatta
NEUR_3834,Cerebellum,65.02,107.54,Rattus norvegicus
NEUR_7605,Amygdala,132.37,99.88,Rattus norvegicus
NEUR_7061,Thalamus,106.16,26.79,Danio rerio
NEUR_9986,Hypothalamus,106.77,16.19,Macaca mulatta
NEUR_2584,Cerebellum,94.28,106.62,Mus musculus
NEUR_3438,Striatum,105.91,60.61,Macaca mulatta
NEUR_5747,Cerebellum,55.75,34.04,Macaca mulatta
NEUR_9115,Hypothalamus,137.39,20.73,Mus musculus
NEUR_1754,Hippocampus,25.07,99.1,Mus musculus
NEUR_2698,Thalamus,99.67,42.82,Macaca mulatta
NEUR_1952,Hippocampus,109.77,113.54,Danio rerio
NEUR_9386,Thalamus,126.8,106.95,Macaca mulatta
NEUR_5799,Thalamus,144.99,16.3,Macaca mulatta
NEUR_1355,Amygdala,66.03,11.63,Mus musculus
NEUR_8384,Amygdala,79.13,72.02,Rattus norvegicus
NEUR_5870,Striatum,43.42,108.65,Mus musculus
NEUR_4321,Cortex,113.49,20.15,Mus musculus
NEUR_3396,Cortex,27.59,90.44,Mus musculus
NEUR_4119,Cerebellum,60.65,66.62,Mus musculus
NEUR_1492,Hippocampus,128.18,83.66,Mus musculus
NEUR_6759,Hippocampus,7.19,94.85,Mus musculus
NEUR_9319,Thalamus,6.92,111.46,Danio rerio
NEUR_5722,Cortex,80.78,28.82,Mus musculus
NEUR_1108,Cortex,14.04,61.03,Rattus norvegicus
NEUR_8023,Cortex,86.43,15.36,Mus musculus
NEUR_4619,Hippocampus,62.5,49.1,Danio rerio
NEUR_8310,Cerebellum,125.11,83.95,Macaca mulatta
NEUR_4627,Hippocampus,108.53,11.03,Mus musculus
NEUR_7984,Thalamus,56.24,45.24,Danio rerio
NEUR_9261,Striatum,64.65,33.32,Rattus norvegicus
NEUR_5755,Thalamus,91.55,75.85,Mus musculus
NEUR_5361,Thalamus,19.85,84.22,Mus musculus
NEUR_5994,Cerebellum,63.51,81.43,Mus musculus
NEUR_5028,Cortex,119.29,44.07,Danio rerio
NEUR_7098,Amygdala,128.52,72.92,Macaca mulatta
NEUR_8776,Hippocampus,89.06,81.7,Mus musculus
NEUR_1719,Striatum,115.67,117.43,Mus musculus
NEUR_7005,Hippocampus,149.1,61.37,Mus musculus
NEUR_8931,Thalamus,42.19,104.97,Macaca mulatta
NEUR_3363,Amygdala,29.2,97.18,Danio rerio
NEUR_7121,Striatum,119.25,96.0,Danio rerio
NEUR_4541,Cerebellum,141.7,102.9,Mus musculus
NEUR_7185,Hypothalamus,12.48,96.15,Mus musculus
NEUR_6176,Cerebellum,37.13,35.39,Macaca mulatta
NEUR_4134,Hippocampus,50.4,89.23,Rattus norvegicus
NEUR_2502,Cerebellum,137.25,35.39,Rattus norvegicus
NEUR_8366,Striatum,89.21,62.36,Macaca mulatta
NEUR_2872,Cerebellum,53.01,26.6,Rattus norvegicus
NEUR_4976,Amygdala,85.21,13.95,Danio rerio
NEUR_5004,Cerebellum,110.0,10.15,Macaca mulatta
NEUR_1066,Hippocampus,50.63,63.41,Mus musculus
NEUR_5969,Thalamus,108.22,30.86,Mus musculus
NEUR_1490,Striatum,139.1,62.36,Mus musculus
NEUR_9042,Amygdala,114.67,36.54,Mus musculus
NEUR_7066,Hippocampus,41.36,14.73,Rattus norvegicus
NEUR_5406,Hippocampus,82.77,18.62,Danio rerio
NEUR_1995,Hypothalamus,32.27,67.07,Mus musculus
NEUR_6598,Hippocampus,55.51,113.24,Danio rerio
NEUR_9719,Cortex,3.33,31.59,Macaca mulatta
NEUR_7384,Cortex,53.5,94.75,Rattus norvegicus
NEUR_1488,Thalamus,78.37,34.56,Mus musculus
NEUR_6398,Cortex,73.43,81.13,Danio rerio
NEUR_6833,Cortex,91.84,75.6,Rattus norvegicus
NEUR_5086,Thalamus,28.91,83.54,Mus musculus
NEUR_3387,Thalamus,90.51,69.31,Macaca mulatta
NEUR_7756,Hippocampus,67.36,57.8,Macaca mulatta
NEUR_8568,Hypothalamus,102.27,26.65,Mus musculus
NEUR_3414,Thalamus,44.22,36.5,Rattus norvegicus
NEUR_9249,Cerebellum,38.6,93.0,Macaca mulatta
NEUR_9270,Amygdala,134.83,47.65,Rattus norvegicus
NEUR_9021,Hypothalamus,13.48,71.19,Danio rerio
NEUR_2726,Thalamus,35.41,18.76,Mus musculus
NEUR_9587,Thalamus,38.97,36.23,Danio rerio
NEUR_1044,Hypothalamus,102.54,108.83,Rattus norvegicus
NEUR_1505,Striatum,3.66,56.22,Mus musculus
NEUR_5110,Cerebellum,23.76,99.88,Danio rerio
NEUR_7456,Hippocampus,101.94,74.62,Rattus norvegicus
NEUR_6141,Striatum,128.54,31.34,Macaca mulatta
NEUR_2895,Striatum,93.16,35.82,Mus musculus
NEUR_4401,Hippocampus,28.64,81.77,Danio rerio
NEUR_8920,Thalamus,121.8,49.67,Macaca mulatta
NEUR_3472,Striatum,15.69,57.92,Macaca mulatta
NEUR_1797,Hippocampus,111.97,96.18,Rattus norvegicus
NEUR_2542,Cortex,112.62,28.08,Mus musculus
NEUR_1475,Striatum,50.35,39.43,Rattus norvegicus
NEUR_7060,Cortex,70.31,103.39,Danio rerio
NEUR_3131,Cerebellum,9.1,41.91,Macaca mulatta
NEUR_1133,Thalamus,63.32,53.31,Danio rerio
NEUR_8825,Amygdala,66.9,59.97,Macaca mulatta
NEUR_4672,Cortex,118.08,57.32,Macaca mulatta
NEUR_4945,Striatum,80.92,84.66,Macaca mulatta
NEUR_2467,Cerebellum,83.24,28.52,Danio rerio
NEUR_3990,Hippocampus,70.44,105.44,Danio rerio
NEUR_5305,Thalamus,130.03,56.3,Rattus norvegicus
NEUR_2007,Cortex,95.15,94.1,Rattus norvegicus
NEUR_4706,Striatum,131.06,87.82,Mus musculus
NEUR_3758,Striatum,63.63,43.03,Danio rerio
NEUR_9118,Amygdala,120.84,49.25,Rattus norvegicus
NEUR_7049,Amygdala,16.96,94.8,Macaca mulatta
NEUR_3351,Hippocampus,42.59,61.39,Macaca mulatta
NEUR_1689,Cortex,57.74,15.41,Danio rerio
NEUR_8772,Thalamus,1.28,64.02,Mus musculus
NEUR_2115,Thalamus,73.82,98.81,Mus musculus
NEUR_3106,Cortex,119.06,117.99,Macaca mulatta
NEUR_7617,Thalamus,108.27,47.83,Rattus norvegicus
NEUR_5114,Cerebellum,83.54,14.55,Mus musculus
NEUR_6385,Hippocampus,115.89,33.51,Danio rerio
NEUR_4511,Thalamus,55.63,106.22,Mus musculus
NEUR_7025,Hippocampus,11.34,99.99,Macaca mulatta
NEUR_5349,Hippocampus,108.35,35.45,Rattus norvegicus
NEUR_4792,Thalamus,14.96,108.32,Rattus norvegicus
NEUR_5556,Cortex,15.78,86.18,Rattus norvegicus
NEUR_9353,Striatum,85.93,92.65,Danio rerio
NEUR_5898,Hippocampus,17.28,89.06,Danio rerio
NEUR_8158,Amygdala,113.94,11.14,Macaca mulatta
NEUR_3965,Hypothalamus,95.96,81.53,Macaca mulatta
NEUR_8500,Cerebellum,6.67,31.41,Mus musculus
NEUR_5488,Amygdala,122.98,115.34,Mus musculus
NEUR_5444,Striatum,81.04,24.39,Mus musculus
NEUR_7078,Thalamus,70.06,65.32,Danio rerio
NEUR_2645,Thalamus,61.79,12.44,Mus musculus
NEUR_7510,Striatum,2.97,46.94,Rattus norvegicus
NEUR_9437,Hippocampus,77.59,61.32,Macaca mulatta
NEUR_3988,Thalamus,52.25,96.41,Danio rerio
NEUR_3003,Hippocampus,89.52,119.48,Mus musculus
NEUR_9414,Thalamus,21.5,64.57,Danio rerio
NEUR_1731,Striatum,6.65,41.89,Danio rerio
NEUR_6782,Hippocampus,93.45,116.49,Macaca mulatta
NEUR_6050,Cerebellum,56.51,61.17,Macaca mulatta
NEUR_7562,Amygdala,132.12,111.23,Rattus norvegicus
NEUR_8462,Amygdala,73.7,39.96,Rattus norvegicus
NEUR_9040,Striatum,66.48,44.11,Danio rerio
NEUR_7498,Hippocampus,65.89,81.36,Mus musculus
NEUR_8659,Amygdala,12.01,93.75,Mus musculus
NEUR_7191,Hippocampus,74.7,63.74,Mus musculus
NEUR_7218,Hypothalamus,67.27,82.6,Rattus norvegicus
NEUR_3797,Thalamus,105.87,86.26,Rattus norvegicus
NEUR_3460,Striatum,22.98,115.53,Mus musculus
NEUR_4662,Cortex,128.84,14.99,Macaca mulatta
NEUR_8904,Amygdala,123.42,81.94,Danio rerio
NEUR_3339,Thalamus,32.91,73.72,Danio rerio
NEUR_2757,Hypothalamus,148.79,103.23,Mus musculus
NEUR_7105,Amygdala,36.25,46.96,Rattus norvegicus
NEUR_2408,Cortex,45.62,44.31,Rattus norvegicus
NEUR_8062,Thalamus,129.75,79.91,Mus musculus
NEUR_3514,Thalamus,147.16,13.58,Rattus norvegicus
NEUR_5748,Hypothalamus,125.56,104.83,Danio rerio
NEUR_5731,Hippocampus,97.75,109.88,Rattus norvegicus
NEUR_4527,Cerebellum,9.63,107.27,Macaca mulatta
NEUR_2633,Striatum,36.8,99.3,Mus musculus
NEUR_4816,Cerebellum,43.94,76.1,Macaca mulatta
NEUR_4373,Striatum,9.69,30.89,Rattus norvegicus
NEUR_2193,Thalamus,54.02,82.9,Macaca mulatta
NEUR_9303,Cortex,71.45,80.52,Danio rerio
NEUR_8584,Amygdala,12.17,79.8,Danio rerio
NEUR_5646,Thalamus,53.36,102.98,Mus musculus
NEUR_6449,Striatum,25.67,62.81,Rattus norvegicus
NEUR_8772,Cortex,103.43,23.74,Mus musculus
NEUR_9720,Thalamus,98.34,119.53,Rattus norvegicus
NEUR_5029,Thalamus,33.93,88.85,Rattus norvegicus
NEUR_6958,Striatum,71.71,32.81,Rattus norvegicus
NEUR_5963,Hippocampus,16.76,81.29,Macaca mulatta
NEUR_5433,Cerebellum,132.69,92.86,Rattus norvegicus
NEUR_9982,Hippocampus,111.32,32.96,Rattus norvegicus
NEUR_3220,Thalamus,61.79,60.08,Mus musculus
NEUR_2235,Striatum,22.03,104.62,Mus musculus
NEUR_2905,Hypothalamus,30.78,71.6,Danio rerio
NEUR_4813,Hypothalamus,46.75,57.94,Mus musculus
NEUR_5375,Amygdala,99.73,84.56,Rattus norvegicus
NEUR_7498,Striatum,6.06,45.41,Mus musculus
NEUR_7816,Striatum,75.75,61.16,Mus musculus
NEUR_7677,Striatum,65.86,20.96,Danio rerio
NEUR_2749,Hypothalamus,76.77,54.24,Danio rerio
NEUR_9252,Amygdala,98.16,72.99,Danio rerio
NEUR_7731,Hippocampus,15.27,38.99,Macaca mulatta
NEUR_5146,Thalamus,86.87,38.43,Danio rerio
NEUR_3583,Striatum,92.29,52.38,Danio rerio
NEUR_4320,Cerebellum,30.97,38.65,Macaca mulatta
NEUR_2132,Hypothalamus,13.5,77.54,Rattus norvegicus
NEUR_1771,Hypothalamus,108.95,116.36,Rattus norvegicus
NEUR_8786,Cortex,135.12,19.73,Mus musculus
NEUR_3816,Cortex,73.33,46.96,Rattus norvegicus
NEUR_1645,Cortex,38.95,45.97,Danio rerio
NEUR_4098,Cerebellum,70.32,45.37,Danio rerio
NEUR_6389,Cortex,84.85,95.39,Danio rerio
NEUR_4657,Striatum,78.83,88.67,Macaca mulatta
NEUR_5145,Amygdala,13.98,59.12,Rattus norvegicus
NEUR_6479,Thalamus,14.58,14.42,Danio rerio
NEUR_9158,Striatum,112.05,71.87,Macaca mulatta
NEUR_4792,Amygdala,1.86,89.25,Rattus norvegicus
NEUR_9161,Hypothalamus,94.98,117.64,Mus musculus
NEUR_5952,Striatum,108.02,45.1,Mus musculus
NEUR_5882,Striatum,58.37,88.65,Macaca mulatta
NEUR_3310,Striatum,97.52,52.76,Rattus norvegicus
NEUR_5425,Striatum,58.77,38.63,Rattus norvegicus
NEUR_1308,Hypothalamus,43.27,11.26,Rattus norvegicus
NEUR_4857,Cortex,73.62,29.4,Mus musculus
NEUR_6879,Thalamus,12.2,90.87,Danio rerio
NEUR_7727,Amygdala,100.17,53.12,Macaca mulatta
NEUR_2240,Hypothalamus,13.99,96.88,Danio rerio
NEUR_4613,Thalamus,52.41,80.62,Macaca mulatta
NEUR_6119,Striatum,7.99,76.43,Mus musculus
NEUR_5130,Cortex,125.2,57.05,Danio rerio
NEUR_4077,Cortex,116.07,54.51,Rattus norvegicus
NEUR_7485,Thalamus,46.25,68.57,Mus musculus
NEUR_7707,Cortex,110.87,108.7,Mus musculus
NEUR_7357,Cortex,21.27,18.19,Danio rerio
NEUR_7954,Striatum,45.76,28.96,Macaca mulatta
NEUR_6400,Thalamus,32.75,41.68,Mus musculus
NEUR_7886,Thalamus,28.78,37.51,Macaca mulatta
NEUR_1329,Cortex,12.72,82.55,Danio rerio
NEUR_7209,Cerebellum,84.16,86.78,Danio rerio
NEUR_8887,Hippocampus,36.89,36.29,Rattus norvegicus
NEUR_9257,Hypothalamus,34.23,21.32,Rattus norvegicus
NEUR_7117,Thalamus,78.3,57.39,Mus musculus
NEUR_2206,Cerebellum,93.41,93.03,Rattus norvegicus
NEUR_1336,Hypothalamus,109.97,64.67,Danio rerio
NEUR_1092,Cortex,122.78,102.17,Rattus norvegicus
NEUR_3042,Hippocampus,6.1,10.14,Macaca mulatta
NEUR_7000,Hypothalamus,31.72,50.16,Macaca mulatta
NEUR_6745,Striatum,7.43,105.02,Macaca mulatta
NEUR_8109,Amygdala,103.23,65.25,Mus musculus
NEUR_7814,Cerebellum,134.64,11.16,Mus musculus
NEUR_3875,Striatum,38.49,71.57,Danio rerio
NEUR_3773,Cortex,59.2,88.9,Danio rerio
NEUR_3779,Hypothalamus,13.27,15.41,Mus musculus
NEUR_4863,Thalamus,109.41,78.93,Rattus norvegicus
NEUR_7399,Amygdala,5.44,34.48,Danio rerio
NEUR_5480,Amygdala,143.52,104.76,Danio rerio
NEUR_1106,Hippocampus,142.23,68.08,Mus musculus
NEUR_7909,Cortex,52.58,63.45,Danio rerio
NEUR_4820,Thalamus,37.22,64.44,Mus musculus
NEUR_2899,Hypothalamus,26.27,15.72,Danio rerio
NEUR_1224,Cerebellum,12.64,79.15,Mus musculus
NEUR_1827,Hypothalamus,26.09,108.25,Macaca mulatta
NEUR_5089,Cortex,21.72,40.63,Danio rerio
NEUR_7294,Amygdala,68.83,22.8,Rattus norvegicus
NEUR_7834,Thalamus,23.35,82.31,Rattus norvegicus
NEUR_1834,Striatum,28.53,114.62,Danio rerio
NEUR_2608,Cerebellum,142.96,104.46,Rattus norvegicus
NEUR_1001,Amygdala,114.03,61.17,Danio rerio
NEUR_3561,Cortex,134.2,22.57,Danio rerio
NEUR_9928,Thalamus,81.53,21.77,Macaca mulatta
NEUR_2045,Cerebellum,98.8,11.44,Danio rerio
NEUR_9866,Hippocampus,121.24,81.65,Mus musculus
NEUR_4916,Hippocampus,10.88,117.72,Danio rerio
NEUR_5971,Striatum,34.43,83.47,Danio rerio
NEUR_9018,Thalamus,4.45,88.42,Rattus norvegicus
NEUR_5510,Amygdala,66.08,32.02,Macaca mulatta
NEUR_2800,Cerebellum,128.98,96.74,Rattus norvegicus
NEUR_3456,Cortex,142.79,14.81,Mus musculus
NEUR_4184,Amygdala,27.69,54.36,Rattus norvegicus
NEUR_8888,Cortex,82.28,20.16,Danio rerio
NEUR_6872,Striatum,26.72,12.11,Mus musculus
NEUR_6811,Cortex,49.41,77.34,Rattus norvegicus
NEUR_3925,Hypothalamus,118.43,67.62,Mus musculus
NEUR_8280,Hippocampus,147.92,47.28,Mus musculus
NEUR_6293,Cortex,74.55,81.63,Danio rerio
NEUR_4126,Amygdala,44.74,98.3,Macaca mulatta
NEUR_8387,Striatum,91.58,108.8,Macaca mulatta
NEUR_5784,Hypothalamus,19.29,41.33,Macaca mulatta
NEUR_3509,Amygdala,35.05,100.84,Danio rerio
NEUR_9253,Hippocampus,133.56,76.83,Danio rerio
NEUR_6080,Striatum,119.12,95.27,Rattus norvegicus
NEUR_7973,Hippocampus,75.41,98.64,Mus musculus
NEUR_6077,Thalamus,26.02,49.04,Mus musculus
NEUR_9498,Amygdala,50.67,45.41,Macaca mulatta
NEUR_1432,Cerebellum,32.37,12.39,Danio rerio
NEUR_2729,Cerebellum,147.53,40.96,Macaca mulatta
NEUR_7867,Hypothalamus,145.01,99.84,Mus musculus
NEUR_3277,Hippocampus,16.5,74.16,Mus musculus
NEUR_4315,Thalamus,124.13,68.45,Danio rerio
NEUR_9561,Cerebellum,87.28,79.34,Rattus norvegicus
NEUR_1184,Hypothalamus,54.28,52.5,Rattus norvegicus
NEUR_6743,Cortex,149.25,45.93,Rattus norvegicus
NEUR_7792,Hypothalamus,52.28,68.68,Macaca mulatta
NEUR_1357,Striatum,29.05,54.27,Mus musculus
NEUR_2465,Hippocampus,42.54,90.58,Rattus norvegicus
NEUR_7350,Hypothalamus,30.09,67.13,Macaca mulatta
NEUR_9969,Amygdala,110.42,100.12,Rattus norvegicus
NEUR_6523,Hypothalamus,16.29,44.4,Mus musculus
NEUR_6278,Cortex,49.17,50.49,Danio rerio
NEUR_4194,Thalamus,116.34,37.85,Danio rerio
NEUR_5621,Cerebellum,124.8,17.48,Macaca mulatta
NEUR_1454,Striatum,29.89,113.56,Macaca mulatta
NEUR_3377,Amygdala,50.04,12.57,Macaca mulatta
NEUR_4941,Cerebellum,98.59,93.63,Rattus norvegicus
NEUR_4554,Hippocampus,62.36,110.45,Rattus norvegicus
NEUR_8608,Thalamus,5.64,34.55,Mus musculus
NEUR_8219,Hippocampus,82.99,53.93,Danio rerio
NEUR_6839,Striatum,25.38,14.98,Rattus norvegicus
NEUR_1199,Cerebellum,113.92,38.93,Rattus norvegicus
NEUR_4712,Striatum,98.9,67.83,Danio rerio
NEUR_3452,Amygdala,59.33,87.72,Danio rerio
NEUR_1881,Cerebellum,63.0,10.66,Macaca mulatta
NEUR_9342,Amygdala,38.79,30.77,Mus musculus
NEUR_1640,Hippocampus,116.05,83.53,Macaca mulatta
NEUR_3487,Thalamus,43.67,47.99,Danio rerio
NEUR_2555,Striatum,95.56,114.1,Rattus norvegicus
NEUR_6901,Striatum,2.22,50.44,Macaca mulatta
NEUR_9703,Amygdala,77.01,27.59,Danio rerio
NEUR_1115,Hippocampus,124.08,36.9,Macaca mulatta
NEUR_6560,Hypothalamus,105.36,59.13,Rattus norvegicus
NEUR_1207,Thalamus,18.92,47.37,Macaca mulatta
NEUR_3202,Hypothalamus,95.49,33.04,Rattus norvegicus
NEUR_7032,Cerebellum,76.69,101.48,Danio rerio
NEUR_6215,Cortex,88.03,52.39,Mus musculus
NEUR_3833,Striatum,77.75,72.24,Mus musculus
NEUR_1357,Amygdala,13.08,65.83,Rattus norvegicus
NEUR_8794,Amygdala,90.44,29.66,Danio rerio
NEUR_3879,Cortex,20.7,83.36,Macaca mulatta
NEUR_9276,Cortex,66.34,42.57,Macaca mulatta
NEUR_9794,Thalamus,135.27,49.8,Danio rerio
NEUR_9528,Hypothalamus,12.06,54.03,Mus musculus
NEUR_4459,Amygdala,38.14,22.33,Rattus norvegicus
NEUR_1785,Cortex,47.31,38.12,Danio rerio
NEUR_5902,Hippocampus,2.72,64.92,Rattus norvegicus
NEUR_6155,Amygdala,80.08,116.15,Danio rerio
NEUR_8373,Striatum,38.76,71.4,Mus musculus
NEUR_2647,Thalamus,94.08,41.57,Danio rerio
NEUR_6705,Amygdala,40.31,28.85,Rattus norvegicus
NEUR_3758,Striatum,95.04,85.77,Danio rerio
NEUR_7919,Cortex,94.7,117.26,Danio rerio
NEUR_4975,Hypothalamus,6.62,78.57,Macaca mulatta
NEUR_8580,Hippocampus,145.29,114.92,Danio rerio
NEUR_9013,Hypothalamus,136.98,28.08,Danio rerio
NEUR_8580,Amygdala,54.7,80.69,Mus musculus
NEUR_8463,Striatum,34.2,78.08,Mus musculus
NEUR_7179,Thalamus,134.39,102.92,Danio rerio
NEUR_7187,Cortex,90.13,28.85,Macaca mulatta
NEUR_7477,Hypothalamus,99.66,20.69,Macaca mulatta
NEUR_4159,Cerebellum,9.59,10.67,Rattus norvegicus
NEUR_1734,Amygdala,149.96,24.51,Macaca mulatta
NEUR_4892,Cortex,41.39,35.54,Mus musculus
NEUR_6825,Amygdala,93.61,106.54,Danio rerio
NEUR_8934,Hypothalamus,52.42,56.25,Macaca mulatta
NEUR_9795,Cerebellum,111.1,33.0,Mus musculus
NEUR_2634,Striatum,118.16,102.32,Mus musculus
NEUR_2624,Amygdala,53.67,39.83,Mus musculus
NEUR_9610,Hypothalamus,145.42,94.57,Rattus norvegicus
NEUR_7688,Hippocampus,44.65,111.22,Mus musculus
NEUR_3957,Hypothalamus,137.51,69.29,Danio rerio
NEUR_1773,Striatum,3.86,40.53,Macaca mulatta
NEUR_4508,Hippocampus,130.76,93.44,Mus musculus
NEUR_5173,Cerebellum,112.44,69.42,Macaca mulatta
NEUR_3250,Cerebellum,104.6,12.22,Rattus norvegicus
NEUR_9832,Hippocampus,14.04,42.4,Rattus norvegicus
NEUR_9658,Hypothalamus,101.81,93.15,Danio rerio
NEUR_4802,Thalamus,39.38,27.48,Danio rerio
NEUR_2120,Hypothalamus,20.65,90.23,Danio rerio
NEUR_8301,Hippocampus,123.45,66.17,Rattus norvegicus
NEUR_7938,Cortex,133.82,28.46,Danio rerio
NEUR_5944,Hypothalamus,144.95,114.74,Danio rerio
NEUR_1303,Thalamus,140.92,66.74,Danio rerio
NEUR_3865,Striatum,39.27,73.91,Danio rerio
NEUR_8034,Amygdala,81.23,105.64,Mus musculus
NEUR_8706,Thalamus,132.98,107.24,Danio rerio
NEUR_9430,Striatum,121.5,106.87,Macaca mulatta
NEUR_2438,Hypothalamus,128.49,115.15,Mus musculus
NEUR_2628,Hypothalamus,37.03,72.73,Danio rerio
NEUR_2351,Cerebellum,149.33,58.02,Macaca mulatta
NEUR_6847,Hippocampus,81.72,100.98,Danio rerio
NEUR_1879,Hippocampus,31.08,15.34,Macaca mulatta
NEUR_9224,Cerebellum,106.42,100.7,Mus musculus
NEUR_1216,Striatum,61.02,21.91,Macaca mulatta
NEUR_8258,Cortex,138.35,50.8,Danio rerio
NEUR_4364,Hypothalamus,12.86,84.74,Mus musculus
NEUR_5474,Hypothalamus,17.05,79.86,Rattus norvegicus
NEUR_6555,Thalamus,14.17,56.73,Mus musculus
NEUR_8136,Cortex,129.38,41.62,Mus musculus
NEUR_8936,Cortex,70.11,58.65,Rattus norvegicus
NEUR_2624,Striatum,100.51,117.24,Mus musculus
NEUR_2354,Hypothalamus,50.82,102.39,Rattus norvegicus
NEUR_9296,Thalamus,65.43,86.88,Mus musculus
NEUR_7317,Cortex,110.77,100.28,Danio rerio
NEUR_6300,Striatum,44.8,73.02,Rattus norvegicus
NEUR_9924,Striatum,85.62,80.42,Macaca mulatta
NEUR_7713,Thalamus,5.73,108.56,Macaca mulatta
NEUR_8145,Cerebellum,95.68,33.63,Mus musculus
NEUR_7644,Cerebellum,60.25,86.42,Danio rerio
NEUR_6167,Hypothalamus,1.86,101.33,Macaca mulatta
NEUR_7175,Striatum,141.9,84.13,Mus musculus
NEUR_4706,Thalamus,45.89,80.55,Rattus norvegicus
NEUR_1653,Hippocampus,114.55,108.89,Danio rerio
NEUR_6830,Cerebellum,130.93,51.13,Rattus norvegicus
NEUR_5902,Cortex,94.93,22.38,Mus musculus
NEUR_4062,Hippocampus,36.69,100.92,Rattus norvegicus
NEUR_8525,Amygdala,102.33,105.08,Macaca mulatta
NEUR_6847,Amygdala,143.32,99.61,Rattus norvegicus
NEUR_2840,Hypothalamus,97.94,30.89,Danio rerio
NEUR_7187,Striatum,20.42,96.32,Rattus norvegicus
NEUR_1687,Cortex,66.29,18.71,Rattus norvegicus
NEUR_9200,Hippocampus,32.92,78.92,Rattus norvegicus
NEUR_1320,Thalamus,106.51,29.35,Mus musculus
NEUR_1546,Striatum,34.83,36.09,Macaca mulatta
NEUR_7549,Hippocampus,101.88,107.38,Rattus norvegicus
NEUR_4565,Cerebellum,120.63,13.68,Mus musculus
NEUR_3783,Hypothalamus,78.0,17.11,Mus musculus
NEUR_9521,Hypothalamus,95.08,104.58,Rattus norvegicus
NEUR_7292,Hypothalamus,97.32,58.05,Rattus norvegicus
NEUR_6599,Hypothalamus,26.29,13.31,Macaca mulatta
NEUR_8004,Thalamus,14.47,35.72,Rattus norvegicus
NEUR_4713,Hypothalamus,79.84,78.64,Mus musculus
NEUR_5836,Thalamus,34.83,116.29,Mus musculus
NEUR_8622,Striatum,37.87,105.84,Mus musculus
NEUR_6964,Cerebellum,7.72,12.94,Rattus norvegicus
NEUR_5580,Thalamus,25.9,54.33,Rattus norvegicus
NEUR_3054,Amygdala,29.13,80.51,Macaca mulatta
NEUR_5741,Amygdala,3.95,85.93,Danio rerio
NEUR_4447,Thalamus,139.51,51.85,Macaca mulatta
NEUR_1604,Striatum,14.66,90.5,Danio rerio
NEUR_9309,Striatum,98.57,22.98,Danio rerio
NEUR_5780,Striatum,119.13,90.18,Rattus norvegicus
NEUR_2365,Striatum,66.8,45.12,Rattus norvegicus
NEUR_1163,Cerebellum,103.25,26.41,Macaca mulatta
NEUR_1002,Thalamus,51.77,96.22,Mus musculus
NEUR_3981,Hypothalamus,82.58,86.47,Mus musculus
NEUR_7035,Cerebellum,74.03,78.02,Rattus norvegicus
NEUR_9173,Hippocampus,21.04,21.52,Danio rerio
NEUR_2104,Thalamus,55.97,119.0,Danio rerio
NEUR_8377,Hippocampus,5.57,103.59,Danio rerio
NEUR_3296,Hippocampus,32.36,21.89,Macaca mulatta
NEUR_4090,Thalamus,72.6,91.19,Mus musculus
NEUR_4588,Striatum,92.81,25.56,Macaca mulatta
NEUR_8144,Cerebellum,40.08,14.57,Danio rerio
NEUR_3562,Hypothalamus,32.82,57.68,Macaca mulatta
NEUR_5741,Striatum,85.21,110.12,Danio rerio
NEUR_5604,Striatum,90.87,69.68,Rattus norvegicus
NEUR_9358,Hypothalamus,58.44,115.39,Rattus norvegicus
NEUR_5521,Cortex,120.49,76.83,Danio rerio
NEUR_4686,Amygdala,6.66,11.01,Macaca mulatta
NEUR_2805,Cerebellum,119.36,80.48,Danio rerio
NEUR_4183,Amygdala,30.56,108.32,Mus musculus
NEUR_8878,Amygdala,113.54,71.64,Macaca mulatta
NEUR_3383,Hypothalamus,128.92,40.46,Rattus norvegicus
NEUR_4279,Amygdala,66.74,52.09,Mus musculus
NEUR_2532,Hypothalamus,35.92,31.45,Rattus norvegicus
NEUR_8615,Cortex,126.62,117.01,Rattus norvegicus
NEUR_6979,Cerebellum,89.21,55.07,Danio rerio
NEUR_3352,Thalamus,97.27,62.4,Rattus norvegicus
NEUR_1221,Cerebellum,43.16,59.16,Danio rerio
NEUR_8698,Cortex,8.64,81.75,Mus musculus
NEUR_3716,Thalamus,113.0,18.46,Macaca mulatta
NEUR_7515,Amygdala,64.32,104.02,Danio rerio
NEUR_2633,Cerebellum,116.06,85.88,Macaca mulatta
NEUR_4235,Hypothalamus,131.99,54.42,Macaca mulatta
NEUR_1320,Amygdala,53.64,104.47,Danio rerio
NEUR_3443,Hippocampus,22.01,17.41,Danio rerio
NEUR_3344,Hippocampus,67.87,82.34,Mus musculus
NEUR_4783,Cerebellum,148.91,43.3,Mus musculus
NEUR_5114,Amygdala,10.48,46.89,Rattus norvegicus
NEUR_2619,Striatum,87.31,113.54,Rattus norvegicus
NEUR_5609,Cerebellum,146.76,68.28,Rattus norvegicus
NEUR_2029,Hypothalamus,45.87,29.76,Rattus norvegicus
NEUR_1330,Cerebellum,149.22,46.75,Mus musculus
NEUR_6582,Thalamus,140.94,50.71,Danio rerio
NEUR_6348,Thalamus,127.07,50.56,Rattus norvegicus
NEUR_4520,Striatum,133.08,10.0,Macaca mulatta
NEUR_7971,Cerebellum,126.75,42.15,Danio rerio
NEUR_4080,Striatum,137.13,66.42,Rattus norvegicus
NEUR_4790,Striatum,121.61,56.06,Rattus norvegicus
NEUR_7623,Hypothalamus,46.45,70.5,Rattus norvegicus
NEUR_6794,Hypothalamus,121.71,100.35,Mus musculus
NEUR_9202,Cerebellum,138.09,77.73,Rattus norvegicus
NEUR_5311,Thalamus,57.62,15.48,Macaca mulatta
NEUR_4600,Amygdala,143.66,116.39,Danio rerio
NEUR_1230,Cerebellum,106.78,26.11,Mus musculus
NEUR_6909,Hippocampus,2.41,62.92,Mus musculus
NEUR_4032,Hypothalamus,26.35,68.49,Mus musculus
NEUR_2933,Cortex,133.88,40.74,Danio rerio
NEUR_1611,Amygdala,47.24,22.88,Mus musculus
NEUR_9623,Thalamus,2.81,44.16,Macaca mulatta
NEUR_6933,Thalamus,133.98,104.96,Macaca mulatta
NEUR_6033,Thalamus,92.8,78.14,Macaca mulatta
NEUR_7176,Thalamus,139.01,72.63,Rattus norvegicus
NEUR_6034,Cortex,34.43,75.44,Macaca mulatta
NEUR_9122,Amygdala,43.65,53.44,Rattus norvegicus
NEUR_8491,Amygdala,7.17,110.44,Macaca mulatta
NEUR_9206,Cerebellum,23.8,78.64,Danio rerio
NEUR_2390,Hypothalamus,78.67,71.91,Macaca mulatta
NEUR_8618,Cortex,106.53,26.85,Danio rerio
NEUR_4590,Hypothalamus,112.6,87.65,Rattus norvegicus
NEUR_4417,Thalamus,86.02,14.05,Rattus norvegicus
NEUR_8931,Amygdala,102.83,85.55,Danio rerio
NEUR_5114,Hippocampus,39.85,75.99,Macaca mulatta
NEUR_5349,Hippocampus,139.63,69.45,Rattus norvegicus
NEUR_1759,Thalamus,80.21,112.87,Mus musculus
NEUR_7892,Thalamus,94.19,78.54,Macaca mulatta
NEUR_1364,Cortex,117.38,87.05,Macaca mulatta
NEUR_3376,Hypothalamus,11.51,89.96,Rattus norvegicus
NEUR_5940,Thalamus,121.09,47.16,Mus musculus
NEUR_4074,Striatum,65.77,42.82,Rattus norvegicus
NEUR_8276,Hypothalamus,130.2,106.8,Mus musculus
NEUR_8181,Striatum,135.2,119.14,Danio rerio
NEUR_5901,Thalamus,27.54,55.64,Mus musculus
NEUR_8768,Hippocampus,141.31,53.28,Macaca mulatta
NEUR_5372,Hypothalamus,12.79,15.58,Danio rerio
NEUR_5982,Hypothalamus,129.77,53.91,Danio rerio
NEUR_2411,Thalamus,9.42,106.39,Rattus norvegicus
NEUR_1592,Striatum,37.8,51.78,Macaca mulatta
NEUR_6408,Thalamus,41.1,110.47,Macaca mulatta
NEUR_6076,Striatum,94.53,71.33,Macaca mulatta
NEUR_4105,Cortex,71.66,29.75,Mus musculus
NEUR_7953,Hippocampus,148.66,61.6,Macaca mulatta
NEUR_7044,Hippocampus,114.03,90.36,Macaca mulatta
NEUR_4481,Cortex,87.0,49.1,Rattus norvegicus
NEUR_6139,Thalamus,48.96,54.86,Danio rerio
NEUR_3031,Thalamus,43.56,76.98,Macaca mulatta
NEUR_4653,Striatum,6.96,17.65,Rattus norvegicus
NEUR_3832,Hypothalamus,44.98,39.41,Mus musculus
NEUR_9538,Striatum,28.66,52.11,Macaca mulatta
NEUR_6135,Thalamus,149.41,111.29,Danio rerio
NEUR_1152,Hippocampus,96.55,114.83,Mus musculus
NEUR_7080,Hypothalamus,105.91,36.12,Danio rerio
NEUR_5732,Cerebellum,26.82,105.17,Danio rerio
NEUR_1976,Thalamus,44.73,64.47,Mus musculus
NEUR_6029,Thalamus,47.76,100.64,Macaca mulatta
NEUR_9150,Thalamus,80.2,79.87,Macaca mulatta
NEUR_7673,Cortex,7.81,42.6,Danio rerio
NEUR_2266,Thalamus,35.21,33.45,Danio rerio
NEUR_9208,Hippocampus,100.78,113.47,Mus musculus
NEUR_8500,Amygdala,13.14,110.66,Danio rerio
NEUR_3111,Hippocampus,121.48,104.97,Macaca mulatta
NEUR_6979,Thalamus,27.87,100.6,Mus musculus
NEUR_7417,Striatum,16.76,91.32,Danio rerio
NEUR_1538,Thalamus,139.85,38.87,Rattus norvegicus
NEUR_4844,Cerebellum,21.85,62.46,Rattus norvegicus
NEUR_2904,Hippocampus,18.06,24.8,Danio rerio
NEUR_5345,Amygdala,63.78,21.19,Danio rerio
NEUR_4964,Hypothalamus,36.18,25.56,Mus musculus
NEUR_6252,Hippocampus,75.77,63.92,Danio rerio
NEUR_2346,Cerebellum,24.5,92.35,Macaca mulatta
NEUR_8935,Amygdala,136.0,118.09,Mus musculus
NEUR_3948,Hypothalamus,6.81,41.7,Danio rerio
NEUR_5032,Thalamus,5.34,88.93,Macaca mulatta
NEUR_9160,Hippocampus,141.29,81.91,Danio rerio
NEUR_9134,Cerebellum,145.5,48.89,Mus musculus
NEUR_8987,Hippocampus,79.04,22.84,Mus musculus
NEUR_4368,Hippocampus,78.21,96.35,Rattus norvegicus
NEUR_5456,Striatum,4.09,52.34,Danio rerio
NEUR_8983,Striatum,15.85,59.93,Rattus norvegicus
NEUR_3325,Hippocampus,66.16,71.87,Mus musculus
NEUR_2967,Hypothalamus,49.86,41.88,Macaca mulatta
NEUR_8515,Thalamus,89.51,96.85,Rattus norvegicus
NEUR_2352,Hippocampus,109.73,106.24,Mus musculus
NEUR_3370,Hypothalamus,103.85,60.63,Macaca mulatta
NEUR_8907,Hypothalamus,56.6,43.16,Rattus norvegicus
NEUR_5907,Amygdala,135.36,86.22,Mus musculus
NEUR_3265,Hypothalamus,140.6,114.86,Rattus norvegicus
NEUR_3352,Amygdala,132.62,12.73,Danio rerio
NEUR_3811,Hypothalamus,52.9,47.23,Rattus norvegicus
NEUR_5704,Thalamus,100.83,33.08,Rattus norvegicus
NEUR_2949,Hypothalamus,70.34,11.77,Mus musculus
NEUR_4398,Cortex,27.53,61.04,Macaca mulatta
NEUR_9706,Striatum,27.05,111.52,Danio rerio
NEUR_4276,Cortex,1.86,57.31,Rattus norvegicus
NEUR_3353,Striatum,5.67,59.41,Macaca mulatta
NEUR_2387,Striatum,122.04,73.47,Danio rerio
NEUR_9124,Hypothalamus,28.52,105.3,Macaca mulatta
NEUR_4280,Cortex,21.94,47.66,Rattus norvegicus
NEUR_1014,Cortex,137.97,31.99,Rattus norvegicus
NEUR_7723,Cortex,13.02,54.14,Rattus norvegicus
NEUR_4810,Striatum,58.49,63.7,Rattus norvegicus
NEUR_9940,Cerebellum,45.83,16.34,Danio rerio
NEUR_1053,Cerebellum,17.58,55.98,Rattus norvegicus
NEUR_8664,Hypothalamus,24.02,80.17,Mus musculus
NEUR_5342,Hippocampus,56.12,68.68,Danio rerio
NEUR_5157,Hippocampus,92.63,58.41,Rattus norvegicus
NEUR_6679,Cortex,120.22,31.83,Danio rerio
NEUR_3142,Striatum,138.11,57.26,Rattus norvegicus
NEUR_4368,Cortex,52.42,39.94,Danio rerio
NEUR_1398,Amygdala,58.22,68.29,Rattus norvegicus
NEUR_9846,Thalamus,89.46,83.26,Mus musculus
NEUR_4710,Cerebellum,2.5,117.89,Rattus norvegicus
NEUR_9824,Amygdala,33.6,40.16,Mus musculus
NEUR_4585,Cortex,54.88,24.32,Macaca mulatta
NEUR_5140,Amygdala,7.76,31.25,Macaca mulatta
NEUR_6874,Hippocampus,143.37,91.94,Mus musculus
NEUR_3805,Cerebellum,25.94,24.56,Mus musculus
NEUR_9769,Striatum,60.32,70.07,Danio rerio
NEUR_5541,Cerebellum,113.97,73.5,Macaca mulatta
NEUR_6577,Cerebellum,78.37,41.45,Rattus norvegicus
NEUR_2736,Striatum,80.83,75.87,Rattus norvegicus
NEUR_5088,Cortex,13.95,83.87,Macaca mulatta
NEUR_5561,Striatum,79.07,91.23,Rattus norvegicus
NEUR_1131,Hippocampus,56.61,29.57,Macaca mulatta
NEUR_4064,Cortex,130.36,64.68,Mus musculus
NEUR_6309,Hippocampus,139.6,63.55,Macaca mulatta
NEUR_7313,Cortex,5.1,36.37,Danio rerio
NEUR_2548,Cortex,68.47,99.2,Danio rerio
NEUR_4324,Cortex,120.14,96.27,Mus musculus
NEUR_4553,Amygdala,51.1,58.79,Mus musculus
NEUR_6910,Striatum,3.58,88.14,Rattus norvegicus
NEUR_9080,Hypothalamus,101.54,106.84,Mus musculus
NEUR_4406,Striatum,127.34,40.14,Mus musculus
NEUR_6622,Hippocampus,49.47,86.62,Rattus norvegicus
NEUR_5943,Striatum,111.23,110.55,Mus musculus
NEUR_8516,Hippocampus,67.26,99.79,Mus musculus
NEUR_8511,Cerebellum,31.63,13.88,Macaca mulatta
NEUR_5984,Amygdala,39.11,86.13,Rattus norvegicus
NEUR_2968,Hypothalamus,114.15,18.36,Mus musculus
NEUR_5423,Amygdala,144.77,117.26,Mus musculus
NEUR_6720,Striatum,59.43,104.69,Danio rerio
NEUR_9995,Thalamus,116.67,82.44,Mus musculus
NEUR_9878,Amygdala,145.9,63.81,Macaca mulatta
NEUR_1055,Hypothalamus,3.25,97.43,Macaca mulatta
NEUR_7054,Thalamus,81.08,20.44,Mus musculus
NEUR_8564,Thalamus,137.4,36.66,Mus musculus
NEUR_8828,Hypothalamus,136.54,119.03,Danio rerio
NEUR_6308,Hypothalamus,86.59,22.03,Danio rerio
NEUR_1729,Cerebellum,40.88,65.51,Macaca mulatta
NEUR_7541,Amygdala,59.85,94.53,Mus musculus
NEUR_2461,Cerebellum,16.66,29.15,Rattus norvegicus
NEUR_3681,Thalamus,102.02,54.71,Mus musculus
NEUR_8482,Striatum,44.25,90.17,Mus musculus
NEUR_1317,Striatum,11.13,67.29,Rattus norvegicus
NEUR_7756,Cortex,15.12,91.84,Macaca mulatta
NEUR_3949,Hypothalamus,29.6,39.03,Danio rerio
NEUR_7749,Striatum,148.07,59.52,Rattus norvegicus
NEUR_4023,Hippocampus,29.47,83.56,Mus musculus
NEUR_9630,Thalamus,26.5,50.23,Macaca mulatta
NEUR_6799,Striatum,110.01,110.35,Danio rerio
NEUR_5676,Cortex,52.42,84.2,Rattus norvegicus
NEUR_6293,Cortex,14.4,119.48,Rattus norvegicus
NEUR_9430,Thalamus,76.77,42.95,Danio rerio
NEUR_2490,Thalamus,3.05,89.3,Danio rerio
NEUR_3008,Hippocampus,132.24,77.67,Danio rerio
NEUR_8950,Amygdala,68.59,114.04,Macaca mulatta
NEUR_7756,Hypothalamus,124.41,34.01,Macaca mulatta
NEUR_3228,Hippocampus,61.69,20.81,Mus musculus
NEUR_9276,Cortex,72.58,50.6,Mus musculus
NEUR_1778,Cortex,52.71,10.58,Macaca mulatta
NEUR_7017,Thalamus,114.6,74.65,Rattus norvegicus
NEUR_8859,Striatum,57.9,63.1,Mus musculus
NEUR_8029,Hippocampus,74.54,101.61,Danio rerio
NEUR_9892,Hypothalamus,24.99,76.53,Danio rerio
NEUR_6311,Cortex,118.39,71.62,Macaca mulatta
NEUR_3028,Amygdala,23.23,15.58,Danio rerio
NEUR_3403,Thalamus,112.42,97.43,Macaca mulatta
NEUR_6821,Cortex,53.75,86.37,Rattus norvegicus
NEUR_9898,Cortex,96.75,31.66,Mus musculus
NEUR_1679,Hippocampus,57.69,29.34,Mus musculus
NEUR_6346,Thalamus,37.95,53.39,Danio rerio
NEUR_1876,Cortex,121.22,84.51,Macaca mulatta
NEUR_2992,Cortex,149.06,81.92,Macaca mulatta
NEUR_2270,Hippocampus,102.35,98.61,Mus musculus
NEUR_8370,Cortex,62.8,14.08,Rattus norvegicus
NEUR_8751,Hypothalamus,143.45,11.8,Mus musculus
NEUR_7465,Thalamus,17.19,82.9,Danio rerio
NEUR_4707,Hippocampus,65.74,20.66,Mus musculus
NEUR_4198,Thalamus,55.42,17.22,Macaca mulatta
NEUR_6053,Cortex,29.36,115.1,Rattus norvegicus
NEUR_1088,Hippocampus,91.31,41.12,Danio rerio
NEUR_2171,Hippocampus,119.49,22.53,Macaca mulatta
NEUR_4339,Cortex,26.24,19.13,Macaca mulatta
NEUR_6324,Cerebellum,105.35,15.62,Danio rerio
NEUR_1428,Thalamus,24.0,105.56,Rattus norvegicus
NEUR_5325,Hypothalamus,70.52,108.78,Danio rerio
NEUR_8400,Striatum,118.31,17.09,Rattus norvegicus
NEUR_4083,Cerebellum,143.29,111.14,Rattus norvegicus
NEUR_7105,Thalamus,88.46,68.05,Danio rerio
NEUR_5558,Cortex,18.17,60.59,Danio rerio
NEUR_9812,Cerebellum,17.64,97.31,Rattus norvegicus
NEUR_7288,Hypothalamus,57.04,40.93,Macaca mulatta
NEUR_3797,Thalamus,21.32,116.98,Macaca mulatta
NEUR_9260,Thalamus,76.59,88.02,Mus musculus
NEUR_5768,Cortex,26.77,81.45,Rattus norvegicus
NEUR_7774,Cortex,24.94,50.87,Mus musculus
NEUR_2345,Amygdala,130.76,58.84,Danio rerio
NEUR_5439,Thalamus,23.47,64.17,Macaca mulatta
NEUR_9311,Cortex,53.69,77.27,Danio rerio
NEUR_4269,Cerebellum,99.14,53.97,Macaca mulatta
NEUR_2561,Cerebellum,40.16,17.79,Mus musculus
NEUR_5860,Hypothalamus,107.99,24.73,Danio rerio
NEUR_2029,Cortex,1.69,116.04,Macaca mulatta
NEUR_8840,Striatum,65.47,14.6,Rattus norvegicus
NEUR_6265,Striatum,62.31,106.62,Mus musculus
NEUR_7936,Hypothalamus,5.25,61.19,Danio rerio
NEUR_6198,Cerebellum,93.68,89.93,Mus musculus
NEUR_6743,Cerebellum,148.26,105.39,Rattus norvegicus
NEUR_1392,Hippocampus,22.18,40.65,Macaca mulatta
NEUR_8835,Striatum,8.0,22.76,Rattus norvegicus
NEUR_8121,Cortex,135.21,67.08,Danio rerio
NEUR_5748,Cerebellum,122.26,27.33,Macaca mulatta
NEUR_8417,Amygdala,69.42,32.37,Rattus norvegicus
NEUR_9842,Thalamus,118.14,27.95,Danio rerio
NEUR_5440,Striatum,51.51,54.48,Macaca mulatta
NEUR_3548,Striatum,18.17,88.29,Rattus norvegicus
NEUR_9465,Hippocampus,11.72,40.04,Macaca mulatta
NEUR_5378,Striatum,84.99,38.47,Mus musculus
NEUR_8653,Hypothalamus,3.21,113.95,Danio rerio
NEUR_8455,Cortex,64.53,71.91,Macaca mulatta
NEUR_8348,Striatum,66.56,102.17,Macaca mulatta
NEUR_5558,Cortex,77.67,11.29,Rattus norvegicus
NEUR_7021,Striatum,120.76,93.51,Macaca mulatta
NEUR_2108,Hippocampus,106.11,65.13,Mus musculus
NEUR_5436,Cerebellum,139.57,117.66,Mus musculus
NEUR_1391,Cerebellum,95.78,38.8,Danio rerio
NEUR_8406,Cortex,145.31,99.65,Rattus norvegicus
NEUR_3447,Cerebellum,44.5,102.79,Rattus norvegicus
NEUR_1738,Thalamus,63.42,42.4,Mus musculus
NEUR_6476,Hypothalamus,129.32,98.04,Mus musculus
NEUR_4184,Cortex,134.81,76.68,Rattus norvegicus
NEUR_4251,Striatum,144.58,49.84,Mus musculus
NEUR_8401,Hypothalamus,97.83,89.58,Rattus norvegicus
NEUR_4624,Hippocampus,3.68,108.14,Danio rerio
NEUR_8771,Cerebellum,137.54,119.73,Mus musculus
NEUR_9069,Hippocampus,68.78,82.07,Macaca mulatta
NEUR_1711,Hypothalamus,49.16,53.1,Mus musculus
NEUR_9992,Hippocampus,85.91,66.26,Rattus norvegicus
NEUR_9225,Striatum,40.6,81.25,Rattus norvegicus
NEUR_8086,Hypothalamus,138.9,66.85,Danio rerio
NEUR_4429,Hippocampus,102.24,10.53,Mus musculus
NEUR_8867,Cerebellum,105.26,98.7,Rattus norvegicus
NEUR_5631,Cortex,117.04,45.51,Mus musculus
NEUR_7441,Cerebellum,6.74,101.85,Danio rerio
NEUR_6569,Hippocampus,26.78,65.78,Macaca mulatta
NEUR_2919,Cortex,143.14,20.93,Macaca mulatta
NEUR_7272,Striatum,60.86,43.33,Danio rerio
NEUR_8803,Amygdala,64.5,27.59,Rattus norvegicus
NEUR_1244,Hypothalamus,32.03,31.42,Danio rerio
NEUR_7253,Hippocampus,77.51,94.08,Mus musculus
NEUR_9746,Amygdala,2.05,107.92,Danio rerio
NEUR_2912,Amygdala,79.54,44.02,Rattus norvegicus
NEUR_7824,Thalamus,140.9,22.01,Mus musculus
NEUR_8594,Amygdala,10.03,113.27,Rattus norvegicus
NEUR_5194,Cortex,60.22,23.9,Danio rerio
NEUR_6307,Thalamus,102.01,89.58,Danio rerio
NEUR_8453,Striatum,56.44,66.24,Danio rerio
NEUR_6443,Hippocampus,29.23,10.26,Rattus norvegicus
NEUR_2216,Thalamus,42.8,84.85,Mus musculus
NEUR_4345,Hypothalamus,107.44,92.59,Danio rerio
NEUR_9748,Hypothalamus,64.94,49.56,Mus musculus
NEUR_3681,Striatum,10.57,15.51,Mus musculus
NEUR_3177,Hippocampus,54.72,87.91,Rattus norvegicus
NEUR_5356,Hypothalamus,52.12,45.91,Rattus norvegicus
NEUR_2126,Amygdala,54.61,15.61,Rattus norvegicus
NEUR_7308,Thalamus,139.08,95.5,Danio rerio
NEUR_3344,Thalamus,45.09,78.68,Danio rerio
NEUR_3028,Cerebellum,83.19,66.81,Mus musculus
NEUR_8095,Striatum,26.88,83.02,Mus musculus
NEUR_6417,Hippocampus,120.18,24.85,Mus musculus
NEUR_3861,Cerebellum,83.55,14.36,Rattus norvegicus
NEUR_4357,Cerebellum,132.67,64.15,Danio rerio
NEUR_1873,Thalamus,84.14,45.83,Mus musculus
NEUR_3754,Striatum,62.9,27.43,Mus musculus
NEUR_5384,Striatum,72.55,117.66,Danio rerio
NEUR_1959,Cortex,120.8,56.92,Danio rerio
NEUR_6035,Hypothalamus,79.32,60.49,Macaca mulatta
NEUR_2876,Cortex,33.09,98.35,Mus musculus
NEUR_3837,Striatum,78.65,52.78,Mus musculus
NEUR_2024,Cortex,101.8,26.98,Danio rerio
NEUR_7155,Hippocampus,16.69,10.58,Danio rerio
NEUR_6097,Cerebellum,94.29,104.82,Danio rerio
NEUR_9919,Amygdala,29.72,102.25,Rattus norvegicus
NEUR_3902,Hippocampus,70.28,99.94,Rattus norvegicus
NEUR_6591,Cortex,92.78,11.72,Rattus norvegicus
NEUR_7563,Thalamus,110.25,101.01,Rattus norvegicus
NEUR_1802,Striatum,70.83,98.36,Mus musculus
NEUR_2947,Cortex,82.65,20.59,Rattus norvegicus
NEUR_7356,Striatum,129.67,28.62,Rattus norvegicus
NEUR_4987,Striatum,115.1,29.87,Macaca mulatta
NEUR_1561,Striatum,106.93,26.03,Danio rerio
NEUR_7685,Hippocampus,85.21,79.59,Macaca mulatta
NEUR_1740,Thalamus,52.22,93.46,Danio rerio
NEUR_4372,Hypothalamus,98.27,23.44,Mus musculus
NEUR_1956,Striatum,97.58,48.63,Rattus norvegicus
NEUR_2681,Cortex,74.52,70.39,Mus musculus
NEUR_6165,Thalamus,108.82,30.78,Mus musculus
NEUR_4899,Striatum,63.82,59.63,Danio rerio
NEUR_1941,Cortex,55.02,55.3,Danio rerio
NEUR_9661,Hippocampus,5.72,98.79,Macaca mulatta
NEUR_8144,Hippocampus,113.91,111.78,Danio rerio
NEUR_8704,Thalamus,30.14,37.66,Mus musculus
NEUR_3207,Striatum,124.67,76.05,Macaca mulatta
NEUR_3194,Cortex,65.06,117.79,Macaca mulatta
NEUR_3963,Cortex,146.29,100.72,Macaca mulatta
NEUR_9059,Hypothalamus,83.08,13.08,Danio rerio
NEUR_3175,Hippocampus,60.35,108.85,Mus musculus
NEUR_4393,Amygdala,41.16,34.23,Mus musculus
NEUR_7886,Striatum,135.93,88.74,Macaca mulatta
NEUR_5470,Amygdala,19.3,33.57,Rattus norvegicus
NEUR_6886,Hypothalamus,135.21,18.67,Mus musculus
NEUR_8997,Amygdala,81.23,87.24,Rattus norvegicus
NEUR_4537,Cerebellum,55.23,42.9,Danio rerio
NEUR_5135,Amygdala,45.49,23.22,Mus musculus
NEUR_9693,Striatum,109.67,84.9,Rattus norvegicus
NEUR_5558,Cerebellum,135.16,69.09,Rattus norvegicus
NEUR_7905,Amygdala,87.9,39.2,Danio rerio
NEUR_5283,Striatum,143.61,102.62,Danio rerio
NEUR_9323,Hippocampus,15.23,21.39,Danio rerio
NEUR_5616,Cortex,9.01,28.74,Mus musculus
NEUR_8930,Hypothalamus,125.76,21.44,Macaca mulatta
NEUR_1861,Striatum,39.39,61.56,Danio rerio
NEUR_5289,Cortex,104.32,11.0,Danio rerio
NEUR_2777,Cortex,46.54,63.07,Rattus norvegicus
NEUR_5240,Amygdala,28.27,47.93,Mus musculus
NEUR_7413,Cortex,47.81,97.7,Macaca mulatta
NEUR_4850,Cerebellum,2.38,87.79,Rattus norvegicus
NEUR_1521,Cortex,26.66,47.52,Mus musculus
NEUR_4911,Striatum,92.16,17.78,Macaca mulatta
NEUR_8050,Cortex,55.25,110.54,Macaca mulatta
NEUR_9673,Hypothalamus,122.58,37.66,Danio rerio
NEUR_7981,Hypothalamus,4.67,76.68,Macaca mulatta
NEUR_4295,Hypothalamus,136.43,75.19,Macaca mulatta
NEUR_9769,Striatum,91.0,38.86,Danio rerio
NEUR_2783,Hippocampus,80.35,61.3,Danio rerio
NEUR_9497,Thalamus,119.23,41.87,Mus musculus
NEUR_6796,Hypothalamus,101.21,89.95,Mus musculus
NEUR_6674,Striatum,3.39,41.13,Danio rerio
NEUR_8880,Striatum,89.28,39.31,Danio rerio
NEUR_1337,Striatum,105.98,11.21,Macaca mulatta
NEUR_7100,Striatum,44.97,107.75,Danio rerio
NEUR_1048,Cortex,58.94,115.45,Macaca mulatta
NEUR_4963,Cerebellum,94.27,86.47,Rattus norvegicus
NEUR_6202,Hippocampus,39.1,23.71,Macaca mulatta
NEUR_4219,Amygdala,109.12,69.7,Danio rerio
NEUR_9134,Amygdala,137.6,58.62,Danio rerio
NEUR_9816,Hypothalamus,84.35,56.74,Rattus norvegicus
NEUR_7889,Hypothalamus,7.17,90.23,Mus musculus
NEUR_7641,Hippocampus,144.23,53.93,Mus musculus
NEUR_5834,Hypothalamus,64.09,96.54,Macaca mulatta
NEUR_4423,Striatum,127.0,107.66,Mus musculus
NEUR_9743,Cerebellum,95.8,87.99,Rattus norvegicus
NEUR_4649,Hippocampus,26.85,111.67,Mus musculus
NEUR_3081,Hippocampus,121.0,110.87,Mus musculus
NEUR_9019,Cortex,106.51,90.7,Mus musculus
NEUR_3126,Cerebellum,111.11,65.75,Mus musculus
NEUR_5317,Hypothalamus,102.49,23.44,Mus musculus
NEUR_7862,Thalamus,100.68,52.01,Danio rerio
NEUR_6479,Amygdala,106.32,58.54,Rattus norvegicus
NEUR_6484,Cerebellum,57.3,107.93,Mus musculus
NEUR_2115,Cortex,27.62,67.03,Mus musculus
NEUR_3481,Striatum,14.84,84.75,Macaca mulatta
NEUR_6631,Amygdala,66.04,46.11,Danio rerio
NEUR_1957,Hippocampus,74.68,96.05,Rattus norvegicus
NEUR_1744,Cerebellum,118.65,102.38,Rattus norvegicus
NEUR_2641,Thalamus,43.79,59.28,Danio rerio
NEUR_3404,Hippocampus,125.4,72.73,Rattus norvegicus
NEUR_4907,Thalamus,133.89,60.73,Macaca mulatta
NEUR_3390,Thalamus,126.11,53.69,Rattus norvegicus
NEUR_2133,Cerebellum,63.13,51.54,Macaca mulatta
NEUR_5488,Striatum,123.56,57.84,Danio rerio
NEUR_3686,Hypothalamus,86.4,105.94,Danio rerio
NEUR_9173,Thalamus,74.94,57.27,Rattus norvegicus
NEUR_5411,Striatum,78.58,26.98,Danio rerio
NEUR_5176,Amygdala,97.8,18.99,Mus musculus
NEUR_9181,Hypothalamus,76.32,35.52,Rattus norvegicus
NEUR_2742,Amygdala,136.32,105.12,Mus musculus
NEUR_8029,Hypothalamus,91.19,22.66,Mus musculus
NEUR_4278,Amygdala,135.88,48.07,Rattus norvegicus
NEUR_9429,Cortex,63.13,93.35,Danio rerio
NEUR_7282,Cortex,147.42,39.81,Mus musculus
NEUR_2313,Cortex,1.25,38.3,Mus musculus
NEUR_7362,Cortex,24.16,102.56,Rattus norvegicus
NEUR_6910,Amygdala,89.36,61.06,Macaca mulatta
NEUR_6654,Cortex,121.21,21.85,Macaca mulatta
NEUR_3778,Cerebellum,28.61,40.71,Mus musculus
NEUR_7092,Cortex,39.98,21.76,Macaca mulatta
NEUR_4386,Thalamus,47.92,67.8,Rattus norvegicus
NEUR_9855,Cortex,86.32,119.64,Rattus norvegicus
NEUR_6877,Thalamus,60.19,77.44,Macaca mulatta
NEUR_9975,Cerebellum,130.38,114.23,Mus musculus
NEUR_6997,Hippocampus,44.79,76.94,Macaca mulatta
NEUR_3562,Hippocampus,1.8,16.19,Rattus norvegicus
NEUR_5891,Hypothalamus,30.8,10.4,Mus musculus
NEUR_5314,Cortex,4.44,100.1,Danio rerio
NEUR_2129,Amygdala,145.75,72.08,Rattus norvegicus
NEUR_5191,Striatum,134.26,17.04,Rattus norvegicus
NEUR_9667,Cerebellum,43.99,47.88,Mus musculus
NEUR_3061,Hippocampus,71.28,103.69,Danio rerio
NEUR_9636,Thalamus,18.79,115.66,Macaca mulatta
NEUR_2678,Cortex,99.83,70.76,Rattus norvegicus
NEUR_4666,Hypothalamus,81.18,51.99,Danio rerio
NEUR_3484,Thalamus,58.46,66.96,Macaca mulatta
NEUR_9125,Cerebellum,69.5,41.91,Mus musculus
NEUR_1665,Hippocampus,14.69,22.17,Macaca mulatta
NEUR_8173,Thalamus,58.34,59.08,Mus musculus
NEUR_5293,Thalamus,120.4,83.93,Macaca mulatta
NEUR_6659,Cortex,146.59,84.99,Rattus norvegicus
NEUR_2382,Striatum,42.5,70.73,Mus musculus
NEUR_3371,Hypothalamus,63.05,43.75,Rattus norvegicus
NEUR_3630,Hypothalamus,78.1,13.15,Rattus norvegicus
NEUR_9560,Cerebellum,108.31,68.77,Rattus norvegicus
NEUR_2183,Cerebellum,15.55,105.92,Rattus norvegicus
NEUR_9238,Hypothalamus,143.17,64.14,Rattus norvegicus
NEUR_9202,Amygdala,46.77,95.16,Rattus norvegicus
NEUR_2879,Amygdala,47.98,64.96,Mus musculus
NEUR_7545,Thalamus,12.59,12.74,Rattus norvegicus
NEUR_9563,Cortex,95.88,66.33,Rattus norvegicus
NEUR_2946,Cortex,84.26,96.59,Danio rerio
NEUR_2560,Cerebellum,122.36,87.04,Macaca mulatta
NEUR_2220,Cortex,113.19,22.63,Rattus norvegicus
NEUR_3667,Amygdala,107.18,18.0,Rattus norvegicus
NEUR_4162,Hippocampus,113.41,41.7,Macaca mulatta
NEUR_4573,Striatum,12.73,71.99,Mus musculus
NEUR_4406,Striatum,127.05,54.31,Mus musculus
NEUR_7229,Hippocampus,37.86,62.64,Macaca mulatta
NEUR_3826,Thalamus,42.78,35.88,Rattus norvegicus
NEUR_2779,Amygdala,58.18,101.77,Macaca mulatta
NEUR_5885,Thalamus,45.1,104.34,Rattus norvegicus
NEUR_1533,Cerebellum,111.09,90.99,Rattus norvegicus
NEUR_2056,Cerebellum,84.37,102.44,Macaca mulatta
NEUR_4386,Cerebellum,57.09,13.3,Rattus norvegicus
NEUR_5184,Cortex,74.53,103.2,Rattus norvegicus
NEUR_9722,Cerebellum,4.2,22.95,Rattus norvegicus
NEUR_3661,Hypothalamus,51.84,110.75,Rattus norvegicus
NEUR_7596,Hippocampus,33.8,85.21,Mus musculus
NEUR_3862,Striatum,109.47,48.33,Mus musculus
NEUR_4745,Hypothalamus,15.82,19.35,Rattus norvegicus
NEUR_6494,Striatum,14.74,88.29,Rattus norvegicus
NEUR_7006,Striatum,63.67,17.24,Macaca mulatta
NEUR_5482,Hypothalamus,86.91,24.1,Danio rerio
NEUR_2905,Hippocampus,50.89,78.0,Macaca mulatta
NEUR_4084,Thalamus,47.56,94.89,Danio rerio
NEUR_8764,Hippocampus,101.39,36.78,Rattus norvegicus
NEUR_6383,Hippocampus,92.09,71.57,Macaca mulatta
NEUR_1981,Thalamus,138.17,76.89,Danio rerio
NEUR_1092,Hypothalamus,106.79,89.52,Rattus norvegicus
NEUR_1640,Cortex,149.26,23.43,Rattus norvegicus
NEUR_7119,Striatum,94.95,22.77,Mus musculus
NEUR_4970,Hypothalamus,10.16,82.04,Macaca mulatta
NEUR_3607,Cerebellum,29.41,119.15,Mus musculus
NEUR_7867,Cortex,67.77,49.25,Mus musculus
NEUR_2180,Striatum,18.64,20.45,Macaca mulatta
NEUR_9510,Amygdala,95.61,104.84,Danio rerio
NEUR_5589,Cortex,71.01,79.52,Rattus norvegicus
NEUR_1277,Cortex,141.18,81.39,Macaca mulatta
NEUR_7154,Hippocampus,33.16,106.41,Rattus norvegicus
NEUR_3032,Thalamus,114.16,10.12,Danio rerio
NEUR_1293,Hypothalamus,71.87,91.0,Macaca mulatta
NEUR_9064,Amygdala,5.13,22.03,Rattus norvegicus
NEUR_9045,Hippocampus,47.72,17.43,Danio rerio
NEUR_5486,Hippocampus,147.43,112.54,Macaca mulatta
NEUR_7544,Cerebellum,114.49,68.54,Mus musculus
NEUR_9536,Striatum,14.58,59.49,Rattus norvegicus
NEUR_8491,Cortex,69.58,87.32,Rattus norvegicus
NEUR_2513,Striatum,92.96,116.43,Mus musculus
NEUR_9375,Hippocampus,147.76,40.87,Mus musculus
NEUR_7560,Cerebellum,52.8,102.35,Macaca mulatta
NEUR_3751,Hippocampus,44.55,55.47,Rattus norvegicus
NEUR_4567,Thalamus,60.53,84.75,Rattus norvegicus
NEUR_2785,Amygdala,62.04,43.92,Macaca mulatta
NEUR_8070,Hippocampus,109.66,52.87,Macaca mulatta
NEUR_1220,Thalamus,100.71,36.53,Mus musculus
NEUR_5803,Hippocampus,12.28,93.45,Macaca mulatta
NEUR_1997,Cortex,26.52,110.64,Mus musculus
NEUR_2718,Hippocampus,100.54,103.24,Rattus norvegicus
NEUR_7983,Striatum,130.71,82.35,Rattus norvegicus
NEUR_2235,Striatum,120.81,92.73,Mus musculus
NEUR_5354,Cerebellum,38.08,39.89,Danio rerio
NEUR_9894,Cortex,77.23,108.52,Macaca mulatta
NEUR_3391,Amygdala,9.9,70.91,Macaca mulatta
NEUR_3849,Cortex,112.7,55.11,Macaca mulatta
NEUR_1024,Thalamus,100.26,92.44,Macaca mulatta
NEUR_6670,Cerebellum,92.21,78.62,Mus musculus
NEUR_9265,Hippocampus,58.61,103.35,Danio rerio
NEUR_2896,Hypothalamus,46.44,86.89,Danio rerio
NEUR_6444,Striatum,19.7,105.96,Danio rerio
NEUR_2416,Cortex,136.68,27.71,Mus musculus
NEUR_7748,Striatum,56.99,13.96,Mus musculus
NEUR_6762,Thalamus,84.81,66.36,Rattus norvegicus
NEUR_9782,Cerebellum,110.97,10.83,Macaca mulatta
NEUR_6927,Amygdala,44.99,64.64,Mus musculus
NEUR_4071,Cerebellum,111.93,29.04,Rattus norvegicus
NEUR_3214,Thalamus,50.6,111.32,Mus musculus
NEUR_8672,Thalamus,118.21,48.48,Rattus norvegicus
